100
702942 592298
909441 935448
941960
849936 560435
512952 648419
930149
902733 716390
551962 643162
588169
522979 630897
991696 578229
506655
832489 894744
969119 709425
519023
664050 583227
992820 975052
904296
982739 574275
566307 679491
533176
968106 698312
783904 515288
897279
571491 779615
943630 912700
700896
704012 561658
565554 521931
520711
525263 509110
592933 574927
515746
595823 636795
600490 570716
757694
597443 863947
990985 636878
991144
810353 944568
676951 848385
502224
883208 637364
657819 874224
675573
691090 932122
552016 540271
699079
683296 966269
833701 760319
707535
755534 802076
848407 860851
958144
806225 566967
773265 743311
922622
921962 818668
658593 888047
945900
566098 668477
971522 597617
786699
975270 577846
570792 534254
581059
559416 895207
763988 847228
563439
981165 629123
682109 518851
763836
796278 939549
849011 517123
729606
633246 971106
612124 549999
644423
774791 878203
541866 985546
746635
774483 707467
616394 805857
882782
980801 518558
844061 840750
710873
849707 708302
653278 564197
729896
503703 738527
527200 553473
519663
908259 566084
935394 526482
992960
828604 605568
893236 635211
993874
680800 525385
559995 609937
805041
677578 885766
625212 977598
693772
503249 599400
741068 733270
697461
991706 744686
526186 523991
631089
731601 657551
875823 543363
642014
802517 763180
774002 629779
715665
874584 724412
853751 662269
648698
617205 937144
932242 570824
581194
836365 526140
742342 636811
872052
682380 584085
899913 825788
794594
638137 647527
942350 908466
555743
661999 605587
706969 748239
722390
881934 729513
571695 722716
849280
529047 593285
990585 918774
756443
568319 983358
981274 954426
833173
891953 583637
873953 615595
882711
791562 680531
504290 599776
561032
548674 896522
856757 673596
981147
821856 719328
920360 907788
657903
788105 595054
715195 976990
982073
878511 708880
864789 635929
550179
670365 690184
708504 547648
647156
703193 799112
548940 863376
891659
633203 750640
558713 580097
899837
550537 685058
584953 988359
512425
793416 841264
839396 945778
519926
837263 615783
543189 722683
800241
521669 624334
725121 764267
550516
841508 944597
659035 813051
778923
814019 533630
605767 728461
884449
991164 645062
512976 549960
502425
756176 595981
806204 720071
900452
892820 650188
649417 686347
741342
833433 755131
532053 596619
522772
650284 756891
601097 762867
525309
785263 840443
543287 868183
659784
896127 709315
672090 666814
516411
772188 636317
568961 782580
753187
869673 698904
727446 840184
693386
507763 943746
859545 514881
561508
533869 612474
933378 651292
696811
565854 558948
517702 954895
711486
656726 502956
672032 693865
567445
807554 898600
777972 823943
784118
605174 767987
543314 820661
648541
973452 525301
642681 511095
948040
514600 837362
773479 838704
830172
962144 520006
665324 986595
866214
586114 502910
910360 884064
512634
807514 728879
918316 565477
738945
544573 977858
553118 563943
953403
639003 711327
982341 883926
698916
936238 716041
698540 624107
911495
938980 788947
741276 727649
741424
700736 524739
704524 673210
987774
681295 851244
537470 618954
819186
857984 795672
752505 909764
861896
522270 711483
610641 640028
923557
620522 666741
794821 946956
801389
805997 747031
928517 963848
650345
794641 919957
628336 968977
823500
843234 947787
774727 806397
968027
859064 945714
932424 622717
544366
998384 957205
527372 943150
849573
960489 698622
992666 885666
929788
828448 990247
726694 704261
751383
558141 963556
737233 777757
711414
