100
4592 7243
-722032 -44725
364240
-900 -898
-689940 -13542
344578
-4500 -6477
-745044 -32469
370500
-1567 -8149
-650567 -70099
325975
-8422 -7112
-682342 -78248
338832
-5466 1255
-622362 -21185
308652
796 -6977
-700124 -56225
351324
8874 7335
-731670 -18657
370500
-6230 1600
-695270 -47680
345400
2344 -1023
-721496 -104959
365632
9635 -1810
-595021 -13552
302385
-4780 3224
-704284 -85354
352545
-2092 -5682
-728500 -70092
364629
9544 2892
-691376 -59258
351835
-8379 1084
-695259 -11756
343500
2819 -4005
-710137 -80613
358530
-333 3621
-584605 -7509
292189
2552 6183
-662068 -18441
332538
9550 3111
-714290 -76089
364080
5272 -5227
-556952 -15937
281163
7066 7479
-657554 -17145
332538
-9127 2913
-734887 -73695
364896
-3881 -9019
-640361 -21379
318300
-6491 -6353
-642491 -43433
318540
7167 7898
-553833 -3212
280555
1701 -1350
-674579 -62400
339515
-5154 5014
-679578 -6716
337263
-6106 -5935
-746202 -44575
370552
3754 -6104
-579246 -61754
292825
-4179 -779
-669459 -24979
332860
4873 -5200
-789031 -18772
397010
3351 -5222
-722649 -68472
364375
-8549 8612
-761861 21946
376715
7460 -7270
-744220 -86614
377928
699 -8461
-639525 -32629
320340
-7496 -5462
-719272 -83342
358012
-653 491
-595313 -44453
298178
6388 -636
-598412 -47228
303296
-8178 582
-843618 -13460
417779
8048 -8545
-641896 -103585
328428
-9998 -3430
-685430 -16056
337775
9481 -6500
-608279 -29820
309100
3996 -3898
-671588 -77818
339808
-9749 -782
-775349 -41462
383340
-9277 -4758
-698749 -42054
345240
-4688 8076
-704288 -52874
351125
2561 -517
-709759 -39757
356700
1089 8069
-726231 -17915
363892
-4160 67
-743312 -12569
369630
-7812 2986
-694692 -9854
343500
9885 -8814
-628259 -89622
321620
-5297 1106
-691349 -75358
345150
-5603 -6054
-670883 -18042
332694
4689 8626
-623679 -49144
315509
9448 -2475
-663152 -114309
340917
81 7015
-807279 -20361
403912
5944 7177
-534856 -14039
270608
2463 -9665
-817377 3887
409976
5643 2133
-678357 -123267
347700
-4094 -7486
-667614 -42742
332228
-9264 5069
-719184 -110815
359658
-8500 7653
-747220 -30255
369846
6040 6881
-611304 -4879
308728
-1783 -3808
-780583 -58528
390360
9597 2539
-651843 -10061
330780
-4244 8899
-576644 -35197
287048
9960 -5285
-628040 -100325
322520
-2755 6355
-768355 -19605
383020
-2773 -4123
-765973 -99043
384540
7982 -8316
-608302 -77004
310050
6515 -4181
-644245 -38759
325839
6030 -1641
-740610 10701
373371
7678 -2488
-693194 -53528
351364
-5186 4056
-717986 -58044
357750
-6901 -515
-590749 -11429
291975
9481 -2029
-757283 -28477
383610
8676 -7549
-531924 -18255
270353
-9248 -7405
-684832 -81325
339808
4802 8211
-694702 -56099
351227
-8413 -8986
-591413 -42976
291995
2319 9585
-711777 -2835
357102
-915 8708
-713715 -53392
357750
1648 7763
-791312 -46989
397424
-8284 -3226
-707164 -55066
350400
-1797 5002
-823077 -8802
410698
6714 -3067
-669990 -52347
339248
4998 -7131
-693882 -58971
350400
-4601 -7808
-644345 -67728
321272
223 7369
-676057 -28565
338617
1128 865
-610872 -111335
311100
5870 -9236
-598786 -64826
303603
-2913 9909
-586353 -22833
292179
-3690 -440
-615690 -12560
306060
-4960 -563
-730424 -78515
364820
-652 -1023
-739804 -13659
369630
-19 3445
-583019 -52205
292825
1667 1809
-579733 -62991
292500
152 936
-725312 -11466
362785
6021 5043
-670259 -20013
338372
7983 -2881
-691617 -63831
351125
