100
2773 -2883
-638747 -14655
320814
-6626 6707
-669422 -67165
333450
7262 6812
-641458 -99082
328653
2600 8186
-737496 -30454
370552
4510 7492
-568322 -25268
286884
-4952 3073
-854072 17109
424618
-753 8753
-780273 -17679
389984
-6932 -7297
-670452 -42553
332228
-8707 -7077
-672691 -19489
332050
1032 9179
-737688 -28729
369846
805 -7026
-688235 -56306
345400
4700 -4950
-611300 -63750
309400
8975 -8382
-641785 -57566
326308
-2974 -7480
-713098 -111320
358838
8506 9346
-703270 -68534
358012
-7419 -3655
-800379 -45055
397020
2515 8847
-636413 -36849
320280
9 3936
-636471 -8424
318300
9558 3723
-573442 -51927
292825
2478 3553
-634722 -45535
319544
-3328 -6666
-689380 -83130
345150
-9731 -6220
-593795 -28268
292240
4515 4034
-645085 -92734
328384
5306 -5884
-634234 -54220
320682
3465 -1371
-749847 -40701
377169
9068 9438
-632452 -2334
320814
3715 -8839
-722045 -35239
363120
-7290 -885
-655290 -119685
329400
-2617 -4422
-643705 -16406
320600
2788 8347
-762812 -17613
383020
4147 -208
-762381 -27112
383500
4405 9230
-775115 -18130
390000
1400 5678
-636600 -89362
322520
5734 5917
-787226 -7411
396536
-6223 -2934
-703903 -80694
351000
3782 -6667
-590878 -29547
297550
1274 -3909
-765254 9195
383320
1453 -4974
-675251 -42252
338865
-5141 -6358
-758453 -19692
376715
-7237 6612
-602117 -26772
297908
7057 -543
-575343 -66687
293072
6904 -349
-677496 -12049
342250
3746 -8181
-746734 -101519
378131
1844 -2643
-673116 -88113
340175
5223 3816
-567813 -18232
286730
1144 -1245
-559856 -43645
281300
2872 6877
-588728 -4839
295858
-4728 7935
-618328 -94089
311012
-6900 -6896
-732660 -33296
363120
1683 -4874
-602973 -72266
304200
-53 -9564
-702293 -34652
351344
5759 7466
-718081 -96470
365632
5001 5653
-525399 16157
265252
8134 3012
-785770 16584
397010
8215 8101
-798905 -19739
403800
3503 8473
-685537 -28139
345006
-8691 9772
-635691 -12628
313700
-2630 6202
-608326 -38726
303680
-9941 -5457
-581141 -16769
285656
6816 -3907
-645264 -63857
327415
252 8274
-638148 19574
319250
9736 299
-687944 -77461
351000
-161 7870
-572161 -46730
287300
-1862 -1222
-595910 -56862
298324
-8774 -5013
-684358 -28725
338000
-1889 -6045
-714845 -30637
356690
7448 9952
-785992 -30764
397242
2719 -6532
-592161 -39916
297908
-2634 6101
-714954 -33139
356700
6560 8581
-720760 -17403
363892
6740 -289
-608524 -67609
309468
-4614 -4889
-656694 -28185
326248
-1850 8247
-652266 -74115
327805
-1359 -629
-740079 -38537
369846
8737 -32
-666695 -72608
339660
-760 9589
-807160 -46091
404160
-889 132
-740041 -52732
370520
-2740 -9709
-655276 -57229
327132
-5823 -5965
-689823 -131365
347700
897 -8474
-710879 3694
355940
7626 -2517
-574774 -68661
293072
983 6654
-685417 -91906
346720
-5749 -1806
-644677 -47502
320280
1905 -4727
-614095 6373
308050
-9238 1092
-582070 -20532
286620
2453 -642
-611147 -78342
309250
-8567 5302
-602567 -51398
298350
-2894 -4261
-653310 -74149
327080
9681 -5454
-617415 -62064
314823
-6747 7110
-728907 -98490
364920
-3547 1650
-711547 -116070
358860
-9914 -2180
-695966 -78644
345150
-5523 6036
-682683 -6390
338637
2940 -6590
-591924 -40610
297918
-6341 -5797
-645881 -28645
319974
5298 829
-670982 -24227
338372
-7661 2965
-625421 -20355
309100
-910 -7353
-779710 -75203
390875
7478 -6794
-586122 -39494
297250
-1342 926
-699430 -11008
349095
