100
-25605 -303233
8415 -303233
297918
-11772 -294962
10700 -294962
297860
-20337 -336686
17463 -336686
331020
-25999 -322748
11801 -322748
331020
-10161 -328894
13039 -328894
336500
-20787 -300004
2877 -300004
301832
1410 -376260
13786 -376260
368212
8823 -309245
-3297 -309245
306060
-13894 -311884
23186 -311884
318540
755 -267846
11057 -267846
260151
-20735 -305441
14545 -305441
308952
-37177 -313676
19323 -313676
319850
668 -288100
11798 -288100
292189
-35926 -315825
48004 -315825
328075
-34482 -389217
33318 -389217
383820
9911 -305020
-2209 -305020
306060
-15138 -376858
24192 -376858
377169
-14312 -335335
8888 -335335
336500
12502 -310868
1160 -310868
303425
-2991 -334104
22065 -334104
338372
-44947 -356276
43645 -356276
358904
-16229 -279385
4987 -279385
270608
-17685 -304696
18225 -304696
314469
-41286 -304767
36414 -304767
309250
14926 -386189
1822 -386189
383320
-8341 -375617
4767 -375617
370330
-5136 -311016
6414 -311016
303215
-45026 -305006
56872 -305006
316251
-13238 -269294
7562 -269294
270500
-9209 -333256
2779 -333256
332694
-26095 -396782
27729 -396782
390688
-14969 -322730
8359 -322730
315036
-33379 -311126
24341 -311126
320996
-8664 -345406
3990 -345406
351177
-41740 -323444
26900 -323444
315536
8735 -303106
-3025 -303106
308728
-44740 -359199
45434 -359199
365313
-27253 -334906
7937 -334906
337467
-8142 -324509
3624 -324509
326533
9782 -323559
-1984 -323559
326533
-18282 -365658
18222 -365658
356148
-15022 -378120
23618 -378120
370552
-22380 -321767
13572 -321767
320824
-22299 -331015
26981 -331015
339248
-12268 -256650
-1968 -256650
265250
-38147 -371354
55093 -371354
371100
-21780 -354720
30060 -354720
350400
-17086 -317884
31250 -317884
320682
-9797 -310946
14747 -310946
319190
-23783 -327527
33717 -327527
331250
-11005 -288473
11027 -288473
297534
-3426 -370886
9454 -370886
370328
-37551 -293043
38749 -293043
298250
16014 -393539
2686 -393539
396536
-14326 -316589
20972 -316589
326745
-31107 -317900
14493 -317900
325300
-18515 -378883
8389 -378883
383500
-7732 -310828
3604 -310828
308932
-37568 -308740
29824 -308740
304200
-30553 -308330
14247 -308330
314000
-12375 -416779
1429 -416779
410698
9718 -375950
-2918 -375950
369630
-30128 -368592
35422 -368592
377625
-45532 -299740
33820 -299740
310180
-11335 -335298
12329 -335298
343230
-20959 -300910
24801 -300910
297880
-11784 -272882
-1484 -272882
265250
-35451 -318669
24399 -318669
314925
-10215 -420287
18105 -420287
417840
-15538 -356628
23702 -356628
356700
-18908 -355295
6148 -355295
363420
-41213 -308673
37887 -308673
320450
15107 -315974
3159 -315974
307690
8592 -379504
-4518 -379504
376941
-25247 -307874
20545 -307874
303804
-11640 -282783
21750 -282783
292401
-28365 -357127
22707 -357127
357960
-8624 -393773
4948 -393773
397010
-44069 -308375
33757 -308375
304215
-6588 -309108
5532 -309108
306060
-14084 -394721
-994 -394721
389455
-1281 -289504
9419 -289504
286250
-23604 -278490
30996 -278490
287300
-7424 -335240
16240 -335240
343230
-43062 -300486
25626 -300486
310050
-31179 -368111
45429 -368111
364896
-4157 -265445
16651 -265445
265404
-17939 -371374
34029 -371374
377216
-9042 -359769
16014 -359769
363420
-51887 -281965
34513 -281965
293200
2018 -311831
-9082 -311831
308050
96 -278432
11004 -278432
275454
-37820 -320671
33460 -320671
327672
-25118 -404130
17002 -404130
410940
-11532 -285118
-422 -285118
280555
-18260 -405497
9588 -405497
410876
-32240 -323245
38992 -323245
333370
-64600 -360861
67400 -360861
366000
-32918 -357484
30332 -357484
364375
-49657 -323891
45383 -323891
328428
