100
-350543 -60377
357457 -60377
359900
-334820 -47500
326620 -47500
334112
-297196 -15236
285204 -15236
292000
-322563 -40840
316365 -40840
322110
-335865 -8058
340415 -8058
338617
-322383 -7742
330153 -7742
326325
-377567 -3411
383713 -3411
380692
-343384 -33594
331576 -33594
338312
-335635 -24449
316053 -24449
327169
-298288 -18550
307592 -18550
303435
-350941 -56092
345059 -56092
351840
-337462 -25016
350478 -25016
344818
-325971 -37542
324789 -37542
328075
-339186 -566
322254 -566
330780
-310838 -20227
330250 -20227
321030
-391257 -26188
401703 -26188
397020
-303993 -35243
300207 -35243
304697
-291349 -35923
288651 -35923
293200
-302222 -3391
304522 -3391
303425
-373615 178
358385 178
366050
-279594 -33517
270406 -33517
276250
-338368 -13480
335552 -13480
337200
-383064 2638
395736 2638
389455
-399024 -16134
394416 -16134
396780
-340118 -27712
331882 -27712
336800
-371456 -24165
353584 -24165
362997
-340732 13908
333692 13908
337263
-363185 -35371
350479 -35371
358232
-358720 -21654
352640 -21654
356148
-309166 -36482
306434 -36482
310446
-287403 -2460
274821 -2460
281163
-360558 1833
353538 1833
357102
-368530 -14874
358350 -14874
363499
-354317 -22079
360243 -22079
357500
-313499 -1207
301765 -1207
307690
-271885 -6586
268715 -6586
270353
-309265 -9707
307019 -9707
308370
-322228 -15909
330732 -15909
326704
-350358 -18923
339114 -18923
344964
-354686 -7592
370778 -7592
362785
-312109 3365
305235 3365
308728
-310846 9029
315026 9029
312995
-390137 -18468
403303 -18468
396948
-330083 -49451
319517 -49451
328384
-281208 139
291624 139
286470
-299725 15322
284547 15322
292189
-323187 -41383
326413 -41383
328384
-312165 -38619
316155 -38619
315535
-320628 -31106
331452 -31106
327415
-294753 -5717
299247 -5717
297050
-306190 -30548
310094 -30548
310050
-343027 -34454
357893 -34454
351324
-351654 -53263
346026 -53263
353457
-328704 -40538
331296 -40538
331500
-294770 -29763
275230 -29763
287450
-335197 -62536
349203 -62536
346898
-324400 -5829
304592 -5829
314720
-315346 -62205
320654 -62205
323300
-396349 -19012
383867 -19012
390340
-344780 -13381
330804 -13381
338000
-357774 -37619
339906 -37619
351000
-376473 4205
377295 4205
376941
-319147 -31476
331269 -31476
327080
-339872 -27371
335088 -27371
338011
-378539 -29396
359221 -29396
370380
-300208 -4831
317552 -4831
309100
-303036 -12398
289764 -12398
296628
-369406 -34079
355634 -34079
363480
-327239 -21861
338041 -21861
332860
-335527 -1476
339905 -1476
337775
-318207 -17565
322245 -17565
321074
-384672 -42469
394128 -42469
390875
-369591 -68070
364809 -68070
372060
-351014 -9872
349434 -9872
350701
-424062 -8252
425538 -8252
424860
-301885 -13733
289715 -13733
295858
-328776 -24456
335208 -24456
332840
-308762 -423
307238 -423
308050
-293033 -10393
302263 -10393
297702
-357752 -26743
344048 -26743
351395
-302718 -16182
303810 -16182
303480
-393737 -13415
413383 -13415
403800
-330875 -37554
329125 -37554
331250
-318833 -10188
321391 -10188
320340
-355008 -58520
352992 -58520
358860
-316294 -979
301466 -979
308932
-377225 -8535
388855 -8535
383100
-324051 -62364
323949 -62364
329400
-358243 -6232
356537 -6232
357618
-334758 -8812
316698 -8812
325960
-359860 -20085
367692 -20085
364000
-355380 -7753
354540 -7753
355164
-305660 -18179
312100 -18179
309366
-315945 -35323
299319 -35323
310180
-349815 -3352
349785 -3352
350040
-378827 -13464
373573 -13464
376695
-315126 -42161
296874 -42161
310050
-413857 -14265
407423 -14265
410700
-347841 -28663
337599 -28663
343536
-329999 -18623
319945 -18623
325503
