100
254771 -630325
254771 -630325
154086
458926 240268
458926 240268
208136
676706 -60357
676706 -60357
681853
385173 -464538
385173 -464538
298780
530294 887955
530294 887955
52624
550765 714308
550765 714308
514871
933427 -338084
933427 -338084
140591
-323432 238837
-323432 238837
248892
160243 -265004
160243 -265004
448165
-704773 -534782
-704773 -534782
528636
-953419 -640694
-953419 -640694
302832
208979 278944
208979 278944
626523
-293655 350327
-293655 350327
274804
-155349 -742317
-155349 -742317
892534
849199 -982400
849199 -982400
605643
403531 -141555
403531 -141555
921319
305613 -713578
305613 -713578
414541
24451 -942291
24451 -942291
259825
256341 -257911
256341 -257911
680458
955625 492078
955625 492078
956038
-626147 18904
-626147 18904
110040
236184 -809198
236184 -809198
392275
-14278 590138
-14278 590138
2062
-237405 -911542
-237405 -911542
692616
-843842 -256799
-843842 -256799
646930
961232 656422
961232 656422
748728
-784204 -617978
-784204 -617978
785289
-842867 112652
-842867 112652
425375
739083 -412793
739083 -412793
629840
-11261 -733282
-11261 -733282
641074
-520796 -569472
-520796 -569472
105830
935720 171479
935720 171479
461255
-649694 528759
-649694 528759
892615
575142 134857
575142 134857
625361
-780505 -483071
-780505 -483071
976231
218835 -188895
218835 -188895
168928
-810340 417135
-810340 417135
334128
200840 -411937
200840 -411937
239006
203004 -69955
203004 -69955
519957
-483858 -182446
-483858 -182446
147427
498535 -507278
498535 -507278
460422
-641750 -44658
-641750 -44658
357175
-718105 -460272
-718105 -460272
47871
384986 388066
384986 388066
117206
913022 962743
913022 962743
47075
-965881 51960
-965881 51960
912483
898676 8006
898676 8006
867469
-131803 709926
-131803 709926
119676
393863 -514541
393863 -514541
478016
870272 955876
870272 955876
709248
499051 145302
499051 145302
800827
598847 262898
598847 262898
134534
853058 -166398
853058 -166398
314910
-646110 731695
-646110 731695
501536
906503 -538513
906503 -538513
139145
-593466 913289
-593466 913289
556646
-680577 -156041
-680577 -156041
371388
788455 811238
788455 811238
551530
-757646 -555443
-757646 -555443
489743
976727 907854
976727 907854
157860
-287428 927157
-287428 927157
355372
-993227 757789
-993227 757789
250386
-928844 96970
-928844 96970
959031
-906208 285260
-906208 285260
543145
72839 -238645
72839 -238645
270271
-293683 -116964
-293683 -116964
59094
-102466 -560963
-102466 -560963
802484
430098 54245
430098 54245
537344
-496441 472540
-496441 472540
886339
808705 909202
808705 909202
806756
182644 -33398
182644 -33398
539878
936833 864646
936833 864646
471370
-763715 -489255
-763715 -489255
836328
-49643 625634
-49643 625634
157702
-941802 462877
-941802 462877
590778
748240 -613365
748240 -613365
690180
242607 -929229
242607 -929229
369843
733912 731092
733912 731092
634976
-276269 359089
-276269 359089
570753
371217 -873627
371217 -873627
514352
-349808 -763846
-349808 -763846
692487
-197097 74666
-197097 74666
447975
311545 924372
311545 924372
409012
888644 -473661
888644 -473661
925016
389167 611790
389167 611790
349898
-280607 -503362
-280607 -503362
245133
-501905 715791
-501905 715791
387083
-393123 -261086
-393123 -261086
644908
917579 -501433
917579 -501433
642115
965483 54188
965483 54188
502751
292912 -36269
292912 -36269
749283
-108183 -580275
-108183 -580275
456231
970110 -232981
970110 -232981
615364
-876415 660165
-876415 660165
122616
-213325 -477256
-213325 -477256
703606
-267494 -265754
-267494 -265754
954447
709421 -601336
709421 -601336
734617
577025 -249350
577025 -249350
473556
-49614 -883819
-49614 -883819
309355
140443 -805914
140443 -805914
766616
