100
-621618 73704
-621618 73704
283262
-99445 180186
-99445 180186
691974
370601 785849
370601 785849
969466
-155158 456475
-155158 456475
926959
-238429 -116796
-238429 -116796
757696
192347 948007
192347 948007
548480
327202 -110179
327202 -110179
96430
826461 -868303
826461 -868303
908644
-571689 657521
-571689 657521
285784
542000 -505894
542000 -505894
281530
-11755 964645
-11755 964645
8025
-386390 829733
-386390 829733
83578
127692 -968078
127692 -968078
841442
56356 925557
56356 925557
518432
-876311 408464
-876311 408464
717201
60685 -368508
60685 -368508
834481
967258 -122036
967258 -122036
762981
961030 -730929
961030 -730929
166352
349719 56906
349719 56906
159407
-292820 377845
-292820 377845
451051
-23285 -682124
-23285 -682124
143413
-281478 872218
-281478 872218
366126
-835881 -546110
-835881 -546110
267431
6886 53473
6886 53473
493525
-655987 844065
-655987 844065
804960
7847 183036
7847 183036
562686
932097 -679004
932097 -679004
262909
60415 -909538
60415 -909538
361647
404671 997099
404671 997099
937392
533766 -794140
533766 -794140
508344
236681 -459660
236681 -459660
225147
-166981 -111208
-166981 -111208
611509
926721 -962286
926721 -962286
434228
-569163 -920782
-569163 -920782
494525
657406 -217504
657406 -217504
668008
944642 23918
944642 23918
116658
-294267 63493
-294267 63493
794090
-544476 -294802
-544476 -294802
923817
528672 -355556
528672 -355556
691898
-904162 643050
-904162 643050
664580
280470 999151
280470 999151
475487
403922 431347
403922 431347
960877
98996 -919432
98996 -919432
184179
-240646 657065
-240646 657065
60266
585226 -511004
585226 -511004
110433
-370192 880358
-370192 880358
357570
-79275 944904
-79275 944904
431589
-904807 -179415
-904807 -179415
950015
532590 -554539
532590 -554539
693323
-974006 -418221
-974006 -418221
210412
352594 348968
352594 348968
546971
-190255 986887
-190255 986887
456779
616313 -393857
616313 -393857
579291
979153 -344738
979153 -344738
387346
24587 -650669
24587 -650669
156442
-106467 245361
-106467 245361
663166
263639 308776
263639 308776
414443
-866019 -726152
-866019 -726152
395561
267 887940
267 887940
300547
590571 -728768
590571 -728768
457224
-347125 290347
-347125 290347
896742
-465007 431947
-465007 431947
887647
18380 -910124
18380 -910124
513503
881592 -916565
881592 -916565
339185
-858255 -334265
-858255 -334265
291738
251137 342981
251137 342981
897548
-938707 452721
-938707 452721
15539
-613048 17626
-613048 17626
433546
-27047 128910
-27047 128910
511339
262289 -353669
262289 -353669
384302
897884 704740
897884 704740
779779
-906536 779422
-906536 779422
901938
-6803 130497
-6803 130497
142439
723152 19750
723152 19750
100382
345889 -270158
345889 -270158
984008
-803992 -967996
-803992 -967996
531610
998949 138890
998949 138890
894864
811383 -105262
811383 -105262
485066
-735433 519384
-735433 519384
345012
-216338 918201
-216338 918201
55034
73690 56548
73690 56548
144833
917829 -312739
917829 -312739
175765
355025 -816910
355025 -816910
69173
183931 -416558
183931 -416558
143695
-181980 -27686
-181980 -27686
601657
-660515 787448
-660515 787448
105467
-957859 787923
-957859 787923
123287
-251866 211685
-251866 211685
267336
381681 875872
381681 875872
993314
-705689 72594
-705689 72594
361379
899272 24596
899272 24596
495318
-660557 80834
-660557 80834
29229
-692265 -462443
-692265 -462443
514786
374940 -342151
374940 -342151
157475
-457819 -857169
-457819 -857169
84126
-528320 -945497
-528320 -945497
405050
-624341 354581
-624341 354581
277196
779285 787648
779285 787648
745344
53691 156785
53691 156785
343292
672845 -904068
672845 -904068
220757
