1126.3856849627
304.0663644725
2211.8558026772
2216.9595358598
1293.9455051052
6.0619262020
4.3734142588
2124.9560365778
7.6130674672
1000.5486814158
5.1830240117
2164.7073091838
2169.0132460708
1389.6402456542
4.6680159562
123.4410958393
992.0983421030
1750.0800000000
2036.2460876898
9.8179599016
1336.8260384264
6.4873421047
2036.3432301369
2220.4090276256
5.4588644731
4.5804666998
969.5530275634
4.8005010677
5.7703322863
321.0032648874
2100.9199062438
4.7331463639
448.8776409122
369.8457323010
4.5316977990
4.5432353990
5.8851359778
379.5590229954
4.3941465387
87.1361341944
1081.0000000000
238.9066756137
6.6276527708
5.4830432050
7.9591937677
4.4195687781
404.3665961736
4.3739683070
6.6634620005
486.7356620977
225.2656838904
721.6218143179
2220.9673679106
1990.2377682729
48.9671254738
4.7371570314
1878.8652121767
5.1731071596
2086.9121505832
6.5824167798
4.3797821155
808.8961537729
4.5340832622
2188.9382519491
4.3714000892
261.5223294149
1515.7373666965
1902.7075098542
1043.1039391386
1753.3640384610
1849.9521242915
4.9361702128
368.0769230769
4.9950966033
2117.9744574528
1437.7246217035
74.3141088681
4.9756246579
1673.8701830491
326.7265988811
5.0578040691
60.9765833932
10.2838055935
4.6063578898
4.3747922276
1907.6836058846
428.4025504770
7.8797750595
2098.9259650629
315.0780589642
4.5569103676
49.1769088728
2151.4499229887
6.3971732319
2205.4942707804
492.8988953442
2010.7394636504
61.3123376852
1865.4001173090
192.9378138157
