92
597 343
596 403
593 451
591 481
588 497
580 537
573 570
571 579
563 609
556 635
551 651
547 663
530 709
517 730
511 739
480 783
477 787
439 837
412 865
384 887
334 913
291 933
250 951
235 956
182 972
174 974
125 981
96 985
73 988
42 992
15 995
5 996
-27 999
-76 1000
-161 989
-202 983
-245 974
-298 949
-319 922
-342 887
-346 874
-366 797
-379 739
-389 694
-394 660
-396 629
-397 611
-400 555
-403 445
-403 429
-401 349
-397 272
-390 242
-385 222
-375 188
-361 156
-338 130
-291 80
-272 64
-247 49
-229 43
-146 20
-117 13
-83 5
-31 1
0 0
23 0
126 1
221 6
233 7
268 10
288 12
301 14
341 24
391 44
421 59
439 73
459 90
466 96
497 127
512 145
516 150
538 179
559 214
567 228
568 230
585 270
590 289
591 293
593 303
595 314
596 327
87
1516 -84
1513 -64
1510 -50
1503 -19
1501 -11
1496 5
1491 17
1488 23
1473 48
1452 82
1443 96
1437 103
1429 112
1413 124
1404 130
1390 139
1371 148
1356 155
1334 164
1310 173
1247 196
1225 204
1199 212
1169 221
1136 229
1123 232
1065 245
1020 255
1005 258
994 260
971 264
894 275
833 282
809 284
778 286
673 291
596 291
586 273
561 226
539 112
536 89
528 -317
540 -397
566 -475
572 -492
657 -709
689 -709
704 -708
819 -698
860 -694
907 -689
935 -686
944 -685
970 -682
983 -680
1012 -675
1047 -668
1090 -659
1105 -655
1157 -638
1169 -634
1194 -624
1205 -619
1256 -592
1289 -574
1316 -555
1323 -550
1342 -536
1347 -532
1368 -515
1382 -503
1403 -479
1458 -414
1472 -394
1480 -379
1496 -347
1505 -328
1511 -315
1518 -297
1521 -287
1524 -272
1528 -240
1528 -217
1527 -195
1525 -163
1523 -135
1521 -118
100
-70 -16
16 77
-83 55
-99 68
-6 100
94 27
70 -30
-74 35
8 -66
-78 -22
24 2
-78 43
-77 81
-7 85
73 -84
-48 -93
1 37
-90 0
-69 98
58 44
-5 71
36 13
-50 71
-88 62
63 10
60 -62
-81 -24
89 -5
10 -26
-83 -100
-55 24
77 -95
-90 -73
-67 -70
84 -18
39 -8
75 19
-85 -86
62 -44
-42 -87
0 69
-58 -86
99 38
85 14
75 42
39 -13
-83 -78
85 -55
95 37
11 81
16 60
-59 -26
-90 64
-56 88
-30 -71
67 -83
-39 85
49 -87
-82 34
22 -92
100 -41
-71 -27
30 -29
-98 59
85 -37
-71 -100
-96 -9
-50 100
-95 -25
-9 31
-58 4
66 0
-60 -63
92 2
-55 66
-76 -9
24 54
68 1
-98 -4
-55 -65
92 4
49 100
35 28
58 -62
99 -42
-31 61
-30 -26
98 54
-30 13
-71 -87
52 -52
-33 -78
-56 62
16 -60
-83 53
9 67
-17 5
43 88
-28 64
-60 -99
