18092.1517360518
4724.7528769480
3189.2324008207
3018.8201707541
3793.9341041514
18138.0585794320
3641.3391537347
5425.5888434206
3434.9165270175
12983.8505968781
7616.7922957968
3655.3964507861
17583.5339072536
3609.7632536874
17382.4816427992
4873.2807528086
18187.2558052370
4670.3858968358
3696.4045603986
3338.7258045288
3400.4811327636
17892.0408446348
17737.2555611984
3075.6565315212
18187.2460898320
7997.1352178776
3371.9687276821
3946.5538011569
3968.0118614680
9738.4687431873
3025.3483470119
3096.1713699432
3776.4368117415
4709.5607724674
3389.5695570517
17033.9509978120
11969.1850688860
3629.3248069214
16965.2682025881
3474.4154555449
8964.7526493766
17706.9134888358
3382.5995625065
3117.0212115570
14883.1694728960
7772.6764799558
3023.8449768074
5544.1522467629
3912.7041202537
17319.8480305343
3353.1388681292
18194.6476762085
4741.2665616969
3851.9348744445
4225.0492113085
16907.1955244943
3063.0840950195
3304.3557172550
4065.3288236075
3454.1011145338
3016.7593643186
4165.6589834685
7393.6112356902
11185.9929916274
17053.7663807117
16838.5013446209
8772.5093130055
5611.3898005767
3127.6312749708
3015.4276982771
5736.1931004300
3012.4830575693
4305.3431748897
8891.1651395584
3058.0166062203
3196.5725014989
4311.9170439081
18146.9759341281
17853.1319474485
6210.4809304169
4017.4387928839
16185.7074011977
3589.9631720445
4764.4258974861
17901.0465895573
6017.3856236063
3082.5348888106
18194.7453854614
16803.9030328132
4059.8790811703
3017.2783983956
3251.0698333209
4822.8832058458
17155.1202091526
17067.0956475013
3354.6480171794
3344.0531960149
3944.9251938259
4039.6227000088
4593.0854845645
4204.4892286637
10184.1504281298
3903.7121916779
18189.9057826900
3777.8721263520
4758.3402888952
5446.9601724010
8487.4873769912
3861.7495657628
3307.2474166001
4802.7961149799
5522.6988278783
7849.7603236030
18024.0947673605
18206.9491515253
3155.6745058450
4706.0699091534
8890.2037404995
17683.3138416249
17257.2103203042
5011.4575854292
3014.3293885916
6669.0872975846
12132.5008578899
3177.8999193805
17563.9637415138
3507.9605107219
17848.5877786766
3015.6053064239
18213.1257833979
17825.7849695062
3745.9189189189
3325.9425036448
3285.0828583552
3191.8769121121
3625.5191009020
3407.8202545376
4867.6569804111
6460.6161140673
3776.5110368759
6889.2764922005
4138.2901372325
3699.9081528991
4236.0037586433
5725.1367624759
3247.3833375655
3099.5119891584
4505.9161306213
3308.4061096685
3439.1534564333
3159.9126608109
3905.1365599492
8901.9056702543
16204.1302918615
17463.7866073120
10939.1001234851
16092.4837470444
15912.0028975003
4106.1710569647
18164.5736316732
3063.1786235493
16438.8399038346
4233.2578895333
4637.2255111293
3400.5140162971
17605.5788758143
3708.6323786894
3427.3159018027
3483.8242210564
4934.3031663808
3767.8103013595
17183.3268845757
3553.7590430738
18154.6537806355
4426.5258130248
3244.6099260658
16922.4700316462
4426.7525585739
3464.0789364880
17131.0286452025
4149.8093097318
3276.7108555206
3034.4719199114
12395.1638233182
3354.2150104294
3066.9356804480
8821.4171279517
3528.7152534619
15827.9606364575
3122.3638739480
3101.1110049662
3753.2101720603
3594.9068443568
3260.9466757035
18059.1936306778
3412.9640934170
16985.7809914326
17957.6539353203
3617.6849440634
17585.2896030030
3563.2983118235
3641.9348247884
4489.3362423460
3083.2769328898
4231.5048782848
3645.4625917450
3039.3066248058
16937.6520698021
17986.5036395782
18197.2982163458
5782.0673179844
13625.5075977490
3112.5517199222
5211.8813034990
4559.7380389369
3164.7189718186
3826.2491896119
3149.5001406290
3806.5117431573
3334.6224083562
6505.3018872878
17801.5575904947
15938.4169061015
14575.5381534907
7059.5050153662
4566.4961130893
18193.0470283978
5424.3690702771
3849.8707464286
17446.2302747015
18125.0216711679
14032.9052538905
16064.8153756055
16481.6911924175
4693.9504356707
3781.2191217910
3237.6231816655
10495.9560276491
16257.4851742856
12963.7346018114
3484.2657215493
4467.9996565816
3644.1897377281
14365.3607121848
3382.5306179790
3481.0612846110
3259.1436678210
5066.0520667825
3440.9637429628
3163.6179603871
6860.1728215213
18117.9931524361
17330.1473094214
17805.3011075632
3319.9165362465
18014.1909433889
5410.5918989359
16072.3332359538
3011.5633296376
3193.0188311688
16795.9248603815
3963.6661511529
16507.3121827915
16487.4020997366
4324.0354027375
11417.6192991918
4412.7376430745
17036.1086688873
17652.8135988745
5548.1731080752
17014.7123445523
18107.6696174545
11923.7942388230
3157.7698607397
7912.5071109407
17019.6009248529
7173.4946716691
17496.1011885354
18058.3456990800
3375.5246746161
3603.4068131676
4522.2128703439
3298.6046666967
3061.6122837618
6660.5829800103
3067.0845440475
5991.9186298507
3014.5734568539
4272.0939282025
5973.5939619627
15289.3272683020
5634.4311039788
4754.2577093260
6503.3574813615
4518.1165915265
5319.7735099848
3826.0992539096
16930.4462412450
5568.8683472352
3084.5064744395
4452.0738520153
16163.4953739399
18187.3746383212
15727.8119237498
18066.4650199526
3824.6159716516
4646.3896949158
4275.6748881617
5313.5382928781
3659.5711355779
5018.3553273618
4635.9956093987
3319.9811198870
3120.0751948691
3624.7169696470
3307.1481356843
7625.1467494770
6704.6302244906
3047.1866363267
3277.3063049834
3401.5403427964
17921.4306749083
3020.3289587732
3700.5126917458
16813.2390994617
4593.7076870962
16810.9414279509
3367.9295592061
6661.0719865129
18190.9405893132
10497.7593269325
3009.8375496767
4075.7147941362
3322.8030916006
4209.7383762482
7889.2492658300
10015.9597985542
5788.1777440987
17099.1879090233
17421.8538255001
4167.0269663444
3595.7521195442
4493.9518219046
5181.4420002891
17490.5911171204
18065.8430444733
3383.2259781456
5452.0504256905
5513.4857168017
16543.1783499931
3009.8651645204
18204.7754307668
3672.4060817697
7316.5469088835
3451.4419404292
5799.2900589009
3803.8684236994
3760.7900026100
17499.8760738196
3094.6373292394
11705.4539241721
3491.6357328029
4142.0052079698
4105.1730883638
3281.8129383061
4375.8242637190
17037.4603306806
3501.9383464252
18212.7067662957
3087.1551600677
4882.2061374345
18164.5817444893
17025.1509310873
17587.6442728392
7600.1487620784
3027.8323198706
3310.3935327518
3012.4935397090
3264.8156815401
3250.9054897773
4187.6123471213
15875.5764855103
3137.0591930848
4186.9848507174
3320.1405747399
3245.9452492598
11492.0416445125
11867.0223849946
15880.9985519031
18213.1718220836
18103.5619964360
9662.1331143520
18211.4587901110
8481.3337070063
4792.3102693530
9024.1629986540
15505.4986438985
12142.1783773180
16741.6478113130
6320.4545017773
18177.2760130309
17286.3511979805
3543.3579334450
3940.2105322150
17074.2416486839
17172.4087057470
16719.0591449604
17751.9190954313
8728.1510067114
16287.7265882937
17528.0949761549
3335.6455800213
7735.2562574890
4493.0398249540
3095.0701036583
18123.2551603018
17958.7585758187
3465.7112754320
5703.4636003155
4708.0314459409
16398.1463204170
8802.6189484289
4066.9166191308
8688.7036771188
7899.6446835280
18189.4721050457
17047.6405675149
3048.6789092389
3331.2932405070
18099.2837834556
3505.1393056178
3259.9748916065
3011.9311828342
3902.6815818265
3528.2512878130
3865.7806058202
3034.0974279663
3504.5671969663
3421.7841518725
17054.0306164083
15968.5620131392
7649.7854713358
4392.5263956695
13288.6686183214
4630.2384699561
18167.2300571667
3532.8618207019
3475.7581366772
3964.1586974905
5154.0703930682
3432.1217701690
11551.4417638323
14121.5706134025
3438.1622998340
3468.0278156582
4006.2494040794
10686.6191935369
17355.3976107642
3970.1717661553
3146.2771444256
3051.8767722729
15661.7877306078
17894.3856668555
3296.0604281500
4541.2262610977
3445.1285395091
16132.7895182138
3301.4211885166
4578.2775478491
4007.9889933380
3016.1241840800
4769.1969302724
17473.7164621649
7397.3448116588
17844.9612411369
6546.9136089909
3042.6570046461
13895.0357801969
3112.7926422593
3027.9653581058
3385.2536627147
18193.5863748398
6555.5127639201
16278.5305095356
14891.0257084875
17086.7156808363
3147.5940871447
3067.1122292550
3101.2296181598
7606.7204404044
3919.2857184993
7426.7314215591
3478.7138172928
3025.7260789637
16221.0132951798
5770.0600287307
17131.3013600444
4187.8959407924
9366.1475070646
4335.3649500798
18186.5604119659
3647.3639104158
7596.5976704316
3087.3388252248
3176.9186427356
3205.4855894386
17321.4763443332
3372.6541398498
3045.0567876836
3119.8868561215
13687.2208301286
3116.6644252579
17825.2859964168
3563.9492982394
3706.7212806534
17649.3667271607
3880.8049090690
4180.0179090244
3064.2953389521
16378.5063202626
17931.1917965458
3246.6940734958
3266.2340463629
5526.6421619773
17486.7333897661
7178.2681569629
17217.1801691747
3851.3289443347
13500.8248419292
16801.4126652503
3251.1160113457
3351.1686906022
4208.3632072929
18212.8000313899
10251.6392071081
15797.9882083378
3567.1735775781
18069.0561188011
17523.5560164076
4795.3999429343
3099.7240983702
6427.7203962621
3570.8451670579
8903.7306989135
17568.0373177422
5662.5035875611
3059.8399507593
7984.2057836120
4721.4549503237
3030.0142469330
17161.7500997768
3592.2630259260
3659.7201062701
5850.4829853635
6843.5722519864
5815.1960319607
7038.9114470895
3947.4683887450
3062.3214532917
3675.4127879121
4346.1122691006
3338.6740005397
6030.0109880161
5721.8406246324
3111.8543809166
6412.4921460668
3101.3034084676
3554.0652747632
4814.6183679497
17186.8894831223
3330.0971858519
3021.0202539116
5623.7811173559
5998.2148277462
17998.8445700531
3800.1965741300
18207.1547491097
3181.9778190154
17933.5660413488
3895.0480477231
3589.2086821898
16623.0663187378
8780.0873574651
5109.4809805550
17746.6841327669
3816.5055743122
4588.7026294927
5679.2585699924
5873.1008393985
3608.9571050820
3314.5421961993
16137.2795785211
13717.4196588334
5305.2860081269
18198.3710749934
3064.1644703436
5545.8216357760
3513.8417073031
3009.9133246881
3009.8238454204
4603.1495657352
15849.9549036336
16461.2680250983
3885.8091135437
4828.5480645367
10470.0243739185
8506.4651953802
3391.3027100938
18094.5819928295
4840.4139533093
11877.9416094665
18205.0387382247
3446.4974096990
17710.4547971548
18045.8866954085
3019.6156115391
3665.7100866016
18132.9521348830
8139.7637756369
3181.0748202655
3035.9492605141
3073.9167401516
3126.1231994002
3737.6197695757
4844.1345950929
18146.8145312236
5006.3334941724
16236.3891323123
5817.2114647738
8278.2111961801
3343.5794770600
3779.4753853170
16995.9625175365
3116.7852042657
4404.7397290502
3779.0133193740
5393.5484797920
3468.4660405338
3340.1487608720
3901.6936805473
16908.2473832431
3326.5469947693
17114.2629399172
3487.5407445753
3326.8786767974
3124.8861903175
4500.5130687955
13367.3051736485
6548.5083821964
17129.0829835780
17965.6271589118
5488.0028176857
4545.9923781188
3632.1106015413
3542.3999190558
18206.5905127775
3396.9961257734
4234.5464952190
4282.4301248285
4506.6264557579
3163.7649702633
4476.3787789728
3643.7708008224
3488.0138484527
4154.2439448708
14799.1950255204
16984.5787856279
18138.5908148203
18105.7789499924
3643.3375765994
5356.2596754405
5125.3423211669
17510.5111145387
16909.1150776364
6017.9344987476
6859.5154492199
3886.7950860343
11177.6807593189
4619.7298875651
17814.1503007290
6324.4619625914
3243.1086887141
3013.6560265466
17114.0713922236
17344.8353869123
12101.2421233525
5897.7690567138
6587.2613033129
5543.2099479146
16332.4035701188
3037.1975077487
6559.7120105278
5238.4891063939
16248.6104222360
4055.1851436148
16685.7475396732
17354.5033080942
3736.7311595253
18157.1163407531
3454.4551768679
17049.5226439559
14140.8244369514
4381.2355929406
4800.5519266508
9339.2521036683
3211.8248459198
3639.8655166101
14159.6613265449
17732.3946970242
15718.3132383662
3322.0956014998
3596.3306753592
17161.7794652132
17670.7142336149
9002.4634207023
3476.9880490600
16117.7347129910
3064.4874332478
4140.4774011101
16206.1008475228
3629.7942112715
6686.5087324524
4004.7287341452
5436.9568365503
4555.5686209491
17993.7853861390
16974.1238387627
5644.4440312921
9027.9485614118
16905.4138083183
3061.3777253635
16625.4795613698
3223.7650602117
7428.7577878162
3698.4403947758
15208.9745178993
16605.6447882414
3109.0192721817
4286.5986419145
15454.3315544116
3776.6018758752
17863.3266246852
3010.5265000930
3031.1263285342
4260.7608199402
3055.6012015853
13986.6709663754
3228.8343325973
4700.2141601005
18157.8437489407
17453.5900461610
3403.3111101342
3016.1601109502
3464.2628583130
16100.3380401273
6783.5191496445
3542.7135761164
4267.5523194205
16885.0824562220
17441.2075283136
3551.1780886948
3410.5229291352
4513.7122362774
3021.8837107326
3414.3209644917
4985.0713870439
3071.9917536747
16736.6068253380
17489.7656217652
4318.4563290894
5825.0137565527
4778.3276256615
13525.7709856365
17405.9195167067
3995.3922115772
9065.4742883985
8776.4236352892
4177.5375205210
3321.9587402577
11524.7626354173
16872.0571573620
3542.4030265973
4401.4862358185
3067.7427931408
3280.3310492740
5006.9973072028
16926.8817454663
6028.9854998802
6591.6487008192
4250.0233983628
18181.8817818958
8823.5575668059
9512.3980542598
4376.6774357436
4085.8112870788
3108.3132341166
18212.8630400804
16102.7794740172
3285.0791931056
4823.5317963892
3567.6952633013
5230.0805990860
3099.0547307380
15200.6750750586
5499.7838011445
15261.4264002304
3152.8571640348
3309.9305942515
3105.8824391304
16443.0986139091
3361.8332671557
17519.7105451736
17516.9015923143
4868.4559549503
5023.1723668206
3081.9236220050
3094.0284845136
8158.2490091731
18125.2520621779
13448.1691031145
12591.6577161343
9162.7025002153
4813.2382553981
4479.9062215804
6203.2293622601
15274.3364034248
18140.5848349988
17654.4813182561
17370.6172158441
16325.9293086141
16762.0102532535
4486.6759392156
18209.2549382528
14446.4162333658
16261.2791788876
3508.4790372909
8769.2928990452
3041.4854601006
18202.8143726926
3355.1191912918
15717.9142221850
3297.5035395331
4384.7053776136
17206.1012791590
4256.0109810005
16992.9331533996
3516.4422309535
3881.1790210424
17020.2179187207
6504.5116214238
4232.6948273244
3677.5472327349
3117.5063616192
4110.5950279015
17866.3315208583
7197.2809261201
3321.5842456408
15916.9039678711
12056.8814180560
6162.1240425251
3230.3655447204
17694.4237501793
17620.8638757657
17081.2080003796
17745.8280538833
3335.2093424919
3619.5383682347
17766.6307027700
3496.9467583312
16393.1959908090
16343.4007171768
17803.1402612140
4748.8686657316
17614.3041279103
17331.3813550871
3011.6598904021
7192.9142404232
12671.7030013401
3264.7542743552
16775.8870180979
4861.3041009142
3693.6042531567
3687.8082733662
3186.0972842610
3984.9068011013
17907.9183127349
6219.8984976799
4498.1959321339
17493.4595384242
3272.1506099745
16501.3319705987
16994.2193459805
5404.8613231549
3880.9923536242
3202.7877915114
12096.7276727456
7894.0598227923
3774.9726318452
4208.8091294333
3376.8549573954
4041.2738871216
9217.1051433333
5824.4600456115
3639.7026055200
3103.3595783680
18201.3532965715
6705.3916358173
12151.7300546232
4368.6001412865
4501.3983027484
10485.4263736385
16550.6676905202
12645.7188086875
3463.2650707278
5212.2322442955
3697.6968630315
3118.8807434508
9302.5331021054
18155.3602495103
3412.6012193922
3644.3062500142
5758.2060691461
9516.2273307484
14562.7442097121
16743.9348980971
5347.8955971531
4907.6534187341
6287.1132911967
16465.2012512717
3530.8587645643
3098.2816140338
18194.8299229214
17526.1751509993
6763.7014010765
3965.0176805601
12299.7596122788
10888.1800441523
5513.4518814514
6036.4615829718
17087.8077672153
16233.3421828870
3643.0996456794
5749.4923313868
16456.6059308871
9601.8450195046
3526.4679495627
3636.2677701188
3099.3145850441
4798.0970284575
5150.9623063351
18212.8489081389
3957.2896943361
9264.1420548442
3279.8353280377
3806.0489771242
6339.4404527902
3085.6216074770
6535.1801374052
9332.3898734888
3651.5814533180
4786.7651976924
3014.0313028984
4269.9285708747
17513.5697001685
3023.3651744888
3031.0543342302
17900.4070052080
16771.8559248742
18178.8675477804
6116.2266907323
16914.0434540354
16887.0647881746
5800.5139028007
3536.1846119073
4401.8848117001
3933.7526483654
3040.6726223471
4118.2778909511
11297.2661540118
17335.2438917096
3179.9679151930
18159.8070226541
4973.8717227498
4605.2043655169
3307.4125162853
7439.4674936167
3471.1446061402
3517.4056443223
3340.2210409996
5856.9356300060
6033.6632339101
6248.5677299211
16383.3744895156
3122.7445981300
3163.9399865748
13779.2725751130
16337.3103632485
4526.4468614406
3222.6778258928
3042.6094662717
