714
-903 9874
-954 9863
-1065 9839
-1118 9827
-1135 9823
-1168 9815
-1238 9798
-1246 9796
-1331 9774
-1423 9750
-1457 9741
-1472 9737
-1494 9731
-1508 9727
-1568 9709
-1589 9702
-1633 9687
-1664 9676
-1734 9647
-1746 9642
-1765 9634
-1817 9612
-1866 9591
-1882 9584
-1923 9565
-1942 9556
-1973 9541
-1986 9534
-2040 9502
-2087 9474
-2121 9453
-2142 9440
-2166 9425
-2199 9404
-2224 9388
-2227 9386
-2240 9377
-2293 9340
-2350 9299
-2361 9291
-2422 9246
-2470 9210
-2485 9198
-2506 9181
-2520 9169
-2573 9123
-2581 9116
-2590 9108
-2601 9098
-2640 9059
-2678 9017
-2724 8966
-2745 8942
-2756 8929
-2766 8917
-2792 8885
-2820 8850
-2827 8841
-2867 8788
-2912 8728
-2925 8710
-2944 8683
-2960 8660
-2970 8645
-2991 8613
-3001 8597
-3017 8569
-3052 8501
-3078 8450
-3087 8430
-3091 8421
-3130 8332
-3145 8297
-3152 8280
-3160 8260
-3174 8223
-3209 8128
-3238 8049
-3264 7973
-3278 7930
-3290 7893
-3300 7860
-3302 7853
-3306 7838
-3313 7811
-3352 7655
-3373 7569
-3394 7475
-3404 7430
-3413 7389
-3418 7361
-3431 7287
-3449 7184
-3463 7101
-3478 7000
-3483 6966
-3494 6890
-3497 6868
-3503 6823
-3510 6756
-3514 6717
-3527 6582
-3533 6519
-3540 6442
-3548 6349
-3551 6308
-3554 6266
-3558 6202
-3562 6111
-3564 6039
-3565 5971
-3566 5842
-3566 5321
-3565 5255
-3563 5125
-3561 5057
-3560 5036
-3559 5017
-3558 4999
-3553 4910
-3552 4893
-3550 4863
-3544 4779
-3538 4698
-3534 4648
-3529 4586
-3521 4495
-3519 4474
-3517 4454
-3509 4377
-3505 4342
-3501 4309
-3492 4237
-3484 4178
-3461 4010
-3450 3930
-3444 3887
-3437 3837
-3423 3749
-3418 3718
-3417 3712
-3415 3701
-3409 3670
-3396 3605
-3384 3546
-3378 3519
-3364 3459
-3329 3312
-3320 3275
-3312 3243
-3301 3200
-3289 3156
-3265 3069
-3251 3021
-3247 3008
-3222 2928
-3216 2909
-3189 2826
-3174 2782
-3138 2677
-3111 2599
-3087 2530
-3072 2488
-3069 2480
-3051 2433
-3041 2407
-3035 2392
-3028 2375
-3023 2363
-2981 2263
-2966 2228
-2941 2171
-2928 2142
-2900 2080
-2877 2031
-2846 1965
-2835 1942
-2816 1905
-2806 1886
-2789 1854
-2775 1828
-2769 1817
-2755 1792
-2738 1762
-2726 1741
-2709 1712
-2697 1692
-2678 1661
-2670 1648
-2657 1627
-2639 1599
-2631 1587
-2626 1580
-2618 1569
-2588 1529
-2580 1519
-2559 1493
-2516 1441
-2501 1423
-2484 1403
-2423 1333
-2414 1323
-2394 1301
-2359 1265
-2309 1214
-2225 1130
-2201 1107
-2180 1087
-2162 1070
-2150 1059
-2118 1031
-2091 1008
-2085 1003
-2063 985
-2047 972
-1947 892
-1938 885
-1905 860
-1833 806
-1794 777
-1727 728
-1709 715
-1670 687
-1642 667
-1569 615
-1549 601
-1480 553
-1401 500
-1389 492
-1369 479
-1304 437
-1273 417
-1245 399
-1232 391
-1173 355
-1146 339
-1129 329
-1120 324
-1061 292
-1048 285
-994 256
-956 237
-929 224
-906 213
-893 207
-882 202
-865 195
-833 182
-773 158
-687 125
-655 113
-631 105
-615 100
-605 97
-551 83
-523 76
-500 71
-377 45
-362 42
-351 40
-271 26
-193 13
-184 12
-152 9
-130 7
-106 5
-80 3
-55 2
-28 1
0 0
148 0
228 1
307 2
407 4
454 5
496 6
537 7
573 8
672 11
702 12
731 13
815 16
869 18
917 20
960 22
1014 25
1031 26
1062 28
1077 29
1104 31
1224 40
1237 41
1274 44
1297 46
1330 49
1384 54
1441 60
1450 61
1473 64
1495 67
1531 72
1588 80
1637 87
1650 89
1669 92
1809 115
1875 126
1910 132
1927 135
1938 137
1976 144
1992 147
2023 153
2064 161
2114 171
2147 178
2231 196
2272 205
2335 219
2348 222
2398 234
2427 241
2460 249
2612 287
2674 303
2712 313
2742 321
2753 324
2781 332
2805 339
2846 351
2873 359
2910 370
2926 375
2964 387
2998 398
3139 445
3203 467
3223 474
3294 499
3311 505
3354 521
3378 530
3441 554
3496 575
3540 592
3620 624
3644 634
3663 642
3691 654
3716 665
3725 669
3736 674
3749 680
3764 687
3851 729
3943 775
3966 787
4000 805
4013 812
4042 828
4067 842
4102 862
4114 869
4160 896
4177 906
4222 933
4238 943
4255 954
4288 976
4314 994
4370 1034
4385 1045
4413 1066
4446 1091
4484 1120
4514 1143
4536 1160
4563 1181
4595 1206
4614 1221
4619 1225
4639 1242
4674 1272
4703 1297
4740 1329
4764 1350
4786 1370
4822 1403
4855 1434
4872 1450
4939 1517
4983 1563
4997 1578
5009 1591
5031 1615
5050 1636
5082 1672
5103 1696
5114 1709
5135 1734
5147 1749
5169 1777
5190 1804
5237 1865
5257 1891
5276 1916
5348 2012
5367 2038
5415 2104
5428 2122
5448 2150
5459 2166
5480 2197
5508 2239
5532 2276
5543 2293
5564 2326
5576 2345
5602 2387
5626 2427
5639 2450
5644 2459
5659 2487
5679 2525
5695 2556
5712 2589
5734 2632
5807 2778
5828 2821
5839 2846
5854 2881
5872 2924
5877 2936
5884 2953
5902 2998
5911 3021
5927 3062
5941 3098
5944 3106
5959 3147
5976 3196
5991 3240
5995 3252
6006 3286
6016 3317
6022 3336
6036 3381
6052 3433
6059 3456
6068 3486
6081 3530
6086 3547
6093 3571
6119 3662
6128 3694
6144 3751
6149 3769
6167 3838
6175 3869
6188 3920
6216 4032
6227 4077
6231 4094
6244 4151
6256 4205
6262 4233
6269 4266
6279 4314
6285 4344
6300 4422
6309 4469
6315 4502
6329 4582
6334 4611
6339 4641
6343 4666
6347 4692
6348 4699
6352 4729
6358 4777
6370 4879
6374 4915
6378 4952
6382 4990
6391 5077
6401 5177
6403 5198
6404 5210
6408 5259
6409 5273
6410 5288
6413 5334
6415 5366
6417 5400
6418 5418
6419 5437
6421 5479
6423 5523
6425 5568
6429 5672
6432 5771
6433 5841
6434 5930
6434 6205
6433 6280
6432 6336
6431 6385
6430 6432
6429 6476
6428 6498
6426 6534
6423 6582
6419 6638
6416 6668
6412 6703
6411 6711
6409 6726
6408 6733
6405 6753
6401 6779
6389 6854
6386 6872
6374 6940
6369 6968
6364 6995
6357 7029
6351 7058
6339 7113
6337 7122
6328 7161
6312 7220
6310 7227
6295 7278
6281 7325
6272 7354
6265 7376
6253 7411
6241 7443
6236 7456
6230 7471
6220 7495
6207 7526
6201 7540
6187 7572
6183 7581
6137 7677
6126 7699
6107 7736
6090 7769
6081 7786
6058 7828
6045 7851
6042 7856
6016 7899
6002 7921
5991 7938
5970 7970
5953 7995
5931 8026
5920 8041
5872 8106
5832 8160
5805 8195
5794 8209
5780 8226
5764 8245
5742 8271
5714 8304
5707 8312
5677 8345
5666 8357
5631 8395
5534 8492
5512 8513
5492 8531
5463 8557
5425 8591
5401 8612
5356 8651
5335 8669
5299 8699
5288 8708
5229 8756
5219 8764
5177 8797
5154 8815
5145 8822
5132 8832
5115 8845
5107 8851
5076 8874
5069 8879
5042 8898
4995 8931
4965 8952
4952 8961
4914 8987
4892 9002
4871 9016
4825 9046
4808 9057
4775 9078
4743 9098
4725 9109
4680 9136
4653 9152
4634 9163
4627 9167
4600 9182
4587 9189
4572 9197
4515 9227
4475 9248
4446 9263
4360 9306
4345 9313
4334 9318
4325 9322
4262 9349
4201 9375
4111 9411
4022 9445
4001 9453
3990 9457
3962 9467
3928 9479
3891 9492
3842 9509
3782 9529
3745 9541
3729 9546
3703 9554
3670 9564
3650 9570
3623 9578
3589 9588
3484 9618
3423 9635
3386 9645
3333 9659
3314 9664
3230 9686
3183 9698
3163 9703
3117 9714
3096 9719
3069 9725
2992 9742
2960 9749
2937 9754
2861 9770
2818 9779
2728 9797
2692 9804
2666 9809
2623 9817
2584 9824
2533 9833
2473 9843
2398 9855
2284 9873
2251 9878
2217 9883
2156 9891
2110 9897
1998 9911
1964 9915
1911 9921
1838 9929
1801 9933
1739 9939
1707 9942
1685 9944
1662 9946
1602 9951
1527 9957
1489 9960
1476 9961
1410 9966
1357 9970
1303 9974
1247 9978
1231 9979
1163 9983
1128 9985
1110 9986
1062 9988
1035 9989
923 9993
881 9994
834 9995
711 9997
649 9998
583 9999
487 10000
260 10000
93 9999
-35 9997
-79 9996
-117 9995
-199 9992
-220 9991
-240 9990
-306 9986
-387 9976
-394 9975
-420 9971
-455 9965
-483 9960
-549 9948
-623 9933
-772 9902
-810 9894
547
-2510 16077
-2564 16076
-2602 16075
-2634 16074
-2659 16073
-2707 16071
-2730 16070
-2775 16068
-2841 16065
-2904 16062
-2943 16060
-2980 16058
-2998 16057
-3049 16054
-3082 16052
-3144 16048
-3159 16047
-3173 16046
-3214 16043
-3240 16041
-3278 16038
-3339 16033
-3363 16031
-3397 16028
-3441 16024
-3483 16020
-3555 16013
-3645 16004
-3674 16001
-3702 15998
-3729 15995
-3797 15987
-3901 15974
-3954 15967
-3999 15961
-4062 15952
-4082 15949
-4108 15945
-4146 15939
-4171 15935
-4243 15923
-4271 15918
-4287 15915
-4324 15908
-4439 15885
-4517 15869
-4546 15863
-4570 15858
-4589 15854
-4636 15844
-4673 15836
-4733 15823
-4787 15811
-4818 15804
-4840 15799
-4866 15793
-4900 15785
-4921 15780
-4946 15774
-4975 15767
-5003 15760
-5038 15751
-5076 15741
-5125 15728
-5162 15718
-5206 15706
-5224 15701
-5259 15691
-5283 15684
-5341 15667
-5358 15662
-5415 15645
-5475 15627
-5491 15622
-5513 15615
-5621 15579
-5644 15571
-5661 15565
-5740 15537
-5827 15506
-5855 15496
-5880 15487
-5924 15471
-5988 15447
-6025 15433
-6067 15417
-6103 15403
-6131 15392
-6164 15379
-6284 15331
-6306 15322
-6335 15310
-6359 15300
-6415 15276
-6442 15264
-6462 15255
-6495 15240
-6521 15228
-6540 15219
-6734 15122
-6783 15097
-6804 15086
-6823 15076
-6866 15053
-6894 15038
-6920 15024
-6944 15011
-6977 14993
-6997 14982
-7024 14967
-7074 14939
-7090 14930
-7153 14894
-7189 14873
-7206 14863
-7241 14842
-7291 14811
-7320 14793
-7344 14778
-7363 14766
-7393 14747
-7415 14733
-7443 14715
-7460 14704
-7496 14680
-7522 14662
-7532 14655
-7580 14621
-7629 14586
-7673 14554
-7703 14532
-7759 14490
-7776 14477
-7798 14460
-7825 14439
-7860 14411
-7893 14384
-7941 14344
-7954 14333
-7968 14321
-8004 14290
-8052 14248
-8069 14233
-8087 14217
-8107 14199
-8151 14159
-8164 14147
-8178 14134
-8195 14118
-8213 14101
-8371 13943
-8401 13912
-8420 13892
-8438 13873
-8455 13855
-8470 13839
-8483 13825
-8503 13803
-8521 13783
-8545 13756
-8575 13722
-8589 13706
-8616 13675
-8642 13645
-8656 13628
-8683 13595
-8751 13510
-8770 13486
-8788 13463
-8823 13418
-8898 13318
-8909 13303
-8917 13292
-8930 13274
-8960 13232
-8988 13192
-9021 13144
-9121 12994
-9138 12968
-9149 12951
-9158 12937
-9172 12915
-9184 12896
-9189 12888
-9197 12875
-9227 12825
-9247 12791
-9254 12779
-9277 12739
-9304 12692
-9312 12678
-9325 12655
-9334 12639
-9348 12614
-9358 12596
-9369 12576
-9375 12565
-9382 12552
-9390 12537
-9399 12520
-9409 12501
-9497 12325
-9505 12308
-9519 12278
-9543 12226
-9548 12215
-9564 12179
-9575 12154
-9589 12122
-9606 12083
-9619 12053
-9622 12046
-9638 12008
-9643 11996
-9650 11979
-9667 11937
-9701 11852
-9708 11834
-9718 11808
-9736 11761
-9757 11706
-9773 11664
-9797 11600
-9816 11549
-9835 11497
-9847 11464
-9860 11428
-9865 11414
-9906 11291
-9910 11278
-9917 11255
-9926 11225
-9936 11191
-9948 11150
-9955 11126
-9965 11091
-9983 11027
-9993 10991
-10002 10958
-10012 10921
-10023 10880
-10027 10865
-10040 10816
-10046 10793
-10053 10766
-10116 10514
-10131 10449
-10139 10414
-10146 10383
-10150 10365
-10162 10309
-10166 10290
-10184 10203
-10190 10173
-10201 10117
-10211 10066
-10219 10025
-10225 9994
-10230 9968
-10237 9931
-10243 9899
-10250 9861
-10266 9773
-10271 9745
-10294 9607
-10299 9576
-10303 9550
-10307 9523
-10318 9446
-10321 9424
-10326 9387
-10330 9357
-10335 9319
-10340 9280
-10354 9168
-10359 9127
-10363 9094
-10366 9069
-10370 9035
-10376 8982
-10381 8937
-10391 8842
-10396 8792
-10400 8751
-10403 8719
-10412 8620
-10416 8572
-10417 8559
-10421 8503
-10425 8444
-10429 8384
-10431 8352
-10433 8319
-10436 8268
-10439 8214
-10441 8177
-10442 8158
-10443 8138
-10445 8096
-10446 8073
-10447 8048
-10448 8020
-10449 7990
-10450 7955
-10451 7904
-10451 7632
-10449 7576
-10442 7555
-10413 7496
-10360 7403
-10337 7366
-10331 7357
-10265 7260
-10256 7247
-10249 7238
-10220 7203
-10214 7196
-10201 7181
-10191 7170
-10149 7125
-10122 7098
-10094 7071
-10071 7050
-10045 7027
-9997 6986
-9964 6962
-9944 6948
-9928 6937
-9887 6909
-9843 6881
-9791 6849
-9645 6761
-9582 6726
-9571 6720
-9503 6688
-9478 6677
-9464 6671
-9396 6642
-9380 6636
-9353 6626
-9324 6616
-9296 6607
-9227 6585
-9182 6571
-9158 6564
-9102 6548
-9029 6531
-8988 6522
-8974 6519
-8904 6505
-8883 6501
-8851 6495
-8818 6489
-8777 6482
-8693 6468
-8565 6448
-8539 6444
-8460 6432
-8308 6410
-8272 6405
-8242 6401
-8104 6385
-8023 6376
-7829 6355
-7745 6346
-7706 6342
-7466 6318
-7375 6309
-7179 6290
-7061 6279
-6968 6271
-6839 6260
-6674 6246
-6591 6239
-6567 6237
-6542 6235
-6490 6231
-6423 6226
-6213 6213
-6098 6206
-6032 6202
-5878 6193
-5758 6186
-5740 6185
-5626 6179
-5606 6178
-5523 6174
-5502 6173
-5480 6172
-5391 6168
-5139 6157
-4930 6148
-4669 6137
-4596 6134
-4474 6129
-4424 6127
-4294 6122
-4266 6121
-4096 6115
-3975 6111
-3884 6108
-3853 6107
-3820 6106
-3720 6103
-3679 6102
-3462 6097
-3373 6095
-3207 6092
-3092 6090
-3026 6089
-2955 6088
-2660 6084
-2505 6082
-2314 6081
-2095 6080
-1843 6079
-1482 6079
-997 6113
-959 6116
-829 6150
-786 6168
-714 6210
-700 6223
-639 6298
-610 6342
-582 6400
-530 6544
-481 6684
-470 6772
-451 7024
-451 7175
-452 7482
-453 7621
-454 7735
-456 7934
-458 8094
-459 8171
-460 8245
-465 8583
-469 8807
-470 8858
-471 8905
-472 8951
-474 9042
-478 9215
-483 9428
-487 9589
-490 9692
-494 9817
-501 10015
-506 10150
-507 10176
-510 10252
-519 10433
-533 10708
-537 10782
-542 10873
-552 11048
-563 11235
-564 11251
-569 11328
-580 11494
-592 11664
-604 11822
-607 11860
-612 11923
-614 11948
-624 12070
-628 12118
-636 12212
-639 12247
-641 12270
-642 12281
-658 12440
-672 12574
-686 12707
-690 12744
-697 12805
-699 12822
-704 12864
-721 13006
-729 13072
-748 13224
-754 13269
-760 13312
-777 13431
-784 13475
-799 13566
-810 13632
-828 13738
-840 13808
-845 13837
-858 13910
-883 14044
-889 14076
-905 14159
-931 14289
-943 14348
-950 14381
-953 14395
-955 14404
-973 14484
-981 14519
-996 14584
-1018 14676
-1022 14692
-1050 14800
-1060 14836
-1070 14871
-1081 14909
-1088 14933
-1115 15023
-1142 15107
-1156 15150
-1169 15188
-1214 15303
-1227 15336
-1235 15355
-1250 15390
-1264 15422
-1330 15559
-1378 15655
-1386 15670
-1415 15721
-1431 15747
-1444 15768
-1483 15821
-1504 15847
-1513 15858
-1542 15892
-1548 15899
-1556 15908
-1575 15927
-1600 15950
-1640 15986
-1647 15991
-1686 16017
-1696 16021
-1734 16035
-1795 16052
-1839 16063
-1859 16067
-1894 16073
-1914 16076
-1961 16079
-2388 16079
-2454 16078
1000
811 -539
319 474
-686 -164
-726 199
50 948
764 -541
-120 637
655 680
-680 -316
573 139
-368 -879
-902 -554
565 -917
-596 -349
890 -276
627 848
727 -725
577 891
-57 820
-407 -157
-571 -250
336 -449
632 -935
-899 443
708 -562
-242 -620
-780 955
-650 -507
169 799
740 298
-186 58
-677 373
-637 -437
628 943
-98 126
299 -712
-21 -112
-188 848
376 -950
-587 995
951 433
356 -536
-760 959
-609 366
-28 -730
937 526
-799 41
637 632
85 538
366 -707
-802 928
741 -603
603 886
92 873
382 950
518 -32
-327 147
-872 869
230 792
-361 562
-769 65
353 976
473 286
554 180
747 -110
312 -884
351 165
911 882
-816 509
-313 75
810 751
-917 106
39 86
818 377
-993 427
-462 -114
-714 -688
830 -886
739 -386
730 585
162 638
66 -564
-196 625
-640 -749
879 -481
887 752
-815 419
956 -938
339 -993
-808 -678
-532 139
-962 833
340 474
340 -737
504 -78
-321 373
-315 -123
75 396
-905 -750
418 685
-769 -701
-41 -154
66 441
782 -627
12 331
-173 -202
814 838
-289 -808
108 948
-395 397
634 895
-557 -832
573 317
773 -475
529 -497
-842 572
285 429
-115 -345
408 -623
970 -245
-572 -731
-980 228
767 545
-85 -471
-749 -170
455 -179
-249 499
894 -465
-871 210
817 -725
704 -985
0 606
-544 579
-677 636
-153 -37
-217 937
-861 -382
-719 -874
442 331
-481 -330
-244 -505
138 403
-50 781
348 850
418 389
-844 724
-269 -34
295 521
-240 -86
-604 892
-928 -192
106 702
-326 -980
12 -96
66 -23
356 120
25 -269
56 -914
-750 -647
878 -913
-271 -17
167 -759
247 606
386 611
-68 90
753 -311
-710 -459
-377 -173
-493 878
-789 -982
23 903
333 -707
-173 -95
827 -874
515 983
-865 -256
270 -19
338 645
-241 391
413 -78
238 679
-939 864
-771 10
208 56
-934 -373
-512 237
489 228
-141 314
34 -681
-555 340
-717 404
3 340
-246 821
-810 -253
356 -228
-565 775
216 -536
695 -886
-109 440
367 -595
-109 291
-125 670
305 547
-614 317
291 716
-7 40
-396 147
739 -59
682 -404
918 -895
-211 -338
700 149
-336 -49
-564 -769
555 935
-924 643
-931 -665
-653 436
-539 -379
-485 531
566 419
921 -459
10 -154
320 52
715 464
-745 -806
396 -390
-601 -873
-976 -710
652 -222
402 -441
-65 -690
801 49
122 -519
577 876
24 604
-837 701
356 128
140 -937
-81 -561
-391 698
342 626
-150 837
-32 -425
-711 897
-862 -430
-908 -282
569 693
-379 563
-611 -129
436 296
585 -402
960 -274
40 -20
-760 794
858 -522
924 965
68 -766
-873 184
-251 188
314 -927
-697 -550
798 13
912 17
53 114
902 283
-803 -812
802 -110
355 -154
-577 -868
848 -106
989 -670
-147 -776
-362 -74
642 351
400 -964
-395 -866
508 -872
919 -588
-637 788
-552 -321
439 764
-386 378
-331 147
573 408
-410 190
254 217
-922 216
415 959
731 628
-2 -702
755 725
-398 -464
-475 -905
379 662
-203 -286
24 289
252 -19
594 584
-504 262
-712 -733
35 -319
663 -661
35 -904
837 -980
-935 -667
278 437
435 1000
-352 -495
-835 -515
528 659
474 751
-534 558
-729 443
-193 826
-419 421
-209 -500
900 634
-958 379
-977 -321
-599 795
350 -458
-508 34
-40 634
247 -717
348 570
982 -31
-267 323
368 262
998 -803
-75 -298
-885 161
-877 -743
-204 215
254 648
-365 -917
-220 -802
608 554
801 -138
414 -747
99 273
-234 787
518 925
467 538
368 -634
548 -642
-512 -217
911 936
841 844
184 -719
-987 161
455 -431
-95 865
-345 -778
-585 901
586 532
53 848
8 454
842 -307
-775 424
-191 -961
-259 480
-243 -214
168 527
-906 844
-492 -489
232 -32
-424 826
833 -724
-751 396
-383 -468
527 -548
183 -439
546 -221
915 531
-597 194
-683 -246
-762 88
-927 830
-357 309
121 321
923 71
-827 532
-876 -791
-352 368
-798 682
967 300
952 279
11 -193
852 -761
892 -601
908 370
167 -144
743 367
-482 -570
570 257
14 -821
613 172
712 -12
-523 -956
926 -713
408 -806
-213 513
101 547
964 -153
523 -110
128 -408
495 -726
-144 -420
924 37
798 -301
-437 480
474 268
423 756
-664 364
865 -951
515 -656
-935 -456
784 735
-571 -654
86 -419
883 413
214 734
-213 -617
385 211
707 -566
392 -923
-848 -25
-878 951
558 -374
-785 -405
-461 408
-82 10
51 343
-226 502
85 724
-628 9
-391 771
-541 761
371 -869
245 17
428 246
408 808
818 187
279 444
951 -984
-306 697
-455 776
-902 -712
-118 -158
-141 204
683 210
893 168
-322 474
-423 697
165 674
346 121
418 -788
174 815
-836 553
-711 291
12 -376
892 -485
-424 -147
-767 -821
-192 289
30 -294
-574 567
378 627
-922 -749
-975 86
-232 -272
217 -378
811 490
272 -141
-223 -429
-759 290
-70 -692
-472 -69
-992 323
-524 666
307 -302
903 660
52 -329
-6 -159
220 -502
-915 -176
-932 432
-596 336
-414 -987
30 183
-293 -675
-877 -436
-982 43
67 -503
-129 -206
311 -686
66 175
710 303
-951 -927
938 -743
-37 219
768 446
-982 -105
-664 -150
-540 418
497 -959
-930 -386
-356 -7
-825 501
-13 -117
-560 -85
652 -332
-975 -542
-33 613
464 -723
109 838
307 826
-943 428
57 -288
668 -376
-675 578
-570 -181
731 730
184 -66
555 351
291 -603
86 820
480 105
267 -784
-806 698
-438 504
-913 -834
554 -502
609 227
27 -582
-810 -452
122 -79
957 -359
361 512
-655 -83
-276 -517
-819 -459
-141 -424
559 -916
-625 -970
-343 150
608 328
652 971
-791 265
210 -453
-232 756
-522 -322
420 375
157 107
991 895
497 324
-697 -544
-676 302
-34 326
426 891
-818 907
547 462
-319 -503
-974 574
687 521
-821 -106
-288 734
157 220
136 -288
-824 889
-911 58
831 801
-266 -450
784 -470
30 509
713 -605
-110 80
39 -22
74 521
-193 611
26 -92
-193 -568
-575 -759
486 -715
45 605
574 944
878 830
-483 -792
-106 399
-910 935
84 -815
475 99
618 674
795 -773
-880 399
709 703
-283 583
-940 151
-149 27
-701 -770
35 -663
220 -965
105 782
-650 -779
568 205
919 452
-769 -331
497 -565
-383 -461
-89 -465
800 -757
-430 650
400 -601
790 -498
-299 21
-101 821
371 -403
738 387
-204 -47
-679 244
-509 248
-535 332
-4 380
327 450
591 -631
332 417
54 -385
513 463
86 44
-837 942
-711 -489
418 -48
-866 520
-937 -944
-144 -99
-589 -848
-415 685
-782 871
120 812
642 -40
-814 868
363 -811
-538 977
-608 649
-924 571
-637 -670
769 173
758 555
990 -186
688 -872
827 838
423 721
-617 -370
-831 -450
776 -657
-627 822
-556 -515
412 938
-293 -309
-703 488
179 325
-130 720
-501 912
145 410
824 123
947 -103
178 -192
589 -398
-113 621
-679 -967
842 996
685 -253
781 -49
663 562
-281 -578
92 681
873 284
-340 -376
95 -134
-358 -655
-807 685
-609 64
290 -648
969 -283
-118 -649
166 146
251 182
933 926
618 22
-709 258
-113 -218
701 787
30 -206
266 940
280 -924
431 -813
-926 -614
563 -414
-186 290
849 -123
-68 -768
339 680
556 786
980 420
-431 339
-617 -373
-52 -594
459 -681
36 -955
-832 875
-168 568
987 -202
788 -348
221 100
-579 994
50 -507
-341 155
-383 -337
64 -508
-211 957
-356 -706
-750 -608
865 894
-299 -322
290 -360
729 -75
974 932
921 415
308 -820
-695 -41
666 1
-850 688
553 332
-12 181
830 103
224 -809
-882 -124
-659 -627
8 -652
11 315
447 -609
-813 161
-918 312
80 188
-859 362
-81 -839
-971 -272
305 461
444 -467
887 -305
-626 835
-841 74
-441 716
16 -169
787 544
-683 -370
-710 -669
975 -51
414 -140
-182 457
-702 956
-242 -256
-760 223
-647 891
725 921
-863 415
167 -523
286 -493
-781 -755
411 370
189 271
-68 -573
812 -261
132 560
-150 -464
943 443
-59 -53
-704 -261
379 117
995 -48
-283 678
357 700
-850 396
-914 -303
-739 -943
205 -15
-572 -975
827 599
126 301
259 -261
-115 -341
561 234
486 980
90 295
-623 362
862 -754
831 48
-842 791
559 779
-217 592
662 746
-335 187
-6 -548
114 115
986 119
-451 304
-538 545
-986 -134
111 -501
-815 968
374 -632
446 -166
-653 -794
-371 -476
-935 479
-988 539
618 323
817 -896
886 196
-83 -517
735 324
-824 -982
105 190
-203 -361
484 58
755 -537
636 -988
936 -285
993 36
112 -342
-198 -207
731 -625
-20 -286
98 -649
-443 890
708 333
-731 -7
966 -923
-654 761
438 39
-415 405
491 981
588 -134
-758 -710
103 -254
-331 690
-991 -738
539 -69
601 445
395 970
-42 418
-583 351
151 468
317 -431
-360 -793
-839 881
49 -791
798 227
176 143
-225 185
887 -401
538 -853
384 -880
392 -577
-867 951
-199 815
749 -362
-357 679
202 -993
162 -878
480 -682
485 709
299 -476
542 -155
-562 119
-229 -504
-134 -853
-579 -183
511 -12
464 632
-731 -466
-83 997
-978 719
-671 -537
417 -551
264 211
488 868
435 -748
-980 -317
205 -848
711 -81
-513 -741
109 837
-845 -214
980 277
802 440
33 994
-336 -307
-637 791
272 998
-279 -886
-205 -332
-145 751
-608 346
875 -728
788 555
771 216
478 973
512 908
-197 -781
199 -770
31 8
-512 828
331 376
-62 919
-923 -143
-184 -593
961 -704
-497 681
-130 727
753 693
-93 -311
980 160
55 -171
561 601
224 297
501 393
200 -872
-320 721
-854 475
705 -574
760 -286
946 657
191 915
-163 -941
957 325
838 841
898 757
951 -158
110 -792
-244 -148
-600 -953
165 -729
936 385
-85 187
-99 487
-535 299
-497 -589
-308 -412
873 -763
-602 -473
807 350
-355 329
56 867
75 58
-717 375
701 515
923 396
-541 -331
-433 -511
-954 220
44 102
577 -979
-957 51
-904 22
320 -175
127 -384
358 -277
-383 -667
689 -45
698 -37
962 873
-871 -468
-489 -492
-842 -651
-558 -4
293 893
820 262
271 -518
-951 688
939 -695
669 855
533 865
-541 544
429 257
-360 -177
-448 938
-868 967
734 654
998 842
-484 -870
167 -836
-432 265
-435 -92
701 144
153 -840
293 508
-846 683
-234 -3
