100 3449
68 72
8 26
36 73
71 92
29 49
34 25
47 11
47 29
29 30
47 35
84 67
38 74
4 71
31 45
68 6
32 63
31 28
30 69
37 93
81 72
46 48
28 26
87 49
70 87
80 100
72 89
48 53
20 70
83 30
67 45
85 30
30 22
51 84
51 54
100 84
1 40
16 86
16 73
37 12
24 46
80 29
19 34
57 76
20 31
53 4
88 34
25 20
36 16
92 30
92 37
31 22
70 90
70 66
65 96
80 78
49 1
32 28
49 54
38 88
89 62
30 4
15 14
83 62
60 94
64 3
67 4
10 72
28 10
42 73
40 73
76 1
57 18
46 3
79 40
95 81
70 95
98 91
16 9
77 73
71 43
18 28
92 58
20 72
9 31
66 22
69 89
77 48
76 99
64 65
56 39
46 47
68 34
31 2
74 12
33 92
39 18
27 59
2 40
71 100
14 60
33 70
28 79
33 7
10 59
67 64
75 45
29 7
48 31
80 4
31 57
14 20
51 34
84 76
10 46
28 84
77 36
28 52
86 89
28 30
43 64
32 86
98 60
80 75
17 37
76 15
33 24
94 36
55 32
30 34
42 37
65 32
90 54
45 78
52 51
93 67
30 52
81 49
64 50
76 83
20 66
61 97
42 61
51 57
82 18
69 72
81 43
87 6
81 44
23 74
31 5
43 48
72 87
81 74
90 88
33 45
69 31
55 36
30 91
37 74
78 65
75 44
28 36
5 37
36 6
68 38
4 15
49 71
20 97
26 49
38 56
53 58
15 46
51 46
19 22
83 16
14 92
13 56
12 40
7 36
84 87
77 87
35 10
65 71
12 70
35 76
84 19
5 46
38 54
6 45
37 34
44 22
84 77
28 43
99 69
19 98
13 61
82 50
90 92
74 7
93 81
91 76
95 85
48 79
73 94
47 86
29 66
38 79
78 22
12 84
32 67
89 50
84 38
34 94
5 99
84 94
71 25
70 62
89 60
89 34
56 93
73 80
35 38
94 70
67 35
68 89
60 67
62 64
81 23
67 51
65 55
72 98
37 21
45 7
30 43
17 10
97 37
61 99
1 91
71 95
49 40
77 9
82 90
12 98
29 55
68 18
76 74
48 17
35 11
47 61
33 44
31 6
32 75
69 42
16 30
33 22
82 65
21 68
87 16
61 93
91 56
79 43
77 49
65 29
64 32
58 69
47 36
50 22
79 90
7 79
45 80
97 99
87 31
38 42
2 91
87 48
80 22
62 35
30 38
49 39
95 22
75 65
51 7
15 39
94 14
50 15
23 30
30 50
10 62
50 60
40 75
19 20
67 48
21 53
51 59
89 10
67 14
8 6
24 11
92 69
89 77
38 6
34 40
80 2
70 65
2 29
81 53
91 73
54 45
43 93
100 83
84 44
51 81
83 74
13 60
70 4
41 50
15 100
8 84
67 95
12 91
18 90
43 40
63 62
24 35
87 19
64 45
92 55
58 88
39 69
63 6
29 50
54 11
59 93
12 44
26 24
84 33
27 83
37 28
61 41
66 24
55 45
73 29
1 53
47 78
44 4
79 65
31 72
92 99
80 35
55 62
91 38
60 37
36 88
79 41
89 58
53 32
44 8
96 68
12 64
57 85
98 18
64 48
8 10
81 55
78 27
24 78
9 99
51 21
93 23
43 78
50 42
62 7
92 61
92 20
87 83
49 59
32 37
92 63
80 12
44 64
87 65
32 10
24 9
44 70
25 9
44 67
91 3
69 11
32 13
69 57
40 29
14 98
97 79
69 16
78 93
92 38
76 36
22 82
68 53
38 48
89 20
45 47
62 27
50 56
85 83
77 41
57 28
40 100
26 50
14 87
33 34
27 11
89 4
37 99
71 30
87 50
16 96
42 49
24 72
13 25
38 86
12 6
71 5
38 66
60 97
7 61
86 98
81 6
70 88
86 65
34 49
63 84
74 94
72 71
28 83
9 93
98 83
66 6
83 65
63 47
5 11
91 86
19 36
55 22
10 58
9 3
61 1
93 52
57 78
39 41
15 93
16 85
62 9
6 39
71 75
35 77
91 81
100 33
43 56
69 77
11 26
39 71
26 9
57 71
72 45
91 47
52 35
89 46
4 18
93 8
3 70
55 17
92 97
86 23
39 97
42 95
31 19
12 4
71 44
50 61
16 98
56 94
27 56
73 64
6 92
89 28
84 54
78 13
92 78
52 29
54 96
37 43
14 96
60 36
70 55
18 75
18 13
22 97
68 97
51 47
48 18
14 46
66 33
33 4
67 97
42 64
56 77
76 70
26 86
59 29
43 46
69 84
51 6
47 64
9 47
39 67
64 52
44 56
61 95
29 85
75 64
6 100
92 7
10 36
9 64
30 68
69 49
17 58
9 34
87 28
39 23
61 87
44 92
54 32
29 94
38 50
89 97
46 55
83 55
53 3
47 53
25 39
80 36
14 23
21 78
95 15
87 96
6 56
11 50
42 28
37 86
52 17
31 89
31 41
12 18
52 46
56 88
84 81
65 57
70 28
86 49
79 29
65 31
66 16
18 69
2 89
69 97
52 27
17 73
7 37
31 64
41 34
82 51
59 2
91 35
48 32
100 12
30 18
65 44
9 6
52 18
75 15
83 2
79 86
52 63
98 15
28 33
44 17
62 81
23 60
6 34
29 35
81 66
84 72
87 44
79 23
4 100
66 64
3 33
40 30
57 3
93 21
38 96
65 22
41 69
89 88
26 10
65 28
99 25
94 92
24 29
95 57
78 33
95 30
88 64
49 50
65 42
87 68
89 90
4 32
61 69
29 8
31 10
54 77
44 43
42 36
61 14
13 85
66 77
57 67
5 85
40 9
85 82
8 89
97 9
42 83
31 44
67 43
84 53
61 17
22 58
64 82
45 35
26 19
68 42
7 6
34 50
58 36
83 72
29 75
95 31
63 72
43 26
70 52
18 8
52 40
3 30
11 14
58 39
16 56
4 11
73 96
80 17
47 55
49 58
69 20
57 12
22 26
52 54
94 39
10 54
84 97
79 100
24 68
58 24
92 31
32 81
16 71
42 62
27 4
91 21
72 28
28 54
98 20
42 12
41 90
55 89
25 74
6 70
44 42
55 51
4 42
20 22
45 44
92 24
95 58
59 53
24 89
8 62
56 73
37 81
18 41
84 49
37 57
73 54
5 34
76 17
88 69
22 52
74 5
84 29
63 53
57 80
28 9
87 99
87 2
64 53
37 51
64 81
39 40
32 16
36 4
8 72
10 29
52 74
31 14
10 15
60 81
2 35
2 15
12 53
73 81
66 83
79 94
10 23
68 23
95 6
4 64
83 58
8 9
98 94
46 80
67 54
52 8
45 23
66 96
68 67
30 84
44 6
40 17
62 31
42 8
85 60
54 14
36 35
46 4
67 99
69 9
46 53
23 67
22 60
74 61
21 1
67 53
73 9
99 74
70 100
58 3
78 75
65 39
62 58
77 95
12 48
17 63
40 91
31 11
93 44
39 13
23 35
30 20
54 21
76 92
25 54
15 73
41 30
98 40
87 35
100 21
20 13
24 34
85 51
43 38
84 47
62 40
14 50
11 100
56 69
58 78
27 71
21 47
22 56
33 14
47 23
16 22
8 46
67 88
17 54
92 50
59 21
81 16
31 76
76 4
32 82
42 76
3 23
74 32
64 15
46 58
35 15
1 83
85 88
35 78
42 19
90 65
27 32
57 11
87 18
78 12
31 98
85 72
74 55
41 97
40 37
79 46
79 25
10 100
48 23
6 18
47 18
80 81
46 84
92 68
72 51
7 89
75 36
19 18
59 3
58 76
50 32
6 26
54 75
61 78
53 73
49 28
92 79
2 26
20 83
52 80
78 30
76 96
38 8
31 40
20 74
41 9
36 39
4 55
68 61
86 80
78 72
78 32
83 71
77 94
80 30
70 23
13 83
73 47
25 89
64 7
47 56
72 65
99 40
52 23
29 5
16 65
19 85
25 69
29 92
75 3
80 59
96 40
77 67
96 19
56 2
81 7
21 15
18 99
60 35
55 57
66 15
86 48
35 85
39 90
76 60
33 42
75 12
11 65
46 37
28 53
77 61
88 92
17 93
8 4
51 28
29 26
56 32
13 14
8 30
7 22
54 47
92 28
64 30
74 62
90 97
51 45
43 2
89 84
72 96
59 72
49 4
57 9
9 37
87 56
16 77
42 70
83 40
54 16
65 98
32 80
32 69
22 89
78 39
47 92
99 65
98 48
11 62
30 72
45 17
41 38
74 19
51 66
12 11
99 29
82 61
33 58
91 65
47 2
23 59
89 93
44 58
9 48
6 64
83 64
33 31
13 76
12 2
92 59
35 61
39 5
73 51
39 66
39 81
97 40
31 59
46 54
91 18
28 46
24 64
84 80
38 10
35 3
8 67
85 94
92 5
49 91
13 29
29 86
54 24
41 13
57 62
5 15
96 32
33 13
21 64
89 12
87 37
41 74
28 6
74 17
61 64
6 55
85 61
32 98
37 80
33 48
72 86
66 75
25 15
56 97
42 27
51 14
22 32
43 76
1 7
49 30
57 1
11 1
63 44
87 75
15 26
21 43
85 58
8 54
31 39
34 42
33 71
22 6
100 75
99 11
2 27
61 71
78 8
32 8
87 74
11 84
72 34
41 51
12 3
4 73
36 56
73 23
80 47
57 34
23 41
25 84
99 60
51 13
40 63
47 57
47 17
44 76
60 88
56 3
7 52
70 67
86 22
79 24
79 67
11 73
37 26
15 29
38 95
87 8
11 32
77 25
82 37
37 76
2 22
4 92
39 85
62 78
53 22
45 12
56 67
30 58
84 27
47 22
25 30
86 57
99 77
31 80
51 100
65 63
89 56
49 95
14 99
82 66
79 17
61 94
32 14
76 30
64 71
12 71
88 71
75 26
97 25
1 65
93 86
33 79
8 73
39 86
25 6
71 22
80 87
99 49
61 57
42 1
60 29
27 49
6 58
92 49
8 98
35 94
73 79
46 59
11 22
68 60
82 98
43 98
16 14
66 11
26 39
72 14
86 59
85 69
11 95
26 36
50 73
100 49
56 75
73 10
65 7
82 76
10 37
1 45
58 65
43 62
54 4
63 64
48 89
38 70
46 56
82 39
61 25
36 67
22 96
11 93
27 81
87 57
60 58
2 46
46 70
55 52
54 35
73 85
68 39
63 28
69 71
78 90
56 24
26 38
65 2
86 30
82 68
1 30
20 94
54 20
77 65
14 88
69 87
46 44
93 75
26 95
89 57
5 51
7 28
13 19
51 89
33 80
38 94
65 45
42 41
63 42
26 16
23 77
72 80
59 44
34 56
91 32
85 75
63 73
30 77
54 15
45 18
16 78
59 52
31 82
91 72
33 85
79 77
95 94
53 91
16 23
42 10
55 91
89 40
45 40
48 24
19 39
82 29
71 3
47 49
20 73
8 65
72 32
48 95
82 84
37 88
95 35
68 32
35 18
97 14
18 7
96 81
74 82
1 51
84 62
15 96
15 17
94 78
99 41
81 3
83 81
76 62
40 38
52 21
49 52
12 52
18 96
1 67
59 87
57 33
93 38
32 71
48 5
86 18
28 98
61 8
82 38
15 6
100 38
77 64
42 77
87 85
27 54
78 55
27 64
43 91
30 94
93 2
40 95
44 35
87 47
63 80
84 96
97 6
32 34
52 65
82 83
60 49
53 23
18 92
17 62
56 31
76 24
56 25
40 50
5 83
92 95
23 89
97 70
45 48
84 92
89 82
55 58
12 67
67 86
33 52
75 2
23 38
41 72
14 38
57 43
29 42
2 92
64 95
54 81
20 40
16 13
79 74
14 78
39 30
74 46
41 92
48 19
1 43
11 68
83 68
40 85
60 18
33 9
90 95
37 73
78 46
38 4
72 38
87 27
74 40
58 98
91 48
40 51
71 84
59 79
15 85
95 97
51 49
57 100
4 7
30 65
85 50
84 86
97 26
87 66
82 71
46 62
46 31
24 15
91 17
21 7
61 67
55 93
63 78
40 26
44 72
1 2
29 25
10 67
38 17
32 89
19 97
18 38
3 54
30 46
35 64
68 94
33 17
65 23
61 76
35 7
4 84
9 74
67 73
36 50
89 6
41 11
18 51
24 71
19 49
92 8
73 33
38 32
75 81
38 5
96 13
27 31
49 93
61 54
44 21
3 67
72 2
36 57
87 32
79 16
34 76
30 6
15 43
57 83
12 56
27 91
38 29
65 40
45 37
43 61
6 71
60 30
37 11
74 65
30 26
25 87
80 76
21 92
59 33
42 7
25 75
99 70
40 54
60 92
49 24
32 62
48 92
28 91
42 75
73 68
93 57
26 77
98 11
91 11
93 58
79 98
61 34
81 21
35 93
88 95
47 75
56 41
73 21
76 39
36 95
9 72
85 11
70 25
58 32
9 78
76 54
81 31
9 17
13 24
41 98
71 15
51 75
61 3
22 100
78 28
42 71
20 82
26 21
89 21
30 96
28 93
99 86
87 29
62 59
93 70
60 71
35 83
40 7
17 8
35 19
58 29
60 32
78 56
96 88
84 79
15 67
37 89
80 28
4 35
82 26
4 57
91 31
35 31
35 70
95 51
57 74
68 27
58 26
70 15
49 14
74 67
55 61
48 37
22 15
37 98
13 6
44 49
18 36
38 28
6 59
87 30
25 51
73 90
62 44
61 38
1 63
99 82
59 63
6 37
18 49
54 91
61 91
99 95
69 38
60 74
63 12
17 89
93 79
18 2
40 47
75 96
100 26
39 46
61 65
34 35
74 88
58 79
22 4
10 70
86 21
72 60
99 98
1 68
100 63
58 94
97 29
92 72
97 77
42 23
16 82
99 88
75 43
57 64
78 38
57 48
74 85
60 96
83 77
35 58
81 30
51 11
49 96
11 64
86 42
54 26
11 46
22 91
19 77
11 23
45 91
32 1
87 33
22 1
64 69
66 76
73 48
71 41
8 79
37 29
70 92
71 74
6 43
95 76
11 18
61 52
86 15
19 50
89 1
58 99
77 31
58 77
22 57
18 32
52 92
97 75
71 53
41 49
64 37
36 29
34 39
57 10
50 6
83 91
96 86
68 98
84 93
73 88
17 46
35 82
13 74
32 29
87 89
40 44
75 38
51 27
28 56
16 57
86 58
63 4
84 52
33 60
48 15
58 47
45 4
29 44
59 4
35 49
23 51
33 29
88 32
7 80
74 80
19 14
16 75
94 48
65 26
55 75
70 73
84 34
38 27
71 11
55 8
58 82
9 94
26 85
55 7
90 25
50 90
74 92
67 100
6 41
71 1
91 44
50 57
63 83
65 94
32 97
88 5
33 2
58 7
86 12
73 92
22 75
46 96
75 98
23 72
3 7
79 1
94 15
81 85
42 22
14 70
34 36
41 24
71 62
32 99
68 20
86 70
73 61
12 36
13 35
96 41
100 62
51 19
60 9
11 76
75 60
3 86
38 13
38 89
84 66
87 10
56 52
91 64
82 5
49 98
16 74
22 54
62 65
81 24
5 57
60 51
88 33
56 53
26 12
9 2
98 9
29 67
52 32
26 59
48 36
31 3
83 73
35 63
42 97
5 40
41 5
51 17
22 23
72 15
50 94
15 44
46 88
63 91
92 27
53 80
86 27
9 96
6 27
85 6
92 91
5 16
53 76
37 90
66 56
52 45
44 37
21 35
84 42
9 82
99 64
10 52
36 78
48 34
44 32
13 67
57 25
40 25
41 26
26 42
32 51
37 54
66 57
45 63
56 23
17 35
94 87
16 64
87 24
47 52
1 70
56 19
54 97
58 9
18 74
55 1
2 21
47 93
37 85
96 57
19 67
51 62
68 31
47 8
95 16
25 86
40 42
29 21
54 13
48 41
96 51
14 58
67 17
26 33
49 65
2 28
66 86
54 98
43 65
4 58
2 76
58 34
49 55
9 11
51 88
31 71
39 51
58 97
53 18
80 44
28 47
71 37
86 9
69 24
71 48
91 71
82 54
3 100
17 30
57 99
99 83
27 44
70 39
86 77
59 12
49 73
75 52
28 61
32 17
21 61
83 54
63 11
74 24
12 28
36 11
1 28
27 33
75 86
3 32
42 85
47 71
91 62
18 24
3 26
84 26
31 16
11 77
76 33
91 4
53 65
26 83
86 64
89 79
79 11
89 9
15 90
76 69
88 16
73 62
34 13
47 74
93 40
95 19
58 66
33 95
31 83
70 75
75 33
59 98
18 9
46 16
83 34
65 97
18 66
78 41
90 40
10 75
88 20
5 73
11 92
57 79
11 72
88 65
74 78
47 79
40 21
19 41
11 83
98 74
98 61
11 70
81 67
56 48
20 99
55 9
77 78
17 23
3 45
68 86
73 97
33 64
84 14
32 23
47 48
12 7
81 65
73 7
22 3
56 18
27 53
66 85
10 71
65 68
40 36
58 41
83 21
48 27
30 35
73 99
84 9
25 67
76 93
66 25
27 89
17 53
6 65
35 65
30 45
72 67
23 78
84 24
87 38
23 90
79 30
7 76
83 22
73 69
42 13
8 76
84 98
9 75
76 12
16 11
19 16
47 76
87 4
49 11
13 64
71 63
55 44
50 20
68 78
66 36
96 48
94 71
16 18
66 9
22 73
84 31
80 79
16 33
99 24
15 18
98 2
65 100
61 37
32 84
86 88
94 96
21 48
2 37
50 97
63 98
49 63
7 43
69 14
65 89
53 8
92 45
82 94
51 63
68 33
24 50
64 28
27 47
56 58
51 90
37 15
98 4
56 21
84 83
83 67
20 36
46 94
61 45
30 99
59 58
54 34
42 55
37 19
81 86
72 7
86 36
61 80
80 10
78 20
51 50
9 43
91 68
69 46
22 10
94 51
79 26
91 9
68 13
10 63
2 79
66 23
73 2
97 48
81 11
79 3
41 81
26 55
84 6
49 7
38 15
54 99
93 4
64 19
21 55
41 33
39 74
39 54
97 88
70 19
63 7
35 33
67 22
86 76
79 10
37 53
28 8
79 96
47 6
98 95
22 27
72 12
88 68
62 49
11 48
26 89
11 52
9 15
93 73
99 48
56 98
37 78
35 55
56 62
57 84
74 22
49 12
86 19
24 31
58 43
36 21
51 69
71 29
44 68
9 32
14 66
40 94
13 87
97 33
48 80
85 32
39 98
48 40
53 55
91 51
53 9
38 49
65 60
97 83
65 84
10 48
60 73
99 85
53 2
44 57
15 59
18 26
75 1
19 75
30 31
88 42
52 44
39 79
19 69
18 20
36 85
38 73
17 68
39 73
17 6
88 19
44 7
71 78
90 35
58 51
5 42
30 11
59 84
95 60
76 41
79 52
56 72
97 35
72 82
99 6
46 38
51 61
72 75
23 34
35 51
86 24
19 15
48 55
18 42
63 3
73 65
97 76
90 48
8 91
49 94
83 61
46 68
40 3
22 35
2 54
80 68
96 29
8 64
17 83
14 81
74 95
10 11
79 56
31 66
48 61
39 96
35 99
81 42
18 79
1 9
96 99
19 23
26 67
86 87
55 67
34 20
5 20
26 48
53 93
76 10
63 8
38 22
37 35
65 38
83 89
92 56
59 67
83 59
32 61
81 18
98 85
82 25
100 2
57 88
44 78
42 48
74 56
13 88
58 61
7 17
98 13
15 49
5 66
73 46
30 5
49 2
85 77
21 80
94 5
81 36
44 54
36 74
48 60
90 11
4 28
71 40
92 81
38 51
75 8
41 14
36 1
67 41
48 30
82 40
78 64
78 97
37 67
33 20
15 68
45 74
64 93
98 88
29 54
92 32
27 98
82 86
5 22
83 46
62 72
67 5
94 26
4 51
24 22
87 45
90 87
54 70
81 100
76 50
70 91
26 5
23 82
93 30
76 81
70 84
98 44
97 87
1 78
40 76
38 58
51 9
96 85
56 57
7 70
70 85
91 79
18 58
25 50
67 30
6 73
89 92
32 70
46 36
75 11
23 21
99 15
38 53
23 96
8 22
6 3
70 21
89 18
41 20
18 59
80 8
84 85
54 92
48 49
91 67
7 48
8 81
74 69
1 80
3 92
95 50
14 39
70 79
26 13
62 33
34 92
39 77
74 51
28 75
3 36
70 64
56 99
70 8
61 63
82 34
55 37
76 5
86 53
61 26
39 22
15 13
100 76
38 76
41 60
54 33
8 11
57 35
20 49
21 84
30 62
72 36
79 42
15 74
70 31
50 81
55 15
14 76
57 38
12 61
33 81
30 15
81 47
21 18
73 75
9 92
12 22
91 36
2 3
29 43
29 91
75 91
6 72
98 36
85 14
58 100
72 57
36 65
33 10
93 33
58 8
71 98
61 19
35 6
7 2
59 11
43 70
91 74
23 1
21 4
52 100
11 82
54 63
97 36
100 7
58 73
10 65
86 56
27 79
35 25
71 52
16 99
83 7
86 100
94 22
23 18
23 69
40 64
87 79
38 9
3 37
44 28
40 10
16 90
90 69
19 66
58 20
73 26
12 92
94 19
100 23
74 8
79 35
61 46
97 94
18 29
7 84
42 60
78 60
18 43
59 36
82 92
51 29
54 31
94 66
93 22
31 26
24 42
37 36
72 64
14 42
57 82
61 59
90 77
44 38
75 99
35 96
54 89
24 23
50 69
61 56
87 98
73 1
72 55
11 25
17 31
50 48
32 76
25 32
18 94
26 52
1 62
4 52
17 43
68 66
16 39
68 41
74 35
82 56
12 1
51 98
18 5
79 62
88 6
65 67
38 33
63 89
95 24
25 83
23 80
85 67
46 82
66 90
40 11
3 55
64 22
24 90
55 56
30 57
75 34
4 79
57 94
5 56
12 81
17 26
51 68
36 49
86 95
90 64
23 83
26 45
6 2
74 28
73 45
57 26
69 48
61 86
1 8
57 73
36 68
40 56
2 42
62 68
91 52
61 10
6 78
21 45
27 3
76 56
88 24
32 77
92 65
27 93
22 40
29 9
34 90
5 97
71 87
100 61
23 28
40 84
84 99
45 38
31 60
12 55
4 81
77 22
6 20
17 56
30 98
65 3
72 77
57 63
72 54
59 38
90 67
41 86
69 96
36 31
90 85
63 46
84 20
66 65
88 66
29 20
1 48
100 9
69 33
32 47
39 57
62 45
6 1
24 73
18 3
88 31
75 69
76 78
38 52
71 56
79 75
29 27
97 86
87 64
29 69
64 46
46 71
49 23
48 16
38 81
54 68
17 2
73 30
67 89
31 34
16 68
88 81
58 70
63 30
99 13
90 22
57 70
42 74
37 47
9 61
88 40
47 12
4 1
68 69
28 81
67 47
71 54
67 94
18 95
70 47
16 94
72 94
77 68
48 85
72 16
7 9
63 68
29 100
10 98
33 72
3 51
10 45
21 76
90 61
29 88
27 43
71 20
41 64
13 9
76 65
26 98
21 27
39 37
36 51
78 15
5 86
96 37
87 36
29 98
100 8
31 32
80 58
53 61
91 42
83 75
59 65
27 67
5 81
40 70
73 52
70 68
65 51
46 91
71 66
82 42
47 1
35 27
86 94
85 71
33 61
6 46
72 66
8 68
90 31
92 10
27 58
73 100
95 82
86 8
89 70
28 100
10 47
70 9
78 85
24 37
70 61
91 87
20 61
68 25
74 72
27 15
19 81
67 34
59 9
79 64
35 40
74 77
37 23
10 56
38 36
98 100
94 13
37 4
72 58
18 72
59 35
19 92
34 95
69 5
90 76
97 18
58 25
49 89
77 29
73 66
18 65
83 50
68 2
7 56
49 45
51 43
30 47
55 80
75 30
67 28
41 83
20 60
43 54
58 19
46 41
68 55
6 11
20 85
62 47
52 81
95 78
93 91
56 65
66 61
7 23
44 9
86 11
50 37
13 37
65 95
48 59
43 42
96 95
81 17
15 11
62 53
5 77
63 86
37 16
7 8
70 59
13 22
28 35
67 76
95 37
32 30
63 18
75 49
4 83
69 86
59 75
20 57
5 95
6 42
91 89
83 79
65 12
48 76
33 43
15 88
29 48
6 93
42 53
45 86
80 15
1 3
21 33
64 58
65 34
12 87
9 4
9 20
96 58
47 68
45 56
90 33
63 48
8 3
61 39
23 91
89 75
69 6
36 63
95 20
100 59
87 95
66 99
78 4
25 64
60 19
64 85
75 82
76 25
25 37
88 82
4 23
49 83
63 26
29 1
86 13
5 64
49 61
13 49
48 65
93 45
2 52
5 6
72 13
49 32
74 66
94 42
95 66
64 14
22 29
30 33
52 1
82 15
10 2
25 98
27 55
3 21
34 16
6 53
89 85
21 32
72 99
48 44
41 87
75 57
84 73
58 74
88 35
89 52
67 87
86 60
53 33
43 45
2 67
87 23
82 79
45 42
82 96
20 46
98 34
89 14
72 21
93 65
81 77
94 54
87 78
79 95
26 47
80 26
26 91
92 53
53 49
41 94
72 25
54 19
12 9
79 5
90 36
61 30
72 49
43 11
38 3
51 2
64 59
30 55
95 13
63 58
100 1
88 41
84 60
55 79
96 24
63 70
57 23
9 21
70 96
70 45
37 20
29 39
36 25
90 38
97 72
78 73
25 46
1 59
79 9
5 87
7 30
3 10
12 8
100 64
6 79
57 90
53 75
40 69
81 78
57 45
56 49
37 79
96 33
72 29
19 90
84 39
74 53
52 31
58 75
36 84
81 79
55 59
81 13
63 75
54 9
43 36
62 93
26 60
70 98
26 74
43 4
2 23
33 74
54 66
89 99
66 41
37 59
19 99
71 80
13 23
55 38
73 3
31 78
42 15
53 10
17 49
100 48
18 40
24 25
76 77
38 34
100 36
31 96
46 33
18 34
18 25
32 66
65 15
20 42
96 71
1 92
33 23
74 73
90 26
23 61
59 78
72 73
44 30
14 65
51 76
57 24
48 75
33 51
60 82
95 54
71 99
15 45
65 85
22 81
15 83
38 47
78 3
10 91
48 88
65 69
7 71
46 72
46 1
85 24
64 2
71 36
98 45
90 71
92 42
24 14
39 72
87 60
56 29
7 59
95 46
60 39
70 50
43 59
50 84
87 55
61 27
36 22
38 77
29 23
14 77
32 15
89 35
57 8
89 11
20 23
30 59
42 51
20 15
31 13
74 75
77 37
67 63
54 86
22 63
86 28
61 36
79 31
14 83
81 15
18 33
25 41
18 67
90 72
61 84
97 34
72 95
15 3
62 48
83 45
52 3
91 59
54 69
17 27
24 60
84 16
96 11
50 35
79 51
27 8
68 93
24 39
89 44
72 79
66 92
42 21
67 78
12 17
17 64
53 54
15 23
46 50
11 61
42 87
3 44
9 67
34 15
2 11
58 1
18 64
75 20
46 76
36 52
82 24
50 74
88 54
87 93
15 84
86 83
8 37
84 68
86 90
85 86
88 83
76 20
22 41
34 71
14 34
18 80
17 3
3 29
21 57
74 84
5 32
52 67
46 77
27 75
72 93
99 22
6 77
74 10
63 33
68 57
73 86
54 85
45 2
24 32
36 82
61 79
78 19
42 35
14 90
84 41
43 8
97 98
21 74
28 73
58 40
98 77
42 32
99 78
44 51
19 89
10 6
82 87
14 86
92 64
98 7
88 9
92 26
25 85
45 59
83 33
87 15
71 45
49 64
67 31
49 57
49 88
6 74
13 89
27 37
99 26
36 9
72 19
77 82
33 47
11 29
79 76
24 30
19 76
51 92
17 98
6 61
23 6
41 16
24 97
67 71
21 6
81 35
16 97
39 38
26 46
11 55
74 64
50 18
41 37
3 76
35 5
77 24
41 75
36 45
98 22
54 42
83 32
50 96
9 80
74 43
89 98
37 22
87 63
26 14
71 58
4 74
71 86
75 21
32 12
25 22
51 97
4 6
78 53
93 63
11 39
66 50
74 86
78 54
62 26
85 41
67 92
54 48
9 65
70 80
19 68
66 48
87 3
68 7
10 83
56 81
22 59
60 77
83 56
28 29
43 55
5 98
7 67
13 97
26 56
24 6
86 78
31 97
7 93
2 55
64 76
35 26
43 68
48 51
85 34
35 41
73 55
46 21
97 81
34 29
64 98
87 46
10 1
42 25
96 42
57 14
23 71
75 17
58 84
89 47
44 61
70 16
63 29
40 16
16 50
89 15
14 40
45 68
40 78
3 98
10 12
29 68
48 83
73 59
60 90
35 92
88 79
3 74
60 15
79 21
19 40
57 52
59 56
33 39
46 40
78 11
54 6
26 25
82 33
10 68
83 53
32 94
90 13
6 86
100 47
62 92
25 23
41 40
75 68
56 95
33 91
2 78
62 98
91 7
92 98
11 58
82 69
9 63
77 40
65 47
76 29
23 27
81 20
40 87
82 73
51 12
46 12
32 90
13 77
13 40
35 72
60 57
14 79
44 18
89 80
9 87
34 77
75 88
72 52
23 44
92 23
10 78
58 23
12 68
15 53
42 11
21 65
90 81
94 83
45 58
48 22
68 79
94 88
44 36
30 13
66 79
25 48
18 84
93 42
35 66
57 6
69 94
86 1
14 37
72 1
27 26
77 57
1 35
35 56
16 61
33 37
56 15
77 88
30 97
54 59
10 86
51 83
89 100
26 72
25 65
61 72
78 88
86 55
40 80
78 70
53 79
70 2
64 51
63 56
35 71
7 10
41 15
22 14
28 21
49 68
4 3
4 47
10 49
50 33
61 31
13 73
58 12
16 15
49 9
62 15
95 68
38 99
95 83
57 98
46 60
45 27
12 31
34 22
39 87
40 33
14 82
78 18
92 22
55 98
17 42
53 72
32 46
49 16
25 60
46 67
28 55
51 93
54 5
35 84
61 24
9 45
82 78
68 59
70 77
26 69
30 53
3 80
62 23
68 71
46 19
3 68
7 86
6 29
70 5
56 85
83 47
11 45
76 75
9 56
40 86
66 60
67 82
2 57
94 89
62 38
99 31
38 21
3 28
83 19
97 38
79 34
78 100
26 53
90 83
30 36
93 46
6 62
25 16
76 88
100 46
25 19
98 33
70 37
46 27
31 47
43 47
68 14
69 70
79 78
26 93
28 15
41 70
92 86
60 6
56 60
52 9
1 38
96 90
57 91
29 12
68 4
17 28
27 63
88 87
11 28
73 19
23 97
6 19
2 84
36 62
6 83
26 81
57 7
60 34
54 30
38 2
42 9
52 98
31 74
17 11
40 53
9 10
26 23
58 5
69 67
10 43
58 50
40 68
35 75
87 54
19 79
52 37
6 82
32 40
47 15
46 99
16 42
26 51
70 18
34 46
93 74
12 38
77 71
66 13
87 76
99 39
57 54
96 56
33 49
5 9
22 84
65 37
42 59
60 79
2 86
61 29
30 9
18 46
25 96
13 79
48 74
15 91
83 29
92 85
36 79
56 68
5 75
25 14
28 58
55 23
17 72
31 43
90 30
