100 4075
53 27
42 66
85 96
12 97
77 41
47 33
27 40
81 23
55 91
70 23
98 17
10 41
34 60
42 52
64 50
86 19
84 20
52 11
86 18
22 65
77 98
42 11
100 28
87 51
62 8
92 90
91 32
69 34
46 5
95 80
99 62
59 60
11 62
2 80
48 72
70 96
68 42
27 15
28 69
37 30
2 94
23 10
1 38
16 91
80 74
86 85
5 58
70 83
49 64
80 67
36 100
37 67
7 42
68 87
38 77
48 51
50 16
48 60
69 32
83 16
37 4
18 94
85 3
77 58
29 76
57 75
51 66
92 99
12 80
26 70
29 11
79 30
74 32
60 37
30 52
55 24
92 35
87 35
38 52
21 84
1 69
6 20
52 66
10 99
34 39
11 54
96 9
46 22
5 11
66 76
21 49
55 74
38 82
11 10
65 79
55 27
22 45
18 44
95 54
50 28
6 92
9 15
55 20
44 32
13 87
17 100
87 73
9 74
92 32
82 86
12 71
64 32
74 82
89 41
6 68
84 34
31 62
78 41
80 23
54 67
43 12
29 70
97 23
58 76
2 96
48 27
92 47
10 51
85 25
21 25
40 91
19 100
28 93
84 36
12 58
58 84
8 25
96 51
94 55
92 26
7 57
49 69
33 73
15 95
32 6
96 91
94 72
73 68
47 34
27 8
26 28
82 96
8 92
40 6
60 39
60 56
70 28
81 97
18 29
84 13
2 63
27 87
81 38
93 44
82 34
39 92
68 82
88 85
13 69
12 65
27 98
60 78
69 93
35 6
31 98
92 28
48 68
53 59
32 24
3 31
86 12
74 28
81 47
83 77
85 51
67 31
37 82
13 44
76 27
6 33
12 17
42 72
46 41
19 9
95 48
88 11
67 73
69 30
90 93
6 66
62 88
91 83
19 95
75 92
42 2
78 51
18 51
81 8
11 27
99 65
51 21
68 20
50 98
97 35
12 60
11 8
8 30
63 71
69 24
88 59
62 75
78 20
25 100
17 76
25 68
23 2
61 39
13 33
34 72
8 7
43 47
54 46
23 90
38 72
33 22
76 51
64 74
5 4
7 74
26 19
61 68
48 38
100 88
58 36
77 80
96 4
58 57
47 100
63 34
63 74
34 30
33 74
4 52
29 46
43 69
76 82
90 19
39 81
5 28
90 79
59 85
85 4
86 44
69 92
28 24
31 35
8 1
52 41
50 41
91 10
29 27
6 60
72 45
8 83
25 92
34 54
65 41
24 53
71 22
83 20
53 44
21 63
76 72
26 91
39 66
92 49
8 39
89 8
78 68
71 47
57 8
48 22
64 93
88 63
10 31
64 95
60 20
79 74
97 55
85 55
34 74
24 61
81 50
62 7
79 93
50 55
38 86
3 57
47 29
66 90
38 79
51 44
40 37
12 82
13 68
94 70
9 90
2 41
10 3
31 11
64 79
90 68
62 35
7 32
94 7
61 12
23 38
74 48
20 48
2 77
74 40
99 55
98 89
69 20
20 47
30 54
91 3
23 96
87 39
16 40
98 69
37 39
8 20
97 13
77 40
96 66
91 92
12 27
48 54
14 63
61 17
77 16
57 37
87 16
49 27
8 17
35 63
14 12
19 22
77 67
92 30
85 31
12 38
62 25
16 95
36 6
55 100
90 36
79 22
58 7
45 38
46 97
76 96
84 39
75 87
13 11
12 90
49 40
100 61
24 27
36 89
67 75
95 39
9 83
72 39
77 47
44 87
26 39
67 32
87 10
91 33
38 65
54 59
28 79
60 74
38 41
37 89
24 35
100 18
8 86
85 54
36 39
35 54
92 41
71 25
14 57
39 80
18 22
70 66
62 28
84 90
2 6
29 13
76 71
18 32
39 31
71 28
99 9
40 73
7 98
43 62
51 84
3 87
23 20
92 94
2 67
56 54
47 11
22 24
40 2
88 73
95 8
68 77
16 27
11 67
79 87
81 57
35 13
22 100
11 61
17 31
16 63
97 80
71 37
84 1
67 91
52 94
19 88
12 2
57 44
14 37
83 40
100 33
42 87
91 28
55 10
54 72
81 28
47 28
36 40
49 13
33 48
53 41
67 49
95 83
86 46
15 22
46 37
35 55
62 3
38 27
53 68
88 40
37 98
4 22
54 24
40 87
84 22
84 24
75 4
7 67
97 58
63 56
14 99
73 78
79 39
40 13
30 64
53 3
9 75
28 90
33 86
12 32
58 54
53 32
98 84
79 67
2 89
3 35
87 33
38 88
35 8
86 51
61 87
60 49
33 71
19 68
39 78
76 99
98 29
64 12
34 28
19 79
44 54
77 20
47 13
13 3
59 11
6 5
3 76
40 25
30 71
31 54
73 6
53 55
67 53
70 68
56 47
24 100
48 32
37 81
92 71
55 58
22 37
42 64
59 58
68 54
85 46
63 68
11 14
96 88
34 87
8 63
71 52
36 15
96 62
43 16
29 25
21 27
94 82
80 83
24 33
96 59
100 14
28 1
45 26
20 49
59 57
79 68
85 2
1 30
51 52
96 72
82 23
99 87
41 11
3 30
95 58
97 89
13 5
88 93
88 30
37 35
17 24
30 23
23 56
18 98
17 26
77 10
8 75
98 3
94 100
95 63
3 68
81 6
48 73
35 41
86 63
62 19
45 62
24 65
62 72
37 18
16 2
36 77
80 6
5 30
34 23
72 56
44 38
19 16
15 81
42 25
68 10
60 80
62 100
62 37
1 60
58 14
98 92
6 43
44 30
71 57
95 27
83 15
12 69
98 15
79 52
81 52
13 42
97 72
12 45
49 48
44 68
41 24
62 30
24 73
70 32
92 43
5 45
70 43
75 60
53 26
42 26
32 78
90 18
22 31
46 66
69 17
50 49
74 21
58 91
15 2
48 80
62 65
13 76
51 19
59 14
98 41
83 26
49 9
95 91
58 56
41 82
65 88
24 56
3 75
96 65
2 83
72 15
70 39
74 50
8 77
78 48
51 71
99 5
26 95
12 66
86 34
93 30
43 5
58 74
7 41
73 41
36 49
90 3
84 72
38 94
45 81
6 88
42 82
41 49
52 87
51 14
38 22
47 79
53 66
50 78
90 30
6 50
9 81
52 27
10 70
95 25
30 16
31 82
17 81
32 66
82 53
98 75
14 35
94 45
64 27
77 94
88 37
86 55
47 83
29 63
13 51
73 54
26 31
23 11
16 54
51 3
72 37
77 95
76 25
89 92
7 4
34 16
100 51
30 45
67 45
13 16
73 28
52 63
37 65
37 59
99 52
80 72
88 12
98 9
13 85
52 23
50 37
3 46
41 93
35 7
7 24
70 82
39 48
67 89
9 69
71 23
27 4
8 29
72 20
80 47
66 44
48 37
87 21
68 30
91 11
87 57
66 14
100 32
58 15
44 98
18 13
2 13
48 55
32 81
23 62
3 59
84 30
13 86
27 62
80 21
27 93
74 17
4 65
88 15
56 78
59 47
72 35
89 27
51 89
51 6
97 63
61 26
33 88
65 100
59 62
10 17
11 63
29 24
37 54
26 4
41 91
88 80
40 100
39 93
84 48
57 82
23 33
63 61
59 65
70 98
43 95
76 59
56 68
79 2
78 15
24 57
72 40
15 51
13 60
39 4
76 81
47 50
90 15
9 51
79 55
34 33
6 99
42 22
42 63
17 43
10 72
70 44
18 60
43 55
43 28
44 72
23 17
22 16
87 28
72 1
23 54
47 24
82 9
87 92
77 3
41 80
65 93
18 67
23 84
10 46
88 95
96 77
82 66
31 75
23 18
57 96
77 13
23 7
9 92
92 84
6 12
74 77
28 95
58 75
3 7
86 96
36 62
51 28
68 39
72 60
43 23
70 62
11 12
24 37
43 39
21 73
40 93
60 71
87 76
47 18
17 33
11 39
7 52
38 74
70 80
91 73
65 23
90 46
54 52
86 6
85 90
61 82
41 70
82 17
99 85
96 44
52 86
95 56
72 61
27 69
53 35
97 18
40 33
4 55
99 51
95 73
76 100
1 40
43 21
64 72
7 91
22 20
87 18
14 93
25 41
9 76
45 64
56 41
69 90
34 50
62 39
3 41
86 61
48 28
63 43
25 67
95 60
83 73
39 12
29 42
94 26
90 6
78 49
27 51
30 100
83 51
64 62
14 47
94 88
39 5
74 98
71 43
24 39
22 27
62 68
39 55
63 69
92 63
15 89
71 89
6 14
24 50
10 14
37 64
27 66
86 4
87 65
91 85
72 93
67 100
31 55
26 37
17 25
9 8
28 37
50 58
84 25
73 77
12 84
14 62
52 97
49 43
60 77
81 100
90 35
94 91
43 60
22 72
87 32
58 20
48 12
18 99
97 85
17 30
1 25
45 82
87 23
33 55
49 74
37 27
38 63
5 48
70 78
41 85
27 26
65 31
19 74
56 80
49 77
30 11
98 66
93 89
20 30
12 63
4 41
20 27
93 46
45 23
21 38
63 78
93 74
68 80
65 52
88 48
1 6
69 21
9 45
15 71
82 5
50 97
92 85
44 22
41 66
70 60
42 17
33 69
11 86
29 30
73 19
14 98
54 29
46 77
49 37
95 36
87 31
25 7
32 62
88 18
50 82
65 82
25 88
75 24
7 50
63 79
26 100
24 83
83 88
21 41
14 26
57 54
76 53
48 64
57 41
98 88
16 25
96 13
45 31
21 7
8 72
5 78
25 99
98 35
39 56
38 25
69 8
47 4
46 6
13 70
22 74
100 95
92 55
92 79
81 34
91 30
17 20
23 13
75 63
2 84
51 38
40 80
58 37
81 92
21 100
26 8
77 25
18 63
97 65
16 23
92 56
18 71
42 85
47 72
28 64
74 87
86 23
60 97
97 28
50 77
47 21
23 48
46 30
87 53
59 90
29 38
60 92
94 37
2 75
44 64
9 59
22 7
54 27
38 85
54 20
6 47
6 3
79 94
60 41
64 3
27 7
22 62
7 5
62 51
42 27
40 7
93 47
67 63
18 54
6 89
68 46
98 49
65 42
92 46
51 12
55 80
58 10
9 42
79 23
82 24
75 88
39 69
29 67
64 80
50 2
81 75
32 63
37 20
26 65
85 57
68 76
89 56
6 72
79 24
28 63
72 87
12 13
67 24
100 87
21 60
93 97
55 1
41 97
19 69
57 79
17 9
8 80
46 64
87 49
18 64
60 79
74 67
16 81
36 69
25 81
99 2
94 61
36 24
5 89
3 39
52 25
49 32
27 90
55 77
54 88
11 22
20 24
75 6
79 88
91 43
100 83
98 79
91 59
93 95
2 48
17 22
44 58
93 98
38 59
7 55
58 98
35 45
27 79
25 45
98 10
70 42
31 63
79 15
81 68
29 81
62 95
82 33
48 6
55 40
2 36
74 27
53 60
26 18
11 99
68 27
64 97
56 7
71 65
48 83
90 54
47 54
99 70
39 47
88 22
13 63
85 11
31 68
12 55
61 6
5 29
35 65
98 16
77 22
34 62
32 98
83 36
72 30
19 36
55 46
17 85
31 53
26 73
90 70
61 71
29 60
77 45
40 56
3 14
41 26
77 28
55 26
95 79
76 37
33 38
9 5
48 17
58 40
72 63
98 28
4 32
98 82
76 60
87 14
55 71
72 68
1 41
22 36
77 17
60 8
13 94
35 60
90 13
12 53
32 85
41 64
19 20
8 50
15 25
2 86
39 74
86 53
78 40
23 74
54 100
54 84
26 24
88 87
97 3
23 77
13 82
82 69
31 97
88 8
57 46
50 90
18 85
1 88
90 39
5 66
57 99
76 23
69 67
57 47
74 91
72 78
61 10
77 51
55 49
71 40
89 26
51 26
17 87
84 60
14 8
14 45
37 68
14 7
92 48
83 37
42 62
17 4
35 59
24 92
58 13
32 65
13 6
35 27
53 9
84 87
80 54
13 50
100 46
68 29
100 35
80 84
71 48
12 1
67 96
50 62
78 88
31 51
77 24
75 29
88 45
76 22
87 19
75 18
60 98
82 67
96 79
64 13
63 20
58 100
8 53
95 13
31 72
34 37
89 63
75 76
80 82
74 84
72 14
11 100
92 68
88 31
26 66
97 75
8 90
13 26
61 5
62 98
81 87
2 54
8 4
70 54
87 82
65 98
50 48
100 15
91 65
71 14
40 68
2 65
72 36
37 19
30 4
58 90
71 54
5 74
23 64
38 69
25 6
73 80
100 79
23 67
71 96
53 99
91 31
37 87
6 93
80 20
92 73
13 4
27 47
38 84
54 66
98 56
2 25
38 96
10 64
97 4
9 24
33 25
91 71
41 32
98 23
76 4
34 73
60 15
54 17
40 81
70 58
19 58
45 44
5 44
57 63
31 71
99 98
30 98
79 69
74 25
33 30
17 5
8 76
61 46
17 96
93 32
2 1
86 59
93 56
61 64
9 46
3 61
5 90
66 86
76 54
82 52
24 23
57 61
49 91
53 4
91 9
14 29
19 72
45 54
52 8
14 17
48 21
39 88
6 94
83 25
5 53
88 52
54 97
26 44
17 15
22 39
24 59
13 79
88 16
30 96
10 81
7 6
12 21
84 81
18 6
97 27
23 59
93 8
20 67
54 78
63 93
8 59
60 94
23 91
58 46
25 69
59 18
7 88
26 1
68 49
19 77
97 68
65 66
41 96
8 64
30 14
88 4
46 4
72 59
60 46
16 26
38 6
51 72
73 22
3 42
97 7
25 3
84 69
79 80
79 14
70 61
20 98
9 41
86 70
2 47
21 34
100 89
94 41
39 52
86 67
16 93
62 57
69 37
81 96
7 48
62 77
7 26
93 94
7 36
90 56
69 55
15 55
64 78
9 25
94 76
41 6
94 68
2 64
62 21
99 86
33 32
19 48
67 50
47 52
57 66
76 18
5 73
46 81
53 30
29 12
89 77
47 90
84 55
21 1
58 26
32 57
87 77
16 49
7 100
70 35
98 25
30 58
15 19
55 65
36 74
72 33
83 28
70 1
30 31
38 18
64 21
48 43
43 41
90 100
75 51
47 87
80 25
85 26
38 8
20 100
44 76
6 21
63 77
40 48
49 15
58 22
39 14
91 36
32 11
37 43
76 47
70 7
90 55
26 30
94 54
64 36
54 42
40 22
22 53
93 33
78 17
80 86
23 49
52 90
46 44
59 93
41 40
96 45
3 44
2 82
92 42
77 44
8 84
17 13
6 17
79 48
82 79
31 12
11 45
7 73
81 11
62 78
58 78
55 47
85 64
21 88
54 98
11 65
27 96
27 28
32 16
51 20
91 80
20 2
41 86
39 41
93 42
66 94
72 83
82 58
56 6
99 26
36 68
96 26
89 1
27 81
38 16
43 50
1 67
79 75
65 13
40 84
85 35
85 47
30 25
26 93
52 46
47 69
20 7
93 13
32 99
76 41
61 93
50 63
56 8
98 12
43 74
58 99
38 49
31 38
83 6
21 70
70 48
86 27
6 97
21 22
24 91
44 24
61 37
99 8
18 35
53 37
63 39
64 16
7 1
77 59
5 95
3 79
91 66
30 50
85 68
80 89
79 78
43 81
56 73
17 73
31 2
25 90
89 19
70 4
8 28
61 79
79 77
33 97
81 55
92 5
57 97
39 83
22 49
55 38
14 64
100 82
17 67
12 85
16 60
70 64
92 19
73 72
71 70
95 30
93 22
75 42
61 9
75 7
69 83
81 42
52 55
40 12
61 54
55 45
47 38
19 12
71 7
52 62
22 51
65 61
37 1
80 15
81 7
34 19
73 39
80 36
36 27
13 91
68 2
89 43
33 15
37 92
42 41
95 34
38 40
67 33
45 99
71 3
35 58
70 3
63 62
68 84
26 20
81 80
29 90
59 97
62 9
31 77
25 12
41 87
86 95
34 70
58 31
49 5
42 32
92 45
55 44
95 71
64 63
68 18
65 6
20 28
59 22
5 80
13 14
13 80
81 20
77 100
35 75
59 68
71 24
36 51
5 57
11 53
2 92
19 84
17 28
62 71
97 30
49 83
77 53
77 81
79 42
23 42
36 8
68 93
77 52
9 80
33 60
33 50
5 85
5 21
10 22
6 55
44 71
87 45
14 25
63 87
25 97
89 24
21 68
31 41
25 60
16 84
19 67
66 24
14 92
89 55
24 60
1 80
23 9
14 22
63 60
70 93
50 100
98 100
39 33
87 4
45 93
75 70
20 34
86 57
39 98
57 67
86 56
13 75
81 63
41 61
86 79
87 94
90 33
48 90
51 40
58 96
67 52
88 26
53 46
7 78
33 77
69 78
28 55
60 87
46 94
25 35
21 92
25 24
41 30
41 17
99 66
2 46
5 31
78 80
27 30
58 38
6 8
68 57
13 24
6 30
48 24
17 66
7 18
63 33
94 47
98 40
57 13
9 71
10 63
10 54
32 97
56 48
62 60
15 8
59 32
47 42
97 74
98 1
35 57
82 78
63 46
12 8
30 76
22 25
89 22
34 92
28 56
51 82
7 2
5 2
32 82
17 84
62 79
98 68
41 79
35 93
99 12
4 10
74 81
71 58
16 17
93 58
71 46
47 82
49 89
17 80
93 100
37 17
50 54
93 43
56 97
54 87
3 72
67 76
47 15
15 68
11 60
26 80
2 56
38 60
20 36
59 41
49 33
83 30
75 22
55 18
2 19
21 28
66 72
18 96
23 8
42 94
91 46
2 60
75 32
98 47
39 23
90 57
88 99
26 50
30 15
90 2
11 93
22 52
40 86
78 37
18 91
70 11
73 71
87 89
72 53
56 30
81 36
83 23
45 66
48 15
58 85
3 82
67 87
2 37
29 86
3 65
87 96
74 20
75 61
37 91
56 87
89 17
23 75
64 92
9 39
48 100
69 48
23 95
16 36
12 81
61 31
34 25
83 97
29 55
73 97
40 15
38 20
23 28
94 71
37 7
63 82
47 10
74 26
41 95
46 8
40 34
13 71
15 37
87 80
18 9
89 73
59 51
21 15
95 90
90 24
50 86
50 15
51 81
96 3
86 10
98 80
25 5
68 33
37 42
37 99
60 64
62 49
55 25
34 100
96 6
57 51
13 28
38 93
5 1
20 95
64 9
80 50
79 6
24 72
19 25
40 70
43 87
63 23
97 78
15 32
61 32
80 62
30 18
35 11
11 17
55 95
40 82
59 87
26 87
26 12
33 54
51 80
91 39
48 16
94 53
68 43
38 43
39 50
54 79
29 72
64 59
12 100
97 76
22 68
6 9
71 39
84 97
4 62
79 32
79 83
38 30
22 95
64 94
4 68
82 15
46 75
9 11
93 54
90 99
27 17
3 47
87 55
21 16
15 70
60 19
5 97
20 39
54 12
6 15
81 22
27 41
26 54
23 29
79 18
91 81
57 45
86 28
68 26
85 22
86 37
22 60
20 97
25 23
16 41
91 82
69 77
93 73
47 70
60 26
47 17
11 92
30 87
67 88
80 16
7 64
26 46
51 35
5 81
100 38
67 97
22 35
22 97
13 66
53 85
64 47
91 48
26 75
37 52
72 49
75 66
98 76
37 36
39 76
12 67
75 37
16 68
3 63
53 93
59 10
35 79
29 9
2 61
2 26
92 66
87 48
60 85
32 46
48 93
32 8
37 73
43 2
95 67
75 10
59 17
70 19
58 72
72 16
47 58
10 6
27 50
53 51
64 35
89 12
6 54
88 27
2 74
96 32
28 33
1 13
54 92
57 72
9 79
32 30
28 2
15 97
97 29
37 38
60 30
77 54
67 47
17 97
12 41
27 60
14 52
38 24
92 93
87 22
96 61
19 41
45 76
72 71
91 21
24 11
82 25
79 66
2 51
30 7
92 18
60 57
63 27
67 42
75 12
44 27
33 27
17 71
19 64
78 98
97 36
68 12
21 54
26 9
58 25
81 60
88 17
53 17
94 29
57 12
83 64
25 70
14 46
92 36
26 48
92 58
17 64
60 47
55 76
90 40
24 15
57 98
86 54
3 86
21 20
54 55
96 11
54 1
67 10
91 99
18 61
49 6
94 65
13 73
98 38
43 86
45 85
14 77
85 67
56 17
20 15
46 11
59 29
13 30
97 2
30 61
10 65
39 18
33 89
66 60
18 66
20 73
100 91
11 90
38 61
37 10
37 31
97 82
1 51
54 43
55 23
82 27
24 81
4 6
18 17
12 4
59 44
19 1
89 23
82 48
47 46
94 59
88 2
94 12
94 9
93 50
55 19
39 1
98 86
41 47
9 10
62 89
4 100
93 77
49 39
12 74
25 63
61 23
18 93
17 44
75 82
18 10
61 62
24 14
11 76
70 45
93 9
44 37
7 76
68 14
100 23
51 63
31 8
37 84
47 1
37 33
31 70
38 80
94 14
54 62
78 87
87 69
9 30
67 48
80 30
4 2
27 100
24 45
52 57
38 95
80 43
51 56
9 60
89 32
99 61
91 70
27 58
66 2
15 91
97 70
46 12
26 3
21 19
74 86
9 7
5 60
29 39
90 21
24 58
88 68
19 27
67 99
66 38
39 75
29 44
71 99
79 89
51 50
96 24
16 82
92 12
41 28
100 45
3 29
54 25
13 62
3 32
68 86
18 25
92 7
98 67
39 6
64 40
67 26
43 97
75 71
80 7
16 74
84 49
81 58
42 88
100 66
30 21
1 20
49 82
29 37
7 39
53 58
39 99
100 73
51 25
33 1
9 50
39 16
2 27
58 9
53 38
35 39
54 65
96 99
79 46
86 64
76 93
51 58
25 65
80 71
9 89
91 57
32 88
80 19
90 83
36 47
42 31
76 90
60 3
25 94
91 61
43 88
82 55
34 6
55 68
7 86
96 55
55 21
83 5
42 76
21 23
34 49
44 67
45 71
30 43
25 48
9 35
64 75
98 22
35 10
73 25
63 37
26 32
37 3
17 39
16 1
68 75
14 53
84 28
75 27
45 58
14 86
86 42
93 4
2 73
51 4
36 88
37 100
4 42
57 30
18 24
54 99
51 34
72 41
86 17
89 28
90 38
78 9
76 63
72 46
16 47
2 91
57 38
35 94
91 14
29 22
100 85
10 5
89 7
93 36
95 68
94 75
78 100
76 61
1 77
69 100
23 35
57 9
39 77
9 55
90 32
88 24
81 72
94 23
8 44
66 7
66 11
84 6
20 89
59 6
83 33
41 90
44 42
82 26
60 68
37 32
71 67
22 78
73 15
19 23
11 68
49 2
25 50
39 32
2 38
72 55
58 41
99 63
94 81
86 97
61 88
5 56
16 71
64 15
36 17
92 72
56 55
67 9
96 97
98 48
1 22
2 53
71 87
66 81
57 4
42 59
17 2
75 90
82 10
11 44
98 11
40 67
79 10
71 6
26 90
69 89
26 10
13 52
46 96
90 65
25 75
68 99
88 28
81 79
20 70
23 53
87 1
83 55
62 40
16 6
7 85
21 36
68 65
1 24
47 5
10 90
100 6
81 89
63 90
21 95
89 39
63 17
49 79
53 79
24 62
13 78
91 63
77 21
23 78
83 74
81 98
97 79
87 7
35 4
91 19
24 85
51 61
12 93
61 47
42 58
11 2
81 26
38 54
24 98
47 7
72 43
24 86
66 3
79 45
48 9
8 51
34 77
29 26
75 47
47 40
54 89
77 42
88 64
50 87
74 68
61 35
58 89
89 40
26 33
77 82
20 82
83 84
77 88
81 86
89 16
55 73
65 85
12 22
62 16
57 10
37 96
91 44
47 95
39 51
87 83
5 71
8 49
8 10
48 86
81 59
3 8
10 39
13 7
9 2
6 27
79 73
86 60
81 35
28 67
86 75
16 56
67 56
52 58
66 8
29 71
27 61
94 97
78 92
2 21
63 9
45 13
38 32
7 69
70 38
73 86
93 19
20 5
62 29
32 13
92 61
94 99
5 93
40 30
30 12
6 69
91 29
45 39
54 74
98 71
68 5
64 11
98 36
69 50
81 95
93 78
72 12
73 1
9 38
92 67
30 86
95 72
51 11
17 60
4 71
67 84
50 19
98 2
64 68
66 59
25 36
64 56
1 83
88 89
52 26
26 79
82 22
57 39
91 87
32 94
20 71
50 36
96 92
63 6
83 86
7 82
62 76
33 80
56 1
45 6
35 26
30 94
7 44
52 72
37 95
76 31
24 63
69 60
13 48
36 34
40 20
88 41
23 99
8 45
61 22
95 98
13 25
52 10
7 31
1 71
25 10
26 86
92 33
87 6
51 7
64 31
30 35
65 7
68 89
29 4
26 21
62 44
45 91
83 21
56 33
22 13
67 61
33 21
18 12
97 19
33 36
63 83
60 89
29 41
91 69
100 57
54 75
88 86
25 64
25 53
27 32
6 64
73 63
4 45
16 24
13 67
81 30
75 44
74 51
74 70
14 38
19 56
24 52
100 42
19 98
93 67
83 7
69 23
66 97
95 24
81 14
70 30
17 3
54 5
21 39
85 61
1 63
70 17
27 1
92 95
18 81
95 40
33 16
57 64
58 3
98 83
26 43
24 51
61 81
97 10
16 92
77 99
7 63
21 86
80 93
78 83
9 12
34 2
66 93
71 8
88 76
72 18
41 62
37 5
34 88
51 45
14 41
43 84
37 23
44 14
19 38
78 26
100 16
78 27
50 89
53 97
1 49
83 67
60 88
45 61
26 25
97 51
8 48
26 76
4 98
91 64
50 68
7 46
62 69
52 45
14 61
32 71
52 5
39 42
30 63
25 93
78 38
89 91
21 98
100 99
33 7
9 66
93 7
47 78
74 15
70 89
97 21
25 56
97 62
80 37
54 3
67 62
22 26
17 29
5 79
65 53
28 19
92 27
93 10
62 81
59 2
30 10
88 81
69 2
33 2
67 8
38 10
81 41
79 33
53 7
34 1
95 6
49 12
32 84
36 60
51 95
68 35
100 8
34 5
26 6
2 32
32 77
47 35
79 25
8 21
53 47
95 74
17 58
55 59
4 94
17 45
14 75
2 87
40 39
72 2
94 10
58 43
5 100
88 56
20 25
63 5
77 18
70 27
54 60
43 27
99 41
30 78
71 74
69 16
18 2
15 56
14 82
52 64
94 17
3 11
39 64
85 72
100 75
18 5
45 97
26 71
81 67
19 54
7 29
96 53
49 54
70 9
16 12
46 45
36 56
63 80
78 25
90 77
5 65
18 53
9 44
96 63
31 6
27 83
37 11
46 35
51 37
67 14
31 93
40 17
18 41
67 27
21 13
69 80
12 70
70 100
91 90
22 94
81 64
32 86
61 60
43 25
91 93
38 15
8 40
6 53
89 21
15 69
63 36
22 2
42 55
72 5
49 73
66 23
29 79
52 29
18 52
72 32
77 48
90 4
38 87
100 39
26 40
82 44
39 30
96 39
77 78
44 39
79 58
25 44
81 56
50 21
29 93
42 30
32 28
27 31
72 9
94 27
82 99
54 15
67 68
49 30
82 64
91 35
90 22
63 47
52 93
32 31
57 23
87 95
96 93
70 52
91 4
8 85
68 51
71 90
67 70
21 82
77 30
70 95
89 74
44 94
87 9
24 5
37 85
89 78
31 18
58 29
100 71
79 16
7 17
91 34
25 57
28 82
68 66
11 82
87 8
12 87
5 32
82 56
70 81
64 87
57 26
65 92
47 96
50 12
24 40
76 12
83 82
44 81
40 43
86 15
23 46
30 51
10 24
41 75
77 57
71 36
8 79
65 70
99 75
47 22
93 99
36 86
48 34
75 77
66 35
83 60
89 34
10 2
21 81
87 62
76 91
75 5
92 51
75 55
14 97
62 83
52 60
56 49
100 56
64 1
64 29
34 38
64 89
33 81
11 26
100 92
63 19
23 12
29 99
59 30
86 87
58 48
40 97
63 54
99 38
77 12
54 53
19 13
88 51
72 89
41 67
20 93
68 34
97 92
58 11
6 52
1 17
13 100
83 54
13 9
73 27
8 42
58 88
49 86
48 41
82 84
35 29
79 44
36 38
100 63
57 27
40 69
78 19
3 99
22 6
35 17
3 55
74 88
68 91
69 5
72 91
58 87
36 48
33 64
37 41
30 47
60 96
38 4
62 18
75 17
89 48
98 55
77 15
55 30
95 12
47 23
50 20
98 13
19 40
74 100
82 89
12 56
93 15
9 43
51 55
85 9
27 46
28 38
38 89
39 94
99 72
2 71
65 67
56 83
73 98
6 98
15 12
41 51
5 35
1 9
50 88
21 56
88 91
74 92
3 94
96 75
92 1
82 81
23 88
73 38
97 48
49 19
88 69
39 59
63 70
78 86
38 50
54 7
38 13
62 1
86 31
41 36
52 91
54 40
53 81
33 51
85 76
60 10
76 5
30 28
93 37
51 47
97 90
84 79
19 81
32 73
21 9
5 40
66 58
69 51
63 44
37 9
44 52
64 99
100 29
4 63
31 57
17 38
67 78
50 79
69 86
22 55
42 91
75 38
22 66
29 85
85 23
23 14
77 86
59 52
32 95
83 92
91 84
64 26
71 53
39 54
5 42
29 82
50 83
70 59
22 41
32 10
58 64
13 88
18 4
58 21
53 62
71 38
96 8
95 78
61 44
3 27
19 33
93 83
72 50
13 41
29 53
70 36
42 12
91 20
33 12
54 96
27 13
14 88
66 85
11 72
71 50
100 43
5 41
54 51
10 71
96 14
17 68
2 39
53 13
65 27
58 83
75 52
68 58
94 90
1 48
57 88
41 55
26 5
76 77
46 25
49 7
22 23
69 56
42 90
81 69
43 33
83 17
97 42
73 82
41 44
77 70
85 39
10 29
89 95
43 34
54 81
14 90
21 72
45 3
25 61
45 68
16 9
67 22
36 54
44 90
78 28
41 34
70 85
88 72
65 45
2 81
5 77
78 91
72 28
32 52
73 51
36 30
34 15
13 10
95 7
86 45
51 93
17 90
41 84
76 52
8 82
73 90
3 67
38 62
44 60
38 42
29 66
53 45
15 63
36 79
25 96
69 72
76 14
5 87
15 87
14 85
8 74
17 57
11 55
100 31
38 26
34 58
17 51
71 19
73 70
3 22
54 82
33 98
43 78
35 2
43 1
6 62
62 26
40 23
34 26
3 88
64 98
88 92
41 100
96 10
98 34
90 64
8 47
77 26
52 2
45 27
86 39
79 21
79 76
58 60
52 12
97 87
32 43
8 97
71 93
7 77
46 38
42 18
19 5
99 79
39 19
60 55
60 73
8 94
38 92
26 36
31 92
13 83
76 64
96 12
27 23
23 26
41 45
22 56
82 4
90 96
65 76
91 22
22 32
62 90
66 31
71 86
13 39
29 87
28 40
67 35
65 14
90 37
60 28
5 23
88 35
63 58
42 57
62 74
82 71
50 5
85 94
66 62
5 8
96 64
98 51
59 61
11 38
63 66
84 5
13 99
29 92
33 70
24 49
38 68
55 64
80 49
61 42
12 91
93 2
33 58
55 66
32 25
92 22
26 47
70 69
62 2
72 74
100 68
34 32
41 20
82 72
90 45
38 7
72 7
19 8
45 75
97 38
1 86
58 94
47 97
8 16
81 90
12 5
22 83
88 49
92 15
79 91
91 38
94 86
22 34
56 74
72 65
67 59
67 90
52 3
65 44
31 47
90 74
70 46
15 1
12 35
16 70
96 29
90 87
31 23
22 9
12 37
86 62
90 43
69 97
16 5
51 94
9 95
22 80
96 42
33 8
67 6
94 67
92 82
39 25
24 34
95 50
38 3
59 5
93 24
28 25
2 57
80 58
89 30
30 99
86 91
44 4
86 76
92 57
82 30
53 88
94 98
90 1
46 62
44 31
79 59
17 34
93 55
98 63
49 25
97 37
11 7
56 71
81 78
92 53
52 9
85 75
32 9
12 44
14 18
63 40
2 14
62 33
78 12
29 6
70 88
82 85
97 100
76 35
65 57
72 100
1 74
4 9
6 44
21 67
24 42
19 6
100 59
2 3
73 81
69 58
66 30
9 88
38 35
13 54
98 53
32 50
99 17
63 84
4 11
25 66
87 36
59 71
78 24
100 64
10 27
41 63
9 100
8 24
96 7
55 32
99 59
45 10
100 53
60 65
43 8
19 43
12 34
59 31
55 37
75 11
89 25
91 5
100 60
84 100
3 12
94 5
32 54
43 77
86 25
21 17
18 27
90 16
27 91
73 30
20 86
77 84
71 66
15 28
81 13
88 46
22 50
84 88
24 99
21 37
68 24
92 62
24 21
83 19
31 99
29 45
23 68
15 43
15 67
5 38
20 16
62 12
57 11
8 73
73 74
87 85
35 86
88 5
72 79
96 52
81 65
70 72
12 28
93 34
46 24
79 11
51 49
100 44
99 22
27 71
72 27
31 81
13 20
89 83
5 22
66 61
24 31
27 39
65 77
13 92
60 23
73 58
52 98
92 10
28 68
71 81
14 55
65 17
71 69
36 13
6 57
97 95
26 97
1 23
7 12
57 55
13 55
63 48
60 93
16 97
71 34
84 15
17 91
80 100
82 1
9 65
46 65
32 80
70 2
67 60
81 83
10 44
71 83
70 24
39 82
87 93
59 45
14 5
17 52
75 53
77 56
66 64
23 36
81 93
49 81
78 74
32 51
94 57
9 47
96 5
25 27
46 87
46 99
77 72
1 50
12 10
20 9
17 55
82 88
46 51
86 5
92 17
60 50
22 54
47 68
4 81
52 68
80 28
77 61
78 36
58 67
47 91
12 36
82 95
18 65
99 7
93 21
98 90
65 30
23 3
98 85
67 39
62 10
4 64
97 88
97 77
49 28
75 72
35 77
14 9
84 95
65 47
62 20
32 36
91 25
19 24
95 1
83 43
7 60
100 86
86 9
73 16
60 42
22 69
47 44
100 10
4 3
64 43
94 24
90 89
55 62
17 32
49 47
92 80
27 80
57 22
68 83
28 58
33 95
77 71
92 86
45 98
54 41
86 90
45 37
30 22
83 34
75 65
65 8
42 46
82 36
80 34
24 80
14 42
77 91
51 67
47 25
53 63
84 64
2 95
5 3
8 58
65 51
22 70
39 58
77 64
6 24
90 49
77 6
79 40
100 49
85 77
54 91
46 17
1 100
3 9
3 100
4 23
16 15
52 61
41 74
99 27
14 54
92 52
83 41
49 63
72 25
89 84
28 22
33 78
26 59
53 10
31 96
32 40
83 12
37 79
97 71
66 67
13 46
84 50
4 25
59 27
54 8
76 24
93 49
69 54
79 1
88 55
2 45
53 64
55 70
51 91
64 22
39 38
7 68
37 66
39 46
5 51
19 17
31 90
89 13
90 60
4 59
64 38
92 23
81 1
56 34
22 8
91 60
93 75
76 10
28 9
62 93
12 73
31 79
93 85
96 94
98 87
32 35
72 13
47 62
91 98
19 82
53 91
23 6
74 30
88 29
6 78
29 32
55 8
26 56
63 85
7 79
27 9
47 74
81 85
58 18
56 50
74 24
37 77
98 59
98 26
3 24
56 32
73 9
58 23
70 87
42 71
15 26
16 86
20 64
68 32
29 57
53 39
4 67
43 56
5 70
56 79
17 93
84 73
35 96
96 98
43 98
79 17
18 11
47 37
47 19
85 30
87 20
63 65
41 68
46 18
99 81
20 33
30 19
97 98
60 31
69 64
5 27
15 41
24 4
62 85
76 32
51 42
36 67
16 78
37 74
4 61
79 20
91 75
45 47
74 6
66 87
62 15
55 78
57 93
84 47
42 53
51 70
70 84
48 81
21 71
90 20
27 84
6 58
50 40
37 16
77 92
86 89
85 6
56 62
15 39
23 50
36 55
10 7
88 10
68 9
24 12
72 23
65 58
56 70
28 36
76 46
51 16
69 95
4 79
5 98
49 17
43 67
36 43
93 82
40 92
56 20
7 34
19 7
19 32
26 84
50 70
49 97
78 21
32 83
51 90
76 70
79 43
63 45
69 41
44 99
44 97
83 38
92 20
11 71
65 39
68 96
38 67
27 14
27 77
36 9
100 96
90 34
82 90
8 70
61 8
84 7
56 91
84 93
34 8
69 68
84 71
70 37
84 62
69 73
8 78
87 11
37 13
95 17
63 26
2 76
73 47
97 9
42 45
2 29
29 31
94 62
60 99
13 8
66 10
25 87
60 4
64 67
58 1
32 20
1 97
4 92
13 15
44 23
33 5
12 59
82 18
51 29
7 28
12 47
67 72
73 36
59 7
6 91
93 86
49 70
33 84
58 49
34 64
89 47
66 77
84 86
45 60
74 69
26 72
34 9
