100 4088
45 79
26 93
19 64
85 44
89 49
62 94
48 62
83 3
38 91
57 9
96 95
32 49
70 22
95 76
70 9
10 8
64 33
18 8
10 16
76 14
51 84
38 73
98 81
68 48
47 15
49 78
37 38
15 63
4 27
72 23
91 7
52 48
93 25
87 64
45 41
19 71
69 9
91 82
43 32
39 96
56 85
42 44
5 85
70 25
67 56
39 11
8 54
52 41
12 6
68 46
18 82
95 98
78 34
65 25
83 37
54 45
57 61
32 90
94 88
32 17
32 50
28 86
88 22
17 78
19 45
43 2
41 88
77 34
35 82
32 8
18 10
62 11
64 46
20 5
3 40
42 33
44 86
68 53
39 60
48 35
97 99
95 9
28 88
3 74
13 54
57 85
4 76
72 92
28 65
40 49
5 89
59 71
35 55
14 19
62 84
25 91
77 32
2 11
4 10
91 88
61 38
11 81
28 55
20 86
49 50
18 73
5 4
51 5
23 25
18 100
57 76
20 35
44 76
15 61
2 62
7 68
13 70
97 81
24 56
58 50
56 83
36 66
6 81
55 58
44 32
7 9
65 88
48 53
81 64
54 32
78 67
63 89
51 88
18 53
15 17
16 80
49 7
33 93
17 34
57 94
43 31
81 20
64 74
74 56
93 52
92 42
81 32
74 94
62 87
7 15
51 35
29 93
82 78
87 57
82 13
30 58
95 92
33 3
19 36
98 74
10 1
40 30
53 35
73 26
40 66
15 88
25 63
80 41
36 59
32 66
37 90
4 31
14 66
8 80
64 79
53 39
30 13
55 73
80 96
75 74
38 96
63 71
13 2
86 62
15 97
49 19
61 17
28 93
3 45
14 71
93 40
85 52
95 11
11 79
53 4
46 44
22 93
54 42
29 97
56 79
70 64
91 33
57 45
6 26
90 75
41 64
13 92
54 89
71 38
15 21
2 49
100 95
64 38
30 57
81 100
64 43
40 87
83 64
33 9
75 33
9 21
6 10
70 16
34 80
13 51
87 33
36 77
62 4
63 75
18 54
20 56
35 62
100 79
50 9
96 79
23 4
74 29
21 11
84 11
94 6
35 7
2 93
4 87
83 84
6 27
40 15
31 65
36 28
73 57
67 41
40 52
55 59
81 42
31 89
98 50
4 12
55 64
5 13
38 7
87 69
65 15
82 16
54 69
82 57
28 13
63 72
96 69
65 10
83 67
22 86
31 54
63 42
94 9
12 2
66 96
32 71
8 91
42 4
63 81
68 9
46 42
97 92
90 16
53 87
95 12
2 32
87 63
67 81
19 11
2 24
95 8
31 90
63 31
75 26
10 95
94 46
40 9
17 40
2 87
39 25
38 23
20 49
83 17
61 30
11 33
94 2
18 7
68 1
2 96
50 2
2 52
15 67
49 93
30 94
13 47
77 35
11 75
43 79
20 46
25 14
18 14
84 80
18 97
89 16
55 56
53 50
36 76
53 90
29 99
69 17
72 64
62 12
60 50
9 72
72 93
24 68
43 15
81 73
9 2
97 67
38 51
79 82
24 29
81 3
88 36
28 89
26 51
73 74
29 40
25 42
88 40
52 22
24 90
94 61
65 5
2 63
63 19
56 30
99 40
6 44
98 58
52 97
5 86
15 96
88 71
49 12
22 32
55 100
32 65
54 74
98 33
22 45
39 86
50 75
3 13
100 49
49 37
94 96
82 31
40 85
87 66
64 59
88 79
52 34
36 85
66 6
35 100
5 49
65 2
5 52
78 97
58 67
93 38
78 23
27 34
77 85
69 36
10 57
33 82
56 87
57 47
6 37
44 39
26 19
43 95
48 51
62 79
51 93
92 22
73 10
45 15
86 32
62 28
69 56
13 37
38 15
31 39
67 64
92 38
61 49
39 49
11 3
26 49
92 64
85 78
72 22
25 40
61 72
45 2
58 66
64 40
44 51
100 87
11 30
82 20
33 14
11 87
90 20
31 52
29 39
72 52
74 33
28 63
26 29
87 94
88 57
85 13
64 22
96 17
25 30
44 68
22 38
60 10
35 9
35 65
42 48
33 35
21 99
56 100
10 42
32 36
31 93
80 91
76 19
63 85
85 92
23 35
29 46
27 56
20 6
99 18
81 1
86 27
30 33
54 61
55 37
29 71
69 59
30 81
92 21
33 58
98 90
17 11
81 48
98 64
100 43
23 55
6 58
39 26
50 56
16 64
91 62
13 36
66 94
40 89
77 61
64 96
42 62
85 1
87 80
3 14
9 92
21 31
55 52
13 100
39 41
97 38
76 93
91 42
25 16
76 20
43 53
21 23
7 10
50 57
57 93
100 51
10 23
57 27
97 69
49 94
94 35
67 62
51 18
73 51
93 82
89 95
13 84
61 1
60 59
21 20
60 1
19 22
19 32
96 73
89 55
24 20
51 25
100 9
97 3
92 36
33 68
50 87
60 66
87 10
63 10
8 51
38 65
51 70
78 6
65 44
50 99
7 34
46 95
23 52
79 65
57 79
14 84
93 79
9 34
98 78
88 76
89 35
81 95
33 90
38 29
3 66
90 25
6 89
93 98
56 73
3 57
51 55
39 4
12 98
4 56
70 88
23 46
48 82
37 79
49 34
50 8
78 45
13 69
12 97
23 68
47 46
78 62
10 94
68 28
77 42
47 39
8 56
17 93
63 38
52 74
74 88
63 98
89 79
43 85
82 17
78 48
43 47
99 32
27 94
65 69
81 47
9 30
94 68
100 60
88 26
30 3
91 53
13 63
44 25
21 7
50 100
4 93
20 9
61 60
80 89
89 12
54 70
94 85
56 95
51 76
43 74
6 93
51 28
28 4
90 94
75 92
36 35
50 6
48 73
8 27
63 37
85 4
53 12
57 56
64 20
20 57
54 12
33 5
41 7
80 20
47 94
46 12
20 55
49 21
78 66
52 83
63 80
96 65
93 21
73 42
17 97
28 73
100 10
72 62
29 37
9 65
43 98
61 46
1 79
2 48
80 90
82 39
31 50
98 15
66 75
94 92
13 71
73 32
4 9
4 80
79 12
29 88
22 15
97 83
77 10
63 44
3 18
12 63
67 2
25 98
12 42
62 30
86 89
72 89
71 9
16 77
64 25
7 8
9 37
84 75
61 91
62 21
93 46
71 69
26 78
23 8
53 32
39 1
67 92
72 40
70 52
11 93
42 70
9 25
46 38
12 5
4 95
79 4
83 96
55 48
81 86
75 15
64 7
64 61
21 100
14 30
24 61
13 7
22 66
14 96
36 43
32 3
46 83
16 21
4 55
41 74
25 97
99 76
68 10
25 53
67 17
18 67
70 53
46 19
9 62
12 61
50 46
59 88
67 46
44 40
80 51
41 87
5 31
41 90
40 23
97 11
33 96
95 55
13 49
22 4
9 59
56 86
96 7
8 42
65 3
35 10
30 7
41 51
36 38
81 60
68 92
48 100
52 63
65 63
24 42
57 28
16 31
48 59
45 6
63 79
10 38
56 54
72 46
69 24
24 50
98 69
79 7
92 84
95 19
32 63
1 73
60 37
80 88
23 9
82 46
22 81
47 26
51 36
88 45
87 70
18 28
38 83
11 41
37 19
3 94
48 26
3 63
95 93
84 60
93 64
20 89
74 19
98 71
68 57
5 63
59 87
68 86
28 42
21 82
77 48
2 98
94 43
58 14
36 74
84 15
48 98
65 57
49 69
45 75
18 75
30 98
80 95
51 96
50 67
51 90
58 65
66 90
63 94
63 73
39 95
29 7
91 29
14 43
57 43
57 89
14 41
11 99
24 27
62 63
91 21
24 44
69 63
78 94
8 12
35 29
87 47
40 12
93 39
76 75
33 85
99 81
83 39
26 58
58 18
79 38
91 52
93 34
25 41
88 82
32 95
89 27
100 12
16 55
88 1
74 71
51 24
48 30
88 96
77 87
33 15
51 7
70 55
9 24
62 51
44 21
34 4
90 59
51 27
25 21
32 14
2 46
15 2
31 70
58 99
5 29
72 68
18 78
10 48
13 57
44 100
94 39
56 23
85 23
32 79
52 20
3 21
61 68
94 21
1 24
34 85
6 62
22 21
28 29
69 37
27 97
55 49
56 89
41 63
91 89
77 17
92 2
22 76
91 48
53 7
98 87
78 73
93 50
71 51
92 60
36 20
4 100
70 6
6 85
58 22
3 46
55 40
39 2
93 68
36 87
58 96
38 21
92 5
1 92
71 92
21 66
80 35
12 57
54 78
54 96
61 48
78 43
51 15
58 21
41 69
100 86
10 25
48 1
71 11
43 22
21 28
73 19
51 6
81 90
22 6
9 6
78 25
43 63
61 44
96 22
98 40
36 39
29 80
9 79
17 51
24 57
56 68
44 97
7 54
32 9
28 56
35 56
53 36
22 30
36 48
36 64
77 72
98 99
48 96
53 5
71 80
46 32
28 5
77 20
23 70
99 39
25 50
51 60
32 70
82 36
19 52
16 6
77 12
31 78
6 23
93 58
23 100
95 60
55 82
46 51
22 59
64 31
7 70
78 50
62 81
59 76
79 80
100 29
21 77
99 49
2 99
36 50
100 16
63 1
39 13
9 43
2 36
89 61
26 87
42 80
25 33
74 96
37 71
63 36
22 46
91 54
40 77
29 86
80 98
34 53
80 11
88 89
23 73
76 3
71 99
70 100
92 65
77 27
79 72
1 64
84 17
73 62
59 80
97 55
26 21
45 36
20 18
83 47
75 59
33 69
37 78
91 63
61 55
77 70
87 3
73 41
57 95
40 75
50 94
54 25
50 10
53 13
88 42
29 23
79 26
50 28
75 7
100 28
38 52
13 83
49 70
39 18
87 43
69 76
31 6
20 27
79 27
68 64
73 67
49 80
83 12
28 81
29 30
55 94
8 13
58 2
15 57
7 72
85 16
84 38
7 58
28 61
34 12
58 95
70 5
18 90
90 6
97 56
40 38
87 83
31 77
33 28
89 1
5 24
3 96
95 26
48 75
20 92
33 77
43 89
73 92
94 45
95 40
91 13
47 66
46 91
44 20
84 40
80 17
12 43
99 93
56 49
60 21
39 54
77 53
64 56
41 30
46 77
6 84
76 79
37 18
31 87
25 19
83 40
63 66
57 22
54 38
55 41
35 4
17 91
65 90
45 14
21 34
81 2
54 30
1 25
21 88
37 45
30 92
32 80
50 44
59 37
17 16
18 57
15 14
38 25
13 25
90 27
85 20
30 87
17 53
37 12
35 92
48 72
82 80
44 87
42 23
61 92
94 17
51 19
84 25
33 38
74 39
53 55
23 34
62 93
57 2
36 62
93 20
35 63
26 81
7 84
98 36
80 38
67 76
80 30
17 88
40 32
28 9
78 7
48 71
33 81
44 91
9 80
12 80
5 73
93 9
49 79
55 81
82 50
62 3
7 40
7 14
54 35
20 39
86 10
76 86
58 74
47 78
23 31
57 21
25 3
25 45
43 91
100 36
92 19
92 53
45 96
12 23
5 22
60 36
88 61
57 67
55 32
45 80
75 88
31 51
83 57
80 64
45 92
42 39
7 22
15 46
64 34
81 58
59 74
7 11
99 78
4 17
28 94
60 78
80 47
62 25
94 70
5 91
99 17
58 88
86 36
93 75
19 98
45 66
90 73
27 70
22 55
92 83
38 47
38 26
71 78
51 1
14 47
61 35
87 90
78 10
43 7
62 19
21 14
99 80
56 80
37 14
20 61
7 26
43 19
52 64
88 4
7 80
81 77
18 84
3 71
81 87
60 12
12 30
84 21
30 24
43 46
81 75
74 95
95 3
41 60
93 83
24 3
29 60
15 76
10 40
80 92
2 41
27 92
91 78
40 90
95 82
90 69
89 9
33 22
87 46
39 40
32 97
21 46
82 70
31 68
48 17
32 29
19 97
81 27
29 20
28 70
25 22
66 29
88 43
11 60
62 98
92 12
20 62
91 16
96 61
59 93
94 81
31 18
42 87
18 64
87 74
95 99
21 63
76 42
6 82
1 13
81 37
51 33
33 97
63 22
46 79
81 89
6 11
35 73
88 34
78 96
88 46
75 65
60 83
8 1
21 72
94 48
18 12
12 7
32 87
49 85
33 72
52 98
54 59
7 62
54 15
48 39
48 58
51 22
90 84
43 65
13 19
44 43
9 96
39 57
52 89
49 17
81 68
28 34
36 11
24 77
15 87
94 24
95 34
50 66
90 85
87 27
81 38
65 23
54 79
89 18
80 44
14 50
55 71
52 77
85 53
87 61
46 75
75 94
87 37
99 92
54 68
8 16
54 46
88 52
76 11
48 56
88 25
14 38
84 22
81 57
57 96
54 33
61 58
75 41
31 55
64 58
59 65
62 43
96 47
17 58
6 15
29 96
10 20
52 62
92 39
70 48
27 61
33 13
48 19
1 18
79 29
25 28
6 33
10 53
98 96
7 73
93 96
11 78
2 38
82 52
95 77
94 40
7 89
54 66
29 82
38 45
23 1
7 97
40 67
87 13
73 4
96 62
51 83
3 80
75 17
39 59
80 73
98 45
13 93
100 65
96 81
18 50
87 29
63 100
82 8
66 98
48 16
23 53
93 7
46 31
90 26
45 18
50 71
2 75
26 43
57 100
18 69
46 81
34 39
18 98
96 6
68 77
14 62
36 47
61 36
92 31
84 97
49 65
49 1
20 4
51 47
85 17
79 70
80 22
29 57
27 38
25 59
38 72
51 29
54 50
17 36
82 7
68 18
36 46
97 39
7 74
6 41
50 95
13 81
43 37
95 52
17 71
1 54
35 1
70 36
64 5
33 18
84 81
1 21
76 52
86 21
76 29
59 11
41 84
47 67
5 94
76 71
67 79
37 62
18 13
45 97
80 27
79 23
23 49
69 14
18 48
51 59
75 99
1 7
24 49
16 54
72 35
44 48
34 57
59 15
51 4
84 78
100 53
58 39
25 94
73 65
67 39
71 61
94 72
76 73
27 43
10 31
39 72
20 38
9 22
78 35
24 74
80 67
55 84
45 90
97 88
8 34
40 73
3 58
18 26
28 38
80 40
90 72
10 85
48 97
90 76
79 78
94 89
87 52
64 90
29 62
6 74
35 38
58 12
28 1
81 59
71 57
98 92
3 61
38 86
63 6
70 93
85 62
13 56
33 52
44 4
67 49
88 95
62 100
23 97
40 81
100 34
81 44
33 40
3 60
77 80
6 55
34 46
5 21
24 54
68 87
83 79
12 87
7 77
52 28
33 79
93 24
14 87
60 24
2 7
3 15
87 16
59 47
81 66
39 52
85 95
7 25
76 82
51 67
29 4
52 45
61 33
38 4
71 52
97 50
6 65
38 55
32 18
14 95
68 70
91 56
31 29
29 85
25 43
77 63
45 99
41 22
13 21
55 11
65 29
98 84
33 66
97 24
86 92
65 72
24 21
29 83
90 1
7 36
60 35
9 12
61 50
37 88
80 53
10 55
24 14
50 52
72 55
23 54
25 2
49 33
80 70
7 59
7 19
60 64
97 47
50 77
54 60
47 54
22 85
57 17
34 92
97 96
73 91
55 75
61 13
28 77
37 24
60 71
57 55
22 27
92 25
61 93
100 22
77 90
62 46
35 97
72 60
83 94
97 79
4 92
38 30
100 17
21 17
29 49
40 69
47 76
1 91
4 32
17 29
24 72
69 46
2 18
61 100
81 88
43 29
98 83
32 58
80 83
8 38
54 86
60 22
51 94
52 80
3 67
79 71
95 91
60 69
1 20
16 94
6 47
22 39
28 20
80 93
21 65
8 28
38 95
30 66
67 63
57 86
91 34
8 55
18 6
60 93
73 46
64 17
27 72
40 43
18 96
70 63
1 34
14 98
62 68
97 58
18 72
10 39
75 14
4 61
30 95
91 22
30 65
27 36
68 25
52 27
57 25
59 33
7 95
90 5
1 4
84 39
60 76
6 83
48 5
73 100
31 32
15 39
28 12
37 30
57 41
51 2
55 43
97 10
81 51
57 37
31 33
56 77
95 63
25 18
37 52
41 13
74 21
30 88
15 18
17 14
40 62
80 19
9 90
95 59
65 41
82 97
2 26
24 76
92 15
34 55
33 44
9 82
89 33
66 55
2 14
8 89
6 56
86 12
77 6
51 37
68 21
98 57
7 88
30 74
7 42
5 95
18 66
79 53
6 19
54 76
87 79
68 35
45 13
58 90
95 31
87 19
76 64
27 1
94 95
14 49
43 4
58 13
33 46
100 89
57 35
83 65
36 33
94 20
8 25
54 67
58 57
45 30
93 84
36 54
14 92
88 56
74 65
65 60
11 94
28 10
76 43
38 32
86 23
5 60
8 78
39 33
47 49
7 87
77 5
11 29
54 72
41 24
36 4
80 39
77 49
5 44
58 69
26 57
38 19
56 45
32 41
30 19
86 60
53 8
78 83
92 6
17 35
68 17
64 82
64 78
82 25
38 94
66 95
34 90
58 36
25 11
28 35
89 65
83 7
6 38
48 49
46 99
13 80
92 77
47 64
63 8
51 30
57 1
30 52
46 74
12 15
92 90
16 33
32 48
62 34
48 74
64 11
31 91
65 1
92 28
29 19
86 7
55 13
59 63
31 49
64 32
97 72
74 93
75 73
57 38
39 89
68 5
66 51
22 67
28 78
69 51
50 70
21 80
72 88
54 84
2 84
78 58
97 5
87 71
97 93
38 90
90 56
30 21
21 36
97 89
29 16
73 79
11 67
63 92
98 88
60 79
55 83
46 65
27 100
56 2
13 42
57 6
65 42
5 7
52 75
64 50
85 42
64 66
19 39
60 18
66 67
77 55
9 75
98 47
4 52
57 59
25 77
17 27
40 60
46 80
36 56
55 25
34 16
1 5
88 14
69 64
44 27
40 34
71 39
82 32
30 46
28 95
45 26
85 89
25 66
56 62
66 62
97 98
94 79
93 41
92 8
57 8
64 35
43 70
36 95
63 88
29 64
54 93
22 71
99 7
93 53
99 57
53 52
52 8
48 41
13 46
57 92
63 57
9 15
40 100
7 71
97 51
86 78
85 50
41 97
10 54
36 57
92 43
11 49
39 65
42 53
29 72
88 16
22 10
92 69
91 27
41 98
65 68
52 13
68 79
95 37
70 86
90 11
60 13
94 82
55 63
14 61
81 34
8 60
76 78
99 52
22 54
67 6
21 27
22 49
87 22
77 79
9 13
73 60
69 83
72 80
28 90
11 54
73 33
65 81
47 22
93 47
84 58
64 6
51 79
23 5
56 52
88 3
54 62
100 20
73 2
28 60
40 50
87 20
56 41
73 20
55 67
51 92
90 60
83 32
52 67
12 3
78 39
48 25
43 80
28 53
77 18
7 4
37 21
24 12
56 5
86 24
86 49
97 1
73 8
65 91
14 67
4 94
16 38
64 12
34 87
34 36
20 40
21 19
25 47
1 12
33 53
24 55
50 96
61 29
81 69
52 36
80 14
29 9
62 53
1 70
12 29
78 3
86 8
24 87
22 77
72 76
89 44
89 34
96 92
84 26
91 94
62 39
90 79
22 79
63 96
51 42
32 23
71 93
53 44
65 33
41 99
62 41
37 39
4 72
43 10
55 7
77 78
84 87
80 23
50 17
47 99
29 69
43 39
63 7
43 51
11 40
7 56
91 36
1 33
7 46
22 20
96 59
90 39
90 2
24 75
53 78
11 32
58 75
26 80
17 31
48 95
97 65
19 33
57 19
79 50
97 80
42 34
94 56
73 21
62 31
41 66
17 52
8 94
87 58
58 56
57 7
71 56
63 61
100 54
43 34
33 100
67 93
32 75
21 64
66 52
60 53
25 52
40 8
48 8
54 20
51 49
65 67
9 36
63 86
84 33
12 51
47 55
73 89
78 12
53 24
43 45
38 5
44 22
17 66
21 47
43 41
23 28
84 71
46 55
85 46
85 32
17 6
1 76
47 74
90 63
92 3
40 27
53 81
99 54
24 11
77 62
6 72
40 36
67 95
15 69
64 86
76 65
48 93
88 92
17 92
40 96
25 89
23 24
70 95
53 27
60 15
94 23
59 17
9 67
86 6
14 54
69 95
2 6
25 79
90 22
10 46
54 75
53 49
84 46
80 54
42 5
17 65
52 7
17 76
82 60
46 90
13 89
44 36
10 80
94 13
55 3
1 9
18 83
65 99
12 68
36 10
49 62
19 84
40 79
63 68
67 94
43 21
50 88
81 78
49 84
9 49
41 78
80 65
9 3
89 36
66 69
46 92
21 78
60 25
66 15
54 73
89 77
58 45
32 37
76 23
49 95
1 44
50 45
29 92
8 61
78 93
12 48
25 76
94 73
93 10
91 81
85 18
33 60
37 11
8 5
93 35
81 71
51 91
32 56
82 65
85 97
25 46
22 68
95 84
44 72
58 46
44 70
33 86
93 45
40 63
27 9
68 40
81 80
12 59
75 98
15 11
74 12
40 82
1 80
41 76
41 79
6 43
13 44
92 76
51 61
90 68
66 79
71 83
17 18
62 1
24 52
95 97
57 33
71 66
76 26
77 23
64 37
5 9
78 88
94 84
91 35
46 60
100 82
38 69
15 79
86 25
7 85
85 86
80 94
76 33
65 51
40 21
31 88
59 92
48 40
27 13
44 55
58 9
25 49
30 79
24 34
65 64
98 13
28 40
96 71
57 5
93 44
65 11
41 15
45 95
42 68
4 24
65 37
4 57
3 39
75 71
52 58
3 64
15 25
5 16
74 90
60 14
82 24
62 83
33 88
64 75
55 9
85 8
47 2
9 66
16 60
37 96
97 60
3 50
97 16
72 13
54 17
88 48
38 42
38 99
32 27
17 24
53 72
33 8
91 10
33 48
40 71
9 83
76 66
79 36
2 71
80 75
9 18
15 29
47 29
49 57
17 98
27 31
25 24
78 22
94 59
24 64
85 100
85 65
3 2
3 99
99 33
65 87
54 57
86 42
8 76
41 49
1 72
98 54
15 50
56 11
93 37
73 86
65 45
48 85
12 26
50 92
64 9
67 98
78 92
97 2
25 32
73 9
70 92
74 11
71 54
28 72
39 76
55 86
52 90
57 72
30 78
17 2
73 82
16 92
24 36
51 39
66 73
44 52
17 72
39 35
78 74
95 22
89 90
3 36
100 31
61 45
76 10
24 58
75 96
78 33
22 48
61 37
99 48
6 49
88 87
70 91
76 45
90 70
16 42
52 84
66 37
55 33
27 64
93 94
27 42
76 5
75 30
45 39
52 100
67 75
20 12
2 29
32 20
8 81
36 94
46 35
81 52
17 79
97 37
72 82
37 3
44 92
50 51
16 81
40 65
68 6
29 90
21 39
13 32
17 22
48 50
52 78
15 99
42 90
97 53
99 56
48 92
21 50
43 99
61 85
31 34
34 6
94 33
26 98
43 23
5 100
24 95
82 38
44 35
60 19
62 17
88 13
33 2
17 26
93 43
9 87
50 13
40 78
44 8
66 93
32 84
18 44
30 39
97 43
18 71
90 7
61 98
75 57
90 3
49 64
82 81
65 77
30 32
43 86
62 23
58 25
69 3
79 55
16 36
16 51
15 55
70 46
98 46
76 83
40 31
38 60
35 85
53 63
87 93
88 100
6 59
72 34
87 45
79 99
18 30
74 62
51 32
48 89
10 29
2 66
24 92
88 67
35 31
8 24
67 26
40 97
7 47
1 22
51 85
66 83
8 68
11 92
61 18
12 16
57 31
58 54
24 33
6 13
79 35
7 33
75 79
93 19
49 75
22 34
7 6
70 72
58 29
48 90
49 52
18 29
3 84
58 40
7 50
92 23
6 98
53 6
2 54
13 38
57 14
34 76
41 61
58 38
95 79
77 13
23 22
64 99
47 60
77 82
35 50
10 12
29 41
67 96
14 63
27 35
23 61
71 6
8 64
95 13
51 20
42 1
76 31
87 76
70 38
55 1
74 9
10 13
26 37
45 59
89 24
28 39
46 17
98 51
55 92
40 47
22 31
35 13
56 9
88 32
94 54
95 47
48 13
19 94
99 6
59 99
14 13
67 87
23 64
17 37
55 99
60 23
32 1
69 43
43 61
68 16
14 83
24 39
33 67
98 38
89 76
74 51
13 24
47 50
6 48
82 22
95 61
75 22
87 92
93 85
46 1
22 69
18 27
80 86
42 43
74 18
31 60
79 31
31 86
28 17
64 85
44 57
26 30
40 92
87 82
14 99
5 79
4 64
92 56
51 45
39 12
92 66
20 50
100 72
49 72
76 58
41 58
65 47
48 66
13 12
9 85
33 56
17 95
79 84
86 16
36 37
9 31
96 43
81 4
9 16
15 94
86 1
96 41
91 55
59 66
20 48
65 66
30 59
20 34
71 30
85 80
5 18
49 54
17 19
66 49
56 17
29 44
49 87
15 95
21 51
67 45
5 50
16 4
99 26
17 5
70 21
29 78
56 81
39 68
40 46
43 28
39 9
95 53
53 9
33 41
5 35
78 59
90 99
46 14
27 93
96 36
46 41
14 78
21 61
75 43
64 73
22 40
18 42
26 56
15 78
76 97
61 22
45 32
72 12
68 73
100 92
91 40
18 43
96 99
91 50
51 89
97 64
14 79
97 73
49 58
42 94
49 82
49 60
63 58
66 80
32 42
90 49
84 96
21 8
26 74
13 34
49 36
71 25
93 3
93 88
13 26
62 13
38 17
35 86
14 56
74 69
26 22
5 40
82 92
99 60
60 20
29 45
29 89
75 51
68 60
37 99
3 7
48 63
19 47
57 70
54 4
51 57
70 34
36 8
56 93
43 81
3 29
78 57
4 50
37 40
3 54
21 67
78 72
52 3
63 4
54 41
63 39
88 66
25 69
88 12
74 60
54 37
68 97
37 46
48 67
48 86
75 21
89 38
89 22
55 65
49 44
48 21
24 40
29 53
47 3
88 49
30 2
99 69
55 62
60 80
84 67
29 21
78 19
23 51
17 30
49 73
83 15
46 66
40 42
69 2
76 56
43 54
97 9
32 34
21 6
84 12
86 13
31 12
94 18
50 27
89 53
72 85
90 4
69 93
54 53
50 86
43 5
7 65
5 82
6 32
17 43
14 97
85 70
32 62
50 30
88 47
93 91
55 93
16 7
81 72
32 76
95 2
68 27
16 62
11 88
17 44
73 45
97 66
37 2
52 18
38 34
33 92
88 69
90 54
37 47
46 48
86 72
90 100
37 73
24 70
87 51
36 18
15 32
79 21
11 50
1 82
90 21
99 36
23 33
93 90
10 9
96 52
22 24
96 76
72 36
48 64
73 61
21 54
15 36
73 6
91 9
29 56
16 43
87 5
12 14
6 76
75 56
47 58
63 23
47 33
14 81
70 81
54 88
97 57
10 79
42 97
60 98
60 62
44 12
51 95
64 62
82 34
41 47
99 19
27 25
10 90
68 76
52 46
6 52
100 77
17 13
14 26
97 20
67 99
36 55
99 87
31 56
56 22
63 99
40 74
78 65
44 54
59 13
67 13
27 78
56 1
77 54
12 27
48 3
8 46
37 94
58 62
81 21
48 29
79 98
24 80
96 87
11 45
85 88
32 69
71 21
88 90
78 75
86 88
60 17
65 12
83 36
62 99
39 88
97 94
76 2
91 85
37 75
18 40
43 90
97 91
93 89
57 90
2 21
57 46
81 93
91 86
63 83
98 65
49 3
18 55
19 9
31 25
4 6
78 61
58 71
89 46
100 24
61 42
31 72
50 29
91 20
68 100
87 23
79 3
65 70
22 18
41 12
7 44
54 97
40 41
9 51
9 26
66 74
4 13
45 47
15 48
85 79
68 4
60 67
28 7
36 78
4 49
96 13
76 91
27 60
88 73
79 6
89 21
73 15
74 22
30 63
87 35
12 47
82 86
55 88
94 99
65 50
35 52
25 6
53 1
23 82
16 57
16 40
30 55
27 88
9 14
28 24
100 6
41 71
29 27
79 74
79 28
32 52
90 8
3 22
21 76
42 100
23 89
1 52
27 62
33 4
98 59
92 41
62 59
9 46
51 14
76 84
11 22
61 76
75 60
44 78
24 63
36 97
26 60
36 23
97 71
26 50
48 83
43 1
82 27
93 16
59 61
18 38
54 40
80 55
35 40
69 62
30 15
35 16
53 31
38 100
68 32
79 16
37 74
87 48
70 12
45 7
20 23
9 61
77 94
74 81
31 7
17 33
88 24
46 4
43 33
14 11
52 9
42 82
69 12
2 64
38 67
53 20
42 56
38 3
71 36
54 64
49 16
49 63
90 19
65 95
48 54
21 42
30 76
76 48
80 28
24 67
6 60
8 9
98 29
26 64
98 39
73 34
75 3
20 68
43 38
42 60
8 20
96 32
100 32
19 66
80 31
61 25
45 55
61 16
63 51
43 52
24 16
44 77
49 74
62 8
87 17
40 6
33 12
70 4
55 98
29 6
63 45
49 30
82 12
84 64
8 35
78 5
84 36
18 35
1 16
34 25
80 25
6 30
21 96
69 7
31 8
26 15
31 61
15 19
40 14
69 78
78 38
46 100
35 25
35 81
82 51
85 55
5 25
31 13
11 66
30 90
83 88
52 42
24 81
95 62
46 6
51 10
96 24
47 61
42 9
36 73
22 73
6 42
27 16
63 50
52 65
5 54
90 95
12 17
86 40
27 63
70 35
26 24
55 68
28 82
34 54
55 96
41 59
94 69
22 8
9 86
81 54
78 51
81 49
68 50
77 91
9 98
55 39
38 75
11 96
79 34
94 86
30 97
88 53
67 32
97 26
92 81
28 46
93 18
11 69
46 97
11 26
44 73
89 78
25 26
81 25
50 19
62 22
100 97
38 56
75 25
11 48
65 94
83 25
59 58
84 45
95 54
56 10
43 49
48 28
97 63
80 69
94 22
56 46
8 100
79 58
35 32
96 30
99 51
22 53
43 8
43 73
55 17
81 76
6 1
18 34
12 32
82 85
73 25
86 79
47 69
38 41
67 69
43 59
97 86
19 88
70 17
70 76
31 85
74 61
80 100
11 52
93 23
44 31
72 87
62 82
91 28
68 85
32 72
64 95
15 64
55 27
69 26
64 30
29 42
75 69
97 31
54 55
85 12
73 27
65 53
10 70
73 53
4 89
34 29
97 28
60 48
77 4
34 86
39 75
90 23
83 24
91 87
9 84
36 29
48 65
43 50
16 65
56 21
1 31
97 61
49 71
50 42
56 34
57 77
45 9
97 21
100 78
44 10
16 78
24 7
64 89
63 34
80 48
9 41
19 96
92 49
75 87
84 57
52 61
2 55
45 40
52 92
67 74
21 45
42 36
42 20
24 71
76 38
57 64
92 58
13 99
83 95
16 44
80 74
30 67
62 88
62 57
21 69
19 75
15 13
100 64
23 91
29 68
38 44
19 59
59 24
56 59
91 64
80 61
56 61
28 85
48 43
24 79
36 75
61 11
47 52
14 48
53 21
50 76
73 31
20 63
62 75
95 35
86 65
6 8
15 52
25 4
79 61
28 87
85 24
70 89
74 32
50 41
11 38
33 21
94 52
88 60
14 36
19 65
7 32
65 34
8 49
91 39
64 77
40 57
53 64
83 58
56 12
1 95
32 61
37 41
17 39
89 62
98 76
84 47
65 84
13 79
74 99
13 23
40 19
26 33
4 40
12 96
36 31
77 9
76 62
12 36
76 85
2 79
29 77
35 22
74 97
51 11
41 3
73 85
36 68
79 8
22 42
35 43
3 43
56 63
40 56
87 89
25 99
93 36
39 50
43 83
8 88
23 95
55 26
87 54
38 39
19 18
73 24
7 23
81 12
46 96
32 33
29 67
1 87
62 45
18 79
82 56
63 60
84 63
46 49
73 13
7 67
80 78
8 93
47 92
10 92
14 93
70 29
12 91
92 32
46 45
16 56
19 24
12 76
86 61
83 2
88 10
5 36
5 34
82 68
89 92
85 25
13 75
44 88
39 73
61 67
58 37
46 24
29 73
49 45
60 52
92 37
9 99
8 4
96 26
93 86
22 14
71 26
17 89
91 32
10 24
39 5
70 60
31 28
79 42
46 78
26 63
29 1
50 73
65 18
57 23
52 12
76 7
84 48
76 49
48 79
66 57
65 62
55 14
93 100
76 77
77 60
12 90
63 46
98 73
15 56
17 3
56 43
31 48
55 19
72 8
59 97
65 14
6 39
66 99
48 69
23 44
39 61
36 30
29 75
10 61
81 83
1 36
44 95
82 10
19 41
45 17
32 5
71 12
73 52
61 26
18 24
66 61
75 97
64 88
88 84
47 73
6 28
73 95
26 3
44 60
22 97
36 22
48 47
87 55
56 53
46 86
73 30
35 34
2 59
61 69
21 4
48 45
78 90
73 83
41 21
81 17
60 7
95 20
79 81
78 9
60 4
83 19
94 58
43 66
74 55
56 60
90 13
19 2
71 95
57 74
82 4
63 64
19 61
77 73
24 99
72 16
94 71
42 31
95 41
97 77
81 5
71 73
75 6
90 71
79 52
77 43
80 50
59 32
11 12
50 83
85 60
32 57
22 65
57 69
88 77
15 90
93 1
16 52
44 94
41 83
50 38
8 65
80 5
6 80
25 74
89 82
5 27
48 4
31 81
27 7
79 39
65 13
80 76
67 19
6 24
38 9
63 18
90 96
47 18
8 77
94 14
98 22
93 5
9 44
29 94
1 17
66 84
60 9
32 16
84 24
60 91
45 64
12 93
30 43
2 88
73 11
39 69
71 65
73 69
22 2
80 57
73 93
95 33
3 51
32 21
56 19
77 86
45 33
90 82
73 59
25 96
68 78
56 37
63 82
31 94
83 22
20 72
56 84
16 53
87 78
70 78
73 3
64 71
39 87
90 17
63 17
28 64
53 46
32 26
87 60
46 59
32 10
70 62
49 28
90 55
9 54
52 57
55 69
25 20
88 68
38 59
15 58
47 79
98 24
40 2
74 38
17 73
16 22
70 40
24 62
22 50
28 44
67 25
20 7
71 45
76 94
14 39
44 34
74 13
96 60
73 72
84 69
24 65
40 59
38 53
40 13
29 52
78 56
94 53
89 10
76 53
72 51
17 23
46 16
32 47
45 83
74 63
47 17
21 52
1 77
51 64
3 56
81 19
31 24
93 77
95 42
14 52
46 39
66 56
92 7
18 92
92 74
7 17
38 24
99 73
83 90
27 33
79 44
43 82
44 82
22 12
22 37
74 84
12 66
62 90
16 73
38 88
97 34
69 6
35 76
71 67
21 12
53 82
44 90
55 60
55 12
25 72
29 33
71 43
30 84
64 10
81 61
52 26
70 39
27 48
5 6
74 50
12 67
4 18
99 30
54 65
26 41
76 63
18 88
63 11
42 55
95 75
50 72
84 59
71 62
81 85
29 25
32 39
49 35
18 87
65 56
20 79
63 47
62 44
14 59
11 47
34 61
39 81
50 62
27 49
87 25
90 91
27 23
33 10
10 72
52 54
81 45
79 19
34 10
10 21
82 61
78 32
13 97
98 11
62 33
54 63
68 91
15 49
70 97
47 30
65 26
50 1
87 85
100 91
58 19
43 67
66 38
23 16
12 35
48 34
54 51
11 9
7 66
8 29
83 21
86 4
24 45
50 69
6 35
55 5
1 78
37 15
62 15
32 60
85 38
62 26
62 47
25 56
13 76
70 18
56 51
51 58
67 37
38 87
28 22
5 62
30 93
51 68
84 37
16 95
20 13
41 94
59 21
94 26
55 29
1 94
98 21
47 56
31 20
17 8
78 42
60 45
39 7
81 50
19 54
97 90
67 36
29 84
29 95
21 87
100 39
52 86
18 16
76 9
83 11
55 21
12 19
17 41
49 96
40 51
66 39
79 59
60 30
57 48
68 38
13 68
80 58
56 39
70 61
6 87
9 63
14 90
38 77
94 7
49 68
94 60
84 50
94 12
60 58
14 64
67 59
57 60
5 10
18 56
1 40
73 58
23 39
97 6
86 53
29 14
7 61
15 71
47 71
34 60
48 24
49 18
90 61
72 56
68 43
99 61
44 56
94 64
89 42
36 65
40 53
61 5
27 76
88 20
65 20
42 72
87 73
31 38
45 12
7 37
19 69
90 67
20 16
81 10
51 86
10 62
84 43
71 33
48 37
91 18
83 74
34 51
79 69
48 7
41 18
28 16
81 36
8 39
50 90
80 33
37 80
16 50
81 9
26 54
24 47
29 54
45 69
83 49
22 13
32 94
8 97
78 63
30 69
33 20
12 50
59 49
6 3
50 33
23 81
91 24
39 77
65 27
68 34
76 28
17 20
17 42
76 55
57 53
57 91
61 6
75 47
