100 4077
34 2
89 17
95 7
23 69
16 92
78 51
36 63
69 72
27 33
75 73
35 57
78 40
76 55
82 12
42 29
81 72
74 1
78 52
51 36
14 19
15 65
15 5
31 64
5 18
13 71
35 59
100 80
9 10
11 40
16 11
79 9
24 8
4 88
22 56
65 3
4 2
54 6
65 77
36 24
18 4
20 58
100 59
54 50
98 32
36 11
68 64
59 48
90 25
39 6
85 48
74 66
61 38
6 11
39 75
65 16
52 16
43 6
7 13
80 9
4 89
27 88
74 30
58 79
31 56
64 94
87 40
62 19
45 53
34 14
82 96
41 75
22 9
52 38
21 85
98 25
66 40
98 56
59 65
65 33
74 92
65 8
13 96
35 46
2 66
18 97
20 75
32 45
61 81
61 48
85 25
69 38
25 31
9 47
63 72
69 17
48 28
7 27
12 85
71 22
70 79
21 19
57 47
69 92
73 80
37 61
88 8
54 71
90 55
60 36
90 21
56 34
24 69
4 11
40 58
21 60
1 46
12 38
19 66
31 40
12 84
75 96
98 72
85 4
48 25
28 68
7 58
45 49
53 63
98 63
1 64
48 67
36 29
40 64
10 88
10 21
55 74
17 16
40 100
86 78
76 52
12 76
65 30
3 79
38 46
21 44
54 2
53 25
92 30
59 75
5 57
50 85
66 53
26 11
34 83
45 11
64 58
8 66
44 15
33 86
6 56
18 50
65 58
46 26
88 52
92 95
90 93
19 16
75 11
55 10
42 50
54 14
28 59
48 92
81 96
34 16
5 70
54 19
3 55
30 45
64 56
23 40
7 61
100 15
66 79
13 1
76 58
43 67
61 18
90 72
25 40
92 6
59 87
53 75
95 63
12 97
30 73
60 38
36 67
81 51
94 53
44 99
9 12
53 58
22 65
29 37
100 36
23 95
87 63
57 34
19 87
50 11
8 71
29 60
92 38
68 88
90 7
52 33
65 87
63 2
37 49
50 38
81 60
55 79
48 51
31 95
57 16
53 90
66 44
7 20
4 50
13 25
46 28
21 87
40 42
41 69
34 18
85 89
33 16
37 85
43 34
83 45
61 58
18 30
24 75
2 73
11 78
39 12
34 100
86 43
76 22
66 1
42 51
47 70
12 52
68 73
76 2
42 2
75 21
31 57
10 4
1 29
59 15
51 46
21 68
76 62
9 51
37 80
64 69
46 88
58 63
90 8
23 73
68 9
59 50
30 83
19 94
73 37
3 82
63 99
84 8
30 24
29 86
100 49
81 85
15 53
78 12
8 60
76 20
45 96
77 64
53 34
58 11
55 43
69 15
93 1
14 59
53 72
29 47
75 7
9 11
28 89
76 70
57 89
38 94
78 77
33 5
96 76
75 84
71 93
44 50
32 72
77 97
33 67
30 39
15 51
7 60
69 86
38 17
81 43
57 46
88 39
43 18
30 84
16 69
18 42
5 19
5 34
34 52
6 42
10 28
79 95
97 55
52 24
5 96
38 63
45 97
58 46
10 29
3 44
72 23
21 63
48 18
52 86
65 80
32 30
11 33
41 39
52 1
74 23
74 13
21 55
97 48
76 80
39 49
86 6
77 16
12 67
37 10
96 97
69 75
11 85
81 22
18 26
55 88
90 61
82 39
63 31
89 15
67 85
62 99
51 45
68 24
26 93
18 79
47 46
71 77
68 48
57 25
96 88
89 78
26 45
93 57
60 72
6 35
89 54
39 40
41 4
14 95
50 96
49 47
40 77
22 44
14 64
1 81
96 37
91 15
73 60
51 58
23 17
94 75
95 98
63 52
2 28
51 94
20 81
80 91
78 24
66 98
4 28
17 27
80 85
45 79
32 52
59 93
24 85
76 19
77 83
64 3
22 19
94 8
40 95
73 31
79 12
64 61
43 24
55 77
33 87
11 69
46 4
95 53
43 33
78 16
81 93
41 95
91 41
17 82
41 82
92 81
70 60
17 45
52 28
93 84
44 35
46 79
42 59
19 72
99 58
20 67
74 78
37 88
16 73
67 37
41 86
20 94
89 96
48 27
45 7
72 65
84 42
81 6
70 65
36 43
50 88
84 33
45 21
73 56
40 30
91 100
78 95
54 69
99 1
46 70
9 95
78 5
6 68
94 76
73 13
10 62
78 6
52 80
40 94
53 62
71 23
6 23
10 76
51 21
3 72
86 80
83 60
32 6
47 93
77 96
9 24
47 81
80 78
62 25
52 2
93 56
60 13
84 24
72 34
76 4
51 26
29 50
11 82
21 20
51 14
21 8
84 54
18 64
13 14
61 2
44 63
1 68
2 64
96 26
99 46
64 75
67 97
54 11
89 10
11 8
100 8
97 86
85 74
74 94
96 52
50 17
1 83
64 8
67 6
94 54
65 27
68 44
33 45
16 37
56 10
67 27
52 43
44 64
29 43
75 23
24 80
89 86
9 84
66 72
7 14
1 85
1 54
97 78
78 3
15 50
86 93
71 16
28 26
83 25
43 12
52 100
95 20
95 89
21 73
70 38
1 20
23 37
77 27
51 28
48 21
65 36
82 4
78 59
68 53
45 58
12 45
40 52
34 84
11 1
81 35
23 12
72 59
43 91
36 69
70 41
65 78
93 62
44 10
97 81
67 31
51 13
73 62
1 79
99 90
33 81
47 82
51 29
55 84
65 17
72 99
33 14
6 76
28 24
87 99
43 45
14 26
60 27
17 43
57 61
38 65
69 25
82 68
60 31
60 97
91 26
78 17
91 76
39 67
11 7
5 48
14 16
35 33
45 39
82 43
61 34
34 47
10 97
75 33
96 73
36 46
86 59
60 71
12 99
33 58
40 81
34 28
54 75
85 52
3 52
47 60
89 60
42 60
22 63
5 50
16 28
94 11
92 1
97 40
52 8
17 54
19 88
63 12
78 63
37 77
42 16
12 10
68 58
29 24
26 22
73 100
59 46
59 62
41 10
100 89
58 1
50 55
69 78
41 63
6 7
53 40
2 93
77 30
23 100
64 48
40 71
4 55
40 59
19 12
88 30
49 24
64 87
65 44
90 29
25 73
96 41
99 81
28 47
94 61
85 51
78 82
69 70
30 57
57 94
43 96
79 72
43 10
54 12
37 12
35 73
80 82
60 74
69 51
28 80
25 72
86 63
86 36
36 80
92 58
83 31
17 99
34 13
18 63
93 98
92 83
32 87
24 41
49 85
66 45
8 99
36 37
63 73
29 25
68 45
22 79
70 54
54 45
26 56
99 50
59 18
94 93
38 21
99 68
86 12
79 88
4 73
31 45
13 32
37 60
39 34
74 87
7 49
30 1
56 55
1 77
53 80
86 84
98 59
85 69
84 70
99 32
70 37
84 43
55 23
76 27
16 31
97 15
55 51
8 14
21 18
3 62
28 63
71 32
11 12
92 76
48 39
42 81
63 32
52 69
5 88
13 46
18 70
97 41
72 30
47 53
22 7
29 58
16 67
48 89
100 17
38 91
79 83
63 10
44 92
48 62
94 68
63 79
61 14
85 84
79 47
10 66
79 44
33 79
28 91
47 7
24 59
49 28
37 39
33 19
77 34
9 43
69 13
96 100
20 19
34 63
73 67
49 52
18 10
1 23
46 48
54 61
60 3
13 81
85 54
15 73
97 5
46 77
79 40
84 46
45 98
81 90
18 93
15 23
37 52
61 83
98 74
25 75
77 41
38 66
67 40
54 88
78 85
85 10
77 21
26 79
52 21
69 94
34 92
40 72
21 93
98 68
68 5
69 47
66 82
7 71
81 14
23 22
26 99
40 56
82 77
6 21
94 67
59 43
42 78
82 1
15 99
59 27
68 23
95 69
77 90
93 29
43 93
35 31
78 96
6 79
62 94
50 65
10 79
21 62
16 30
39 9
11 23
57 21
91 40
94 63
100 10
53 71
2 82
34 20
100 43
26 40
90 69
48 10
37 40
12 6
48 66
95 72
79 51
27 99
10 23
12 4
49 93
10 46
93 23
13 9
31 32
73 17
95 70
87 93
7 17
77 54
19 18
19 11
67 54
45 100
25 6
1 95
1 98
65 48
32 56
9 100
65 4
28 75
8 38
73 57
10 20
1 16
46 97
92 72
58 26
17 68
16 72
27 57
52 94
25 44
10 67
44 24
26 39
5 10
99 19
40 76
66 26
100 48
14 63
80 38
40 69
75 87
9 72
6 40
73 71
40 14
74 14
37 84
76 26
9 89
52 64
73 94
4 24
67 63
20 26
26 69
25 21
57 18
16 97
78 13
30 10
6 96
2 59
73 66
84 6
91 73
65 99
16 84
31 13
38 14
9 96
2 23
42 43
85 60
56 35
93 79
22 29
1 61
67 100
61 98
2 79
11 96
40 61
62 26
60 2
89 44
67 65
67 75
57 37
87 35
32 9
57 64
8 43
47 75
38 74
25 74
78 72
44 30
51 11
59 70
67 57
57 70
13 33
71 69
31 11
4 29
7 88
51 73
26 94
2 21
80 7
94 66
69 84
32 35
4 19
42 41
93 12
69 88
68 76
25 16
9 70
59 64
89 68
99 57
99 2
36 16
4 97
5 79
38 18
50 68
38 20
100 57
73 92
26 90
17 9
78 7
74 37
37 71
90 74
29 38
70 27
89 63
36 33
2 12
34 74
46 3
34 65
56 44
32 92
42 19
38 89
23 16
94 79
89 18
83 7
74 20
19 56
8 37
50 70
58 59
22 82
24 73
26 60
10 59
60 19
89 80
35 10
46 94
38 53
16 35
54 80
19 40
36 40
23 28
57 69
88 12
26 68
19 35
57 79
65 93
49 16
29 96
54 58
63 75
86 30
56 16
91 82
68 8
34 58
54 5
75 90
66 7
87 82
33 72
44 96
58 6
97 73
11 84
68 15
21 99
47 78
99 92
55 58
45 63
18 20
76 33
22 8
52 75
44 11
59 47
66 33
45 29
5 91
56 68
71 66
11 86
7 1
31 3
4 53
53 84
82 24
39 80
5 43
20 96
62 16
2 22
40 15
52 83
3 13
55 69
24 86
61 69
8 46
89 16
18 47
58 3
52 9
56 8
34 8
26 33
21 7
95 4
49 75
34 78
26 41
45 16
100 51
69 31
73 11
2 33
64 6
31 62
22 59
93 92
14 82
100 18
64 25
4 42
32 33
84 78
27 78
55 28
54 43
13 67
63 62
51 32
99 14
50 95
9 35
67 23
20 2
48 19
60 52
70 24
67 82
86 27
33 34
49 70
21 81
90 64
97 70
27 10
97 85
19 100
46 25
82 95
56 23
9 56
30 13
74 58
60 100
46 80
32 22
24 46
72 55
48 55
85 96
28 57
83 76
6 51
79 49
100 69
64 35
81 78
42 54
95 15
56 1
7 69
40 65
47 91
7 37
14 25
59 73
69 1
30 51
1 51
66 25
15 85
9 75
17 33
50 48
25 1
45 9
89 8
20 78
39 28
15 4
23 98
45 93
44 74
9 63
92 40
37 98
37 42
2 78
10 80
41 18
15 96
29 15
87 9
91 12
7 25
59 97
82 74
54 57
44 37
76 21
86 79
65 12
11 24
65 20
41 85
69 29
61 73
82 38
87 6
34 46
53 1
15 11
87 56
55 9
16 15
7 16
36 99
22 14
30 59
60 78
50 34
19 38
44 61
92 13
72 46
23 4
59 56
77 76
95 37
35 71
18 94
65 89
46 54
53 33
41 51
87 44
15 67
72 26
54 73
32 96
70 73
9 54
44 31
82 31
39 18
26 48
20 79
39 50
41 49
44 14
27 42
93 7
47 4
74 76
30 98
4 39
95 61
42 11
83 81
30 48
74 83
26 98
71 64
51 7
35 25
81 53
55 8
69 35
23 87
36 27
33 98
11 47
39 57
14 11
23 78
95 55
47 37
56 77
10 17
86 70
93 55
81 18
43 69
56 71
49 2
79 89
26 5
99 100
90 1
12 80
13 82
47 95
59 68
81 45
68 32
25 87
82 46
41 29
99 69
60 50
1 37
61 45
42 73
8 42
83 13
69 22
51 25
11 46
77 32
38 34
18 86
65 10
13 20
13 76
6 98
43 4
55 67
23 81
100 42
93 85
54 13
70 23
21 11
59 29
82 15
18 6
25 30
85 90
17 44
1 65
76 35
71 2
44 98
93 58
43 41
69 81
3 87
33 30
23 31
6 95
60 86
35 45
26 95
17 24
95 67
34 9
96 63
65 29
15 18
45 46
85 83
6 57
34 80
67 3
75 46
2 55
64 72
79 85
94 1
83 94
82 69
78 50
19 63
57 33
19 28
32 60
27 24
93 6
81 29
5 85
26 89
47 54
45 25
75 1
82 37
23 24
98 19
11 25
81 54
96 35
33 92
26 19
13 55
81 66
99 98
78 99
15 63
4 96
76 72
14 53
26 8
8 72
61 82
77 3
32 11
40 75
22 40
27 40
97 99
44 43
77 25
23 80
34 25
81 4
80 41
77 33
15 93
88 2
79 68
90 37
6 26
87 37
25 60
27 80
67 30
90 22
98 58
20 31
31 18
53 73
33 22
55 25
74 33
58 90
23 84
9 31
73 6
77 4
71 11
95 91
36 44
34 29
39 86
51 90
13 44
37 46
30 29
53 7
85 70
89 53
7 99
36 79
74 29
54 96
16 46
7 18
6 63
67 47
56 20
79 74
87 78
93 16
75 42
99 96
43 46
81 52
31 72
39 33
45 56
13 62
21 95
100 75
54 74
52 68
56 75
12 46
34 81
71 61
86 2
93 75
59 51
80 40
13 85
32 69
63 25
89 30
51 82
73 93
43 70
39 55
7 4
82 19
64 7
7 34
59 60
48 58
32 40
34 15
57 42
49 19
77 26
64 81
57 82
28 73
86 48
16 64
81 91
3 56
55 31
38 86
96 58
69 65
97 39
67 42
44 55
100 79
90 14
74 19
74 53
49 44
23 7
70 39
59 99
96 40
100 4
21 72
23 39
32 54
29 31
15 47
20 16
33 99
85 46
85 14
53 20
84 36
20 29
57 68
32 90
86 40
72 77
95 25
96 64
74 64
16 88
78 25
17 18
99 53
55 98
29 87
25 68
35 40
54 97
40 20
28 29
17 81
79 69
98 75
30 11
22 38
30 55
84 76
63 33
50 36
57 55
100 41
73 55
26 52
93 82
100 53
71 10
26 78
39 81
56 85
27 73
49 57
15 77
47 41
10 1
41 40
89 12
25 92
85 44
2 36
30 61
47 68
29 21
61 21
55 17
92 64
63 39
18 90
67 61
63 29
51 70
56 51
29 72
82 8
6 61
10 68
11 55
73 86
95 39
22 48
46 65
47 8
30 38
35 95
65 53
8 93
94 2
24 7
58 56
60 49
73 18
78 45
48 71
71 67
71 51
12 26
64 76
60 75
8 91
91 18
37 19
88 36
79 35
65 52
96 36
87 96
52 99
96 3
20 61
92 45
16 5
79 92
27 49
90 2
64 78
48 75
31 68
42 53
80 42
3 51
10 40
84 82
60 56
71 45
62 6
52 73
6 77
24 33
74 96
57 80
23 42
57 17
16 13
33 85
52 61
67 87
94 3
86 16
55 45
88 51
54 36
90 82
67 8
22 75
33 89
63 24
9 76
6 34
59 4
95 86
95 54
98 3
69 4
69 37
61 68
9 40
73 22
50 81
67 18
31 33
71 98
52 66
7 44
52 46
98 14
63 40
32 78
46 9
31 75
76 34
34 30
78 71
95 60
85 36
86 53
47 17
2 67
64 83
44 40
81 100
15 37
66 63
38 75
99 42
39 89
50 69
41 9
23 97
45 34
38 42
91 84
64 63
59 61
78 57
19 50
8 41
46 20
3 75
30 93
69 34
67 22
89 97
6 16
21 3
17 51
30 94
94 34
23 21
66 67
54 92
71 3
12 55
71 85
48 11
98 13
10 49
24 2
63 56
57 51
6 82
29 73
45 48
34 31
35 13
68 84
26 59
76 45
89 77
49 77
27 41
2 65
78 29
78 49
49 50
69 28
96 94
29 5
64 95
51 62
48 40
23 18
10 81
10 31
9 19
12 34
21 13
60 22
50 9
97 68
46 91
98 64
26 42
76 17
32 19
24 55
53 56
82 23
37 62
2 35
81 8
29 9
13 99
9 88
44 41
29 12
37 17
94 45
59 6
67 21
63 5
20 60
8 28
31 2
59 90
52 41
13 19
21 31
72 62
5 27
56 52
51 87
5 59
58 32
100 65
8 61
88 45
38 55
94 13
14 3
81 32
74 2
7 36
86 37
98 69
69 74
2 53
42 95
88 63
77 87
11 2
50 75
37 14
84 27
56 7
7 96
73 34
38 64
58 30
20 32
51 65
40 49
79 76
50 76
20 82
35 21
82 44
47 12
70 2
1 34
67 91
26 81
60 40
26 100
64 33
48 94
35 61
44 46
22 6
14 71
53 60
63 11
8 33
70 55
45 62
84 10
13 2
18 14
54 8
6 47
68 96
8 2
83 37
83 46
92 35
86 45
3 53
40 24
90 94
9 42
12 60
67 53
55 60
48 56
12 50
76 5
75 5
50 89
26 16
95 65
29 57
41 60
76 65
87 83
83 20
86 15
60 6
60 65
91 9
30 23
47 24
48 35
65 63
11 72
77 48
82 76
10 22
84 4
37 27
32 67
95 34
42 63
23 79
81 94
97 11
33 15
97 17
35 51
63 8
25 93
18 29
55 29
14 48
44 47
94 92
96 80
52 25
87 98
34 91
44 8
57 75
52 22
65 82
72 44
50 46
82 72
51 24
97 91
28 84
4 34
53 30
91 17
88 18
21 1
4 16
53 11
7 97
3 34
82 29
93 51
95 48
63 61
30 8
23 52
42 28
100 47
45 60
57 52
55 63
5 52
58 67
11 59
5 24
74 77
99 85
30 69
45 47
38 96
60 76
23 58
40 33
18 54
10 34
82 30
10 36
84 67
62 98
66 21
20 54
3 20
79 50
95 90
70 36
100 27
38 49
98 76
17 63
76 7
12 8
37 78
93 27
10 96
74 26
7 15
34 37
31 85
93 63
52 95
84 38
5 45
29 27
44 52
6 99
57 88
75 66
36 18
99 43
11 76
7 8
32 8
97 2
11 22
38 44
97 76
100 12
67 49
19 68
44 4
68 46
34 55
92 77
7 77
90 35
84 18
75 78
68 87
4 67
35 99
52 67
22 55
64 29
79 7
77 23
98 9
60 91
82 32
45 91
68 63
8 85
9 7
64 65
19 1
63 13
73 48
92 90
85 65
20 45
72 68
87 30
8 57
56 76
46 96
44 29
59 53
41 78
39 10
13 65
68 22
24 38
55 81
13 77
56 79
22 31
22 53
18 11
50 23
33 56
43 49
61 66
21 92
48 20
19 84
92 65
63 83
10 92
22 99
30 70
22 96
50 45
18 2
48 90
60 54
74 8
86 34
90 76
65 68
11 65
86 49
62 61
40 43
75 51
59 37
78 1
2 46
2 48
90 98
79 42
71 55
71 57
52 58
85 82
1 33
89 55
99 80
47 42
85 100
52 36
54 28
15 55
9 66
78 43
90 30
16 2
11 56
43 53
59 25
11 3
40 16
4 57
29 100
3 29
5 39
11 100
81 12
60 1
53 9
47 96
54 90
75 79
11 98
51 22
77 88
52 51
35 74
32 93
23 9
50 41
87 66
12 95
91 99
13 87
8 79
50 93
49 9
43 57
14 23
48 1
88 29
70 77
43 88
74 71
25 23
97 79
14 94
17 80
58 25
73 12
30 79
37 3
46 90
97 43
28 43
16 54
97 27
74 63
27 95
57 20
5 60
31 1
27 43
71 79
5 69
100 44
44 67
54 79
31 6
2 75
21 98
33 48
35 20
81 98
3 66
57 24
84 41
35 58
49 88
82 86
65 5
97 75
79 52
20 73
12 49
85 27
86 54
9 83
93 22
15 2
87 94
88 41
73 98
84 52
34 70
36 49
99 48
78 53
60 93
66 13
6 91
66 90
15 19
81 24
48 6
15 84
73 26
83 69
9 1
14 32
7 40
75 13
5 86
18 33
63 92
48 8
51 12
26 38
9 85
18 45
97 24
27 53
53 8
89 41
87 60
93 4
93 70
52 10
58 83
55 46
68 35
61 22
59 34
40 12
30 14
39 7
82 54
14 77
46 49
88 81
93 78
7 59
59 32
4 54
18 27
19 64
65 25
58 78
90 56
85 58
28 70
73 88
30 91
87 76
80 5
6 83
26 4
39 65
60 4
87 55
28 76
89 76
49 59
30 2
7 68
45 84
43 65
92 82
65 97
75 68
42 86
25 9
41 5
19 25
94 37
78 14
94 55
73 82
46 7
18 40
53 6
16 90
70 96
15 46
41 59
36 26
13 59
52 29
83 72
39 53
62 67
34 85
9 71
18 49
76 48
91 49
85 38
39 24
50 27
92 75
81 11
66 58
59 8
68 38
23 91
79 41
3 32
29 8
68 27
97 63
44 83
18 76
19 73
75 77
69 19
28 9
46 87
77 79
91 11
11 49
96 92
6 9
64 79
96 91
19 34
21 46
83 11
45 69
68 91
51 27
37 53
100 97
16 75
20 9
64 46
50 67
4 75
16 43
95 62
85 23
37 48
29 33
32 25
15 10
45 1
33 3
69 2
2 47
61 96
35 82
33 61
80 59
50 97
32 10
8 49
48 9
9 15
41 16
26 55
58 82
5 73
48 49
55 7
56 99
100 68
69 73
59 67
29 16
50 7
85 2
84 44
91 52
46 19
32 44
77 62
12 18
100 78
77 93
93 38
64 60
15 45
21 33
76 3
89 42
48 43
82 10
17 2
95 22
72 96
85 77
93 88
19 61
34 89
42 39
99 5
32 65
88 26
15 28
28 82
53 57
11 10
72 35
64 53
6 14
92 68
51 5
90 62
93 76
77 19
44 80
2 32
45 65
67 78
60 88
96 49
47 39
87 72
67 81
88 53
34 22
20 44
89 36
2 81
51 96
57 41
79 24
8 62
3 38
75 55
59 84
89 45
27 6
82 60
7 30
36 38
24 88
41 38
3 61
72 45
36 42
30 52
72 7
43 37
46 5
73 74
67 25
39 69
43 7
8 1
3 16
99 47
100 70
16 27
14 92
86 100
7 98
53 96
51 74
49 84
92 85
10 60
14 57
15 79
18 1
47 33
80 84
95 96
28 6
95 59
66 29
9 8
93 35
65 62
29 2
40 50
52 15
99 24
53 26
87 81
64 51
20 90
26 86
86 99
81 77
42 5
76 36
75 99
21 82
65 37
62 57
29 23
16 100
12 15
76 67
87 85
64 13
61 53
82 99
90 71
51 72
65 90
66 64
54 30
3 6
37 18
62 2
18 24
74 10
31 96
68 11
60 9
1 62
73 89
31 90
96 12
9 38
53 97
57 83
61 78
53 69
100 95
50 63
60 33
75 30
77 12
29 32
38 59
71 34
47 26
36 82
46 29
20 51
63 23
15 39
57 95
31 46
49 69
30 49
91 55
40 89
83 93
85 86
45 23
70 63
88 86
35 34
72 6
82 75
32 37
71 87
76 78
92 7
45 77
85 30
35 65
70 89
77 86
51 37
37 31
10 14
77 10
63 71
51 89
44 71
84 5
50 86
5 36
22 37
88 89
44 27
4 17
46 86
100 54
1 6
22 3
12 5
15 17
21 94
6 44
79 14
98 54
75 35
49 55
47 19
31 58
91 57
5 49
67 72
38 16
28 99
83 54
8 97
89 5
28 12
43 19
92 31
82 50
44 94
81 58
45 57
82 56
63 60
25 96
33 62
57 7
72 22
16 83
68 70
42 68
29 77
12 68
43 68
51 63
95 8
81 63
9 64
38 31
80 95
7 86
46 92
66 32
24 12
100 24
26 64
54 21
5 77
77 61
63 4
24 34
86 75
35 78
70 75
82 79
23 33
73 32
29 61
18 72
52 47
85 55
46 93
23 8
91 59
68 40
76 24
81 89
36 45
59 92
82 26
6 15
54 27
32 64
39 93
59 57
67 64
45 28
55 42
46 98
22 64
85 95
36 39
88 34
84 26
51 19
77 43
20 66
37 6
52 39
38 100
43 76
89 46
61 31
96 65
6 89
28 96
54 29
96 39
12 70
90 57
43 75
57 58
37 30
23 54
1 14
89 23
26 92
99 40
69 76
79 25
76 59
56 69
79 91
44 12
59 44
25 71
96 1
73 99
83 38
84 77
69 10
27 19
25 94
34 54
27 12
26 7
57 85
42 96
39 99
23 34
71 96
99 79
48 87
24 37
10 2
77 50
10 73
62 78
76 100
92 11
87 69
81 70
8 75
69 44
73 46
52 13
34 90
37 89
29 83
81 28
36 8
57 48
30 15
36 53
83 18
23 62
33 50
59 36
68 71
92 8
97 80
85 63
39 17
35 66
44 88
38 72
57 40
84 57
8 20
50 47
22 57
94 95
42 85
93 74
91 24
91 50
44 34
1 63
53 92
61 9
91 77
74 46
78 10
3 7
23 26
35 67
31 66
6 29
90 87
44 26
9 62
70 40
83 95
34 21
25 10
53 41
47 86
84 29
67 45
26 2
85 43
8 39
81 80
48 52
53 24
67 17
36 47
44 1
50 10
27 39
47 80
19 90
18 56
97 34
74 21
18 92
91 10
74 57
85 66
63 76
48 24
2 50
47 76
40 62
44 42
1 26
57 50
5 81
12 75
95 43
56 38
42 77
68 30
71 33
97 9
74 67
48 38
2 96
68 36
80 43
35 29
71 75
94 35
69 18
7 84
17 77
39 2
45 99
31 65
97 33
52 50
19 55
49 97
80 19
48 42
70 45
60 80
32 18
26 65
46 71
62 46
48 79
15 75
78 68
96 8
37 28
84 73
91 53
73 72
7 41
89 52
97 38
97 29
8 15
73 14
56 30
98 85
58 62
70 48
1 73
57 65
25 81
99 89
84 65
63 46
76 38
26 54
65 61
29 89
51 38
48 36
5 93
9 93
17 19
46 66
6 41
95 51
37 25
14 65
11 88
19 85
6 8
28 86
82 49
54 51
2 58
10 95
89 69
85 73
94 9
67 1
76 30
67 46
13 29
9 30
63 90
17 96
99 41
21 32
32 1
34 99
72 56
91 29
67 11
65 83
78 38
25 26
65 81
16 58
18 9
22 30
83 3
8 27
34 93
44 45
13 58
81 7
60 39
37 58
17 93
81 57
7 31
23 13
94 6
77 52
12 48
36 4
15 26
7 63
95 77
25 22
61 75
60 68
77 59
28 7
93 37
24 15
31 94
18 85
3 40
31 74
80 30
5 95
11 99
25 76
81 9
55 53
63 3
42 70
28 97
8 19
85 22
6 45
68 67
34 68
8 51
30 17
30 3
38 87
54 87
86 91
7 35
71 21
5 40
78 31
20 25
65 41
53 51
18 80
34 75
96 56
1 57
87 18
32 79
20 33
68 81
79 31
38 54
62 29
28 11
80 50
78 70
27 47
99 71
86 55
9 4
2 95
1 2
37 92
65 42
26 3
58 8
41 36
52 87
76 31
64 34
46 27
53 49
75 85
38 57
99 88
24 6
23 41
78 15
98 53
59 94
88 6
58 69
97 26
96 69
4 5
61 85
79 29
60 57
57 66
57 96
81 44
63 37
91 7
96 62
33 7
76 14
14 67
45 38
80 88
60 99
63 30
30 5
19 57
23 88
79 67
13 48
97 84
34 82
16 39
45 73
5 23
46 14
19 95
37 45
51 4
63 35
44 54
38 10
10 90
19 24
2 100
95 81
70 44
50 73
49 4
5 38
86 9
92 52
96 34
52 55
10 93
95 18
27 28
52 17
84 81
30 19
53 18
95 93
43 47
57 26
16 8
67 34
48 53
82 83
71 59
97 44
18 46
22 46
31 8
15 80
17 48
7 5
2 41
11 62
16 48
100 37
38 6
17 86
8 25
45 75
77 58
16 79
47 38
54 78
8 77
15 88
27 69
72 14
81 27
62 69
21 9
45 95
98 52
76 42
75 44
95 99
82 94
46 81
52 70
4 86
9 3
82 40
70 53
28 41
85 45
58 19
11 79
14 68
64 10
41 55
44 57
8 70
93 96
53 13
72 20
83 99
88 48
42 91
48 15
28 18
38 39
83 2
60 30
52 72
41 48
6 70
71 82
16 53
90 11
61 92
32 38
55 33
95 87
35 85
90 3
20 59
29 40
37 99
7 29
56 94
76 73
90 78
38 25
64 11
24 65
44 19
79 78
69 33
71 1
44 86
33 54
11 17
40 47
6 80
54 66
83 23
41 67
28 77
59 33
2 77
33 51
73 39
3 54
66 77
79 80
93 64
60 94
22 87
46 32
29 67
11 74
69 97
2 3
32 75
77 22
99 64
21 58
62 71
23 76
54 65
68 51
69 48
5 55
33 96
31 87
45 87
61 99
23 94
72 13
38 40
49 54
54 63
98 8
8 40
94 22
70 11
55 47
83 51
78 8
3 73
18 58
26 83
98 2
6 19
73 36
19 79
60 51
53 29
56 54
37 20
16 60
91 48
85 72
66 18
45 90
100 30
81 75
8 69
54 25
14 69
71 18
95 44
69 21
88 100
61 51
83 96
67 9
74 45
30 27
79 17
98 40
41 68
91 33
74 22
30 21
48 7
95 76
55 80
78 21
22 20
92 71
23 66
56 95
80 77
85 6
86 57
6 46
29 11
26 17
29 99
46 33
8 87
48 54
12 41
63 47
73 40
70 29
83 98
93 41
39 77
74 3
27 79
17 6
10 83
24 93
89 47
22 78
99 93
57 77
61 74
62 87
53 10
38 62
32 74
78 28
26 35
34 27
79 62
19 45
98 10
52 82
69 6
17 36
35 30
87 26
18 60
46 69
30 50
97 57
82 5
44 93
46 60
37 4
16 82
98 22
80 63
16 94
95 28
68 90
58 73
38 58
88 40
53 85
26 50
31 98
44 16
49 95
75 89
66 55
48 72
13 26
4 68
74 62
29 80
49 63
16 59
76 15
19 39
86 10
6 13
35 62
20 98
32 26
74 72
96 16
77 53
96 67
64 37
99 77
93 42
59 83
44 23
75 80
18 96
83 32
53 93
11 60
37 11
87 7
2 72
44 28
83 19
29 76
59 85
79 60
40 4
51 18
71 20
83 66
62 55
80 67
85 94
16 51
84 63
34 51
75 27
38 11
12 7
82 62
23 51
99 16
62 83
59 54
18 16
9 74
60 66
22 13
7 85
68 85
64 62
34 42
70 33
42 69
60 98
90 6
65 75
7 67
23 59
58 75
36 55
50 100
3 18
38 15
53 31
66 34
30 20
1 3
6 36
48 29
9 59
22 92
82 27
23 35
75 6
85 32
6 65
6 2
87 92
77 63
2 5
8 17
2 92
79 90
18 82
56 61
19 96
79 87
40 45
95 97
13 10
75 88
38 73
19 41
87 1
92 23
42 30
31 14
60 14
39 51
80 8
56 57
56 65
60 69
1 76
10 94
19 97
89 67
96 86
33 38
98 77
10 87
79 13
84 60
80 33
14 62
94 78
79 73
14 93
13 90
19 67
100 5
90 44
97 36
5 28
11 80
78 88
30 71
45 59
20 85
37 21
85 88
94 33
51 77
96 14
27 45
23 49
37 68
83 73
52 4
36 93
89 11
28 50
55 1
43 15
84 17
57 23
65 74
76 46
81 30
53 23
58 60
64 55
66 96
27 23
26 49
78 56
58 72
34 32
44 73
29 19
92 57
39 43
14 75
63 82
16 81
44 33
15 49
18 62
61 16
3 23
73 65
60 43
48 83
40 28
42 33
30 95
74 99
31 19
41 33
59 96
2 27
3 45
15 42
70 67
73 41
30 47
30 99
29 56
55 32
80 26
38 1
98 35
37 75
69 68
74 56
45 10
90 67
8 73
37 97
3 10
74 59
10 72
22 35
66 6
59 31
100 39
9 2
37 76
6 74
40 74
36 12
20 92
43 30
59 17
66 95
28 30
92 98
60 35
89 93
71 72
48 60
13 18
21 26
41 30
9 37
46 78
41 81
74 18
51 99
13 57
76 51
68 2
30 12
6 10
68 95
75 19
28 85
50 43
61 25
28 53
39 78
93 28
99 18
62 68
24 45
11 13
73 47
33 83
68 13
71 76
40 93
41 46
99 94
71 95
7 94
81 74
31 48
48 78
99 54
68 74
44 2
26 71
87 20
31 26
70 88
32 23
19 10
3 69
10 24
67 28
48 3
98 16
31 71
66 14
11 52
15 54
55 27
72 37
19 7
47 84
13 95
96 90
74 48
23 60
10 16
91 89
69 80
24 16
40 13
63 59
38 95
52 35
68 18
26 61
33 90
52 18
89 82
79 38
64 21
50 6
67 24
14 21
37 26
29 14
36 81
92 55
91 75
78 66
44 53
85 16
53 35
11 35
14 35
58 9
30 96
67 5
54 37
43 89
98 34
91 54
60 96
71 81
23 43
70 19
60 17
91 51
10 54
37 2
44 18
29 17
72 75
63 69
43 2
62 92
61 79
73 7
76 53
40 46
16 63
67 86
44 78
57 15
7 100
4 91
92 67
23 36
78 36
99 4
77 67
56 46
33 49
72 1
65 66
45 4
86 81
68 20
79 43
81 19
97 42
14 87
35 8
57 12
2 56
51 49
27 91
26 43
56 14
86 23
85 64
59 3
83 78
31 54
28 36
68 33
95 74
91 93
35 3
75 10
1 35
46 53
63 100
32 16
97 93
95 88
27 52
36 34
52 54
10 99
16 47
91 36
51 44
79 65
95 32
84 48
17 34
9 26
62 52
84 79
51 86
52 7
42 12
33 88
81 59
19 89
67 99
94 77
16 80
33 93
52 59
59 89
64 23
76 81
2 7
31 93
99 49
99 38
55 40
19 65
17 41
54 41
37 56
90 52
23 20
1 22
28 33
49 89
91 70
77 20
38 81
26 85
4 8
2 14
94 71
76 66
90 83
19 91
99 66
15 41
88 97
29 95
31 81
84 51
59 82
12 17
88 47
11 43
92 29
68 29
76 41
44 5
3 85
84 100
77 18
36 95
65 55
11 66
56 62
38 27
77 60
5 53
16 55
38 23
19 23
95 24
66 22
26 24
87 73
91 44
72 57
34 62
82 88
55 96
27 89
24 42
99 55
77 9
48 96
9 36
19 36
97 47
22 18
81 82
10 33
63 27
67 83
46 42
39 46
45 80
13 8
53 79
44 62
70 15
35 55
11 5
46 17
68 66
79 37
57 2
85 17
100 55
18 75
69 20
93 19
82 55
10 70
75 83
77 68
69 66
61 55
55 54
99 23
57 76
47 51
52 42
23 90
12 53
60 15
28 79
51 50
77 69
31 77
70 82
57 32
3 68
13 93
95 46
25 56
77 36
59 79
93 100
52 31
72 94
26 34
58 44
91 65
23 46
16 12
18 8
6 4
16 22
73 81
25 3
50 37
25 33
37 41
53 82
88 65
92 51
17 75
92 3
48 34
98 79
5 47
78 91
82 33
61 93
98 38
20 14
8 76
2 84
40 83
100 28
75 29
62 66
62 54
45 41
46 100
60 61
47 10
62 85
3 8
51 40
9 99
95 73
38 90
42 7
68 16
70 80
68 93
64 82
56 92
38 71
22 58
66 37
68 86
4 79
35 83
73 78
7 70
54 40
4 33
99 25
12 69
16 70
18 65
93 66
3 93
82 25
3 19
80 51
23 47
9 5
7 10
83 55
62 75
39 29
81 37
99 3
8 83
26 30
60 24
29 71
51 10
92 9
30 78
66 30
55 78
52 74
66 16
42 88
87 61
57 63
91 85
53 87
86 19
80 48
5 6
17 70
46 61
7 54
47 85
13 37
48 93
46 30
100 77
98 29
97 51
99 84
88 59
10 61
74 7
12 59
62 81
52 97
90 60
88 84
2 19
30 6
60 67
100 82
71 83
98 94
55 20
16 9
68 55
66 92
76 85
91 63
91 16
16 76
14 58
56 21
8 5
59 39
83 56
17 5
4 38
96 27
95 17
48 81
81 49
38 35
44 9
62 20
70 99
94 29
33 12
88 17
61 72
61 23
22 62
44 48
11 77
54 35
8 10
86 76
13 45
32 7
72 54
51 2
20 99
93 52
64 20
22 45
82 9
22 54
10 57
11 41
55 59
56 66
100 6
53 17
67 98
3 57
57 36
82 97
26 10
39 91
35 18
68 83
57 11
55 37
2 40
76 75
4 70
43 38
58 10
9 57
91 37
52 45
76 44
32 61
39 54
25 18
39 85
