100 4300
76 28
45 74
60 27
84 34
42 7
67 84
14 9
39 94
100 96
14 40
84 18
85 23
54 84
63 58
23 7
16 38
90 41
36 29
75 26
89 69
37 48
69 76
91 31
94 26
18 32
60 68
6 12
3 100
1 55
81 6
4 20
21 12
59 68
78 38
54 39
96 2
27 80
77 27
6 30
48 88
45 51
55 83
27 36
32 12
19 43
84 98
77 90
51 48
98 4
15 91
1 97
57 78
90 62
20 61
82 97
42 85
61 56
46 75
70 12
69 47
80 40
5 98
50 53
68 42
72 68
82 56
15 28
97 3
88 39
18 25
100 19
78 72
87 98
33 48
17 61
47 35
16 10
80 20
74 8
42 3
94 61
5 67
32 30
31 60
69 98
61 90
83 59
78 23
57 13
14 5
21 64
86 78
14 33
2 89
6 90
32 88
16 31
9 32
13 92
7 55
23 11
71 61
69 18
59 58
93 98
65 62
19 94
92 80
95 30
79 57
74 70
62 4
75 58
41 2
94 46
10 28
32 20
42 12
48 70
22 18
67 86
82 21
58 77
16 1
78 36
54 80
30 68
28 58
93 16
4 57
73 70
34 75
99 58
97 89
19 12
10 61
89 22
8 26
76 98
93 64
28 36
93 26
75 39
100 67
29 31
86 87
21 1
65 64
98 2
44 99
59 20
95 78
51 44
46 13
81 82
52 80
38 77
2 54
37 54
89 99
56 15
33 1
88 42
18 50
14 98
28 49
87 96
15 86
93 35
45 52
43 10
34 63
11 81
98 1
83 40
74 73
21 43
74 90
11 58
82 9
51 65
7 99
88 45
69 97
97 23
2 26
39 1
14 47
31 44
71 35
87 75
64 16
65 54
9 2
14 79
18 85
51 6
43 28
37 29
49 3
25 7
73 6
76 9
15 37
33 58
33 17
26 32
28 5
16 2
96 83
25 78
44 16
19 30
56 28
33 70
96 42
80 35
4 49
99 9
16 85
54 79
8 32
7 33
11 3
1 27
38 40
89 48
84 89
31 20
13 85
27 42
53 5
7 38
2 10
22 33
67 54
50 76
47 88
8 91
43 16
27 18
100 68
79 69
45 59
41 40
6 14
13 12
25 67
35 100
94 7
31 78
89 24
93 36
78 67
39 13
61 33
100 95
86 95
50 68
54 89
82 63
66 57
31 62
34 13
2 23
26 51
97 39
41 70
80 81
94 99
5 15
84 71
82 87
78 89
28 44
59 19
48 84
90 82
59 88
64 24
85 8
28 91
59 4
54 56
78 42
43 68
18 39
54 3
36 25
65 20
59 53
56 69
10 65
44 18
96 74
58 3
26 25
43 15
82 62
6 72
93 15
17 2
4 70
70 27
11 65
71 3
98 10
78 45
63 72
85 21
28 86
100 84
32 74
43 46
78 4
6 60
96 13
95 5
3 87
86 83
64 90
5 48
86 16
92 12
61 76
42 16
20 75
99 40
88 81
90 42
52 98
94 89
3 92
49 27
60 87
36 57
3 7
18 53
69 62
4 26
95 9
32 7
2 30
8 100
5 80
49 62
54 64
16 13
55 73
15 11
11 88
80 66
40 9
52 75
17 5
60 93
59 11
8 3
81 71
22 47
93 32
2 83
77 44
93 4
44 7
29 23
60 42
55 85
81 22
6 85
17 18
63 33
78 84
29 48
93 77
52 17
75 70
73 99
86 46
76 13
100 39
43 11
23 83
13 93
31 39
76 33
54 46
37 9
72 58
51 28
33 4
33 97
57 60
94 90
86 53
95 43
60 74
83 67
40 96
42 18
73 11
39 76
94 93
66 15
85 45
20 37
7 21
10 44
28 99
54 94
85 76
51 55
78 70
65 76
68 62
87 74
95 83
44 74
12 88
25 11
19 88
78 87
68 20
71 7
67 39
34 6
76 71
72 61
74 12
32 37
25 6
53 96
4 2
71 26
56 63
89 80
36 7
57 96
74 34
23 32
3 82
37 47
28 35
60 1
86 9
32 33
94 65
3 24
58 54
85 40
90 83
60 95
42 65
46 26
23 19
18 82
24 19
74 61
58 89
3 81
19 84
26 5
86 69
38 62
4 6
7 47
15 78
75 14
18 75
67 22
58 42
13 43
95 65
92 70
13 50
45 65
87 12
12 98
65 92
38 48
9 19
78 48
50 34
21 63
18 43
16 18
56 76
31 23
64 53
33 99
49 6
97 59
46 78
36 87
70 93
26 21
47 32
41 75
32 85
73 81
85 58
72 74
11 83
98 67
4 30
41 47
83 16
39 45
86 13
58 93
56 4
50 12
54 76
65 2
63 59
90 29
86 72
77 1
37 30
43 96
59 67
44 81
42 91
13 37
46 41
78 91
34 100
88 62
42 29
75 62
16 35
33 46
23 67
51 84
35 40
80 43
63 47
22 17
8 44
24 34
79 23
12 53
44 80
7 81
2 68
40 88
63 29
8 60
53 26
70 16
60 18
90 19
39 43
46 39
46 34
39 68
69 34
78 50
29 43
39 50
59 85
3 19
61 78
43 73
58 35
56 92
37 5
66 13
86 33
40 55
27 100
77 40
39 17
25 98
44 39
20 27
66 82
55 93
74 66
29 32
84 46
93 86
6 22
25 54
20 38
94 24
54 100
40 76
99 80
94 1
89 43
32 91
99 39
43 86
82 84
98 77
56 33
59 18
54 77
98 72
19 66
44 37
4 87
4 54
93 72
78 29
75 92
85 67
59 52
49 12
86 85
80 86
51 96
63 65
76 62
33 93
13 80
80 25
15 32
48 100
86 54
41 77
88 75
13 3
55 98
71 43
42 43
42 20
59 6
21 74
47 67
90 24
80 75
40 58
14 42
34 88
25 10
84 83
21 90
78 90
12 37
24 67
15 87
82 98
55 39
43 69
98 31
35 17
7 66
98 39
11 97
79 20
57 26
83 64
46 61
26 23
36 37
60 67
27 14
53 88
41 54
65 60
18 96
12 3
19 52
42 8
92 7
22 19
44 55
20 23
26 69
82 73
86 68
52 88
35 75
33 40
51 82
47 25
78 66
2 66
5 84
88 71
9 66
5 54
53 93
21 71
62 86
93 85
48 3
74 93
91 97
46 2
47 36
47 21
21 75
31 66
54 23
78 98
79 86
15 23
19 27
50 51
97 74
12 55
42 59
36 10
77 87
98 75
66 47
5 2
45 21
62 66
100 81
26 80
32 98
49 75
79 19
97 49
89 92
53 3
78 69
13 95
27 38
9 93
78 52
65 6
43 52
55 69
60 30
24 63
19 70
49 86
66 10
25 3
82 80
77 24
7 27
1 78
40 5
65 32
20 67
10 18
95 77
60 38
85 28
78 28
60 77
88 95
77 17
85 82
82 57
40 87
92 20
9 62
76 86
85 100
87 8
62 81
27 9
15 3
71 48
33 43
21 41
2 57
88 85
35 3
1 79
96 92
76 75
61 41
42 79
47 79
2 51
26 18
20 74
71 47
95 10
45 56
2 34
59 86
40 92
64 18
5 55
11 8
60 10
42 95
7 62
86 39
41 45
42 30
83 18
19 85
46 98
54 40
65 31
71 80
27 48
33 52
100 31
72 29
93 49
40 79
9 56
34 72
31 36
20 40
2 3
40 63
42 53
22 28
10 70
75 24
47 2
59 23
97 7
10 32
25 8
38 96
64 59
15 98
45 72
94 43
27 85
82 2
96 71
2 27
39 84
54 30
43 24
9 4
86 65
25 37
93 12
78 17
81 1
86 48
3 40
33 92
11 22
95 54
38 36
61 16
41 44
63 2
58 64
37 18
21 68
59 61
16 39
53 48
4 11
84 90
36 48
67 12
43 26
72 59
56 11
78 44
9 65
36 92
55 22
2 42
43 54
82 47
80 84
7 58
83 20
12 35
87 69
37 96
83 91
87 1
68 33
15 97
1 45
100 46
8 48
40 22
1 88
1 56
91 48
25 5
98 60
86 41
69 42
56 14
90 34
57 14
61 84
50 90
77 51
79 62
20 43
9 67
57 67
84 99
50 47
93 73
47 83
71 55
37 7
77 83
32 80
83 48
99 41
8 93
54 31
43 85
42 9
20 29
92 60
55 46
32 6
34 47
74 75
64 29
42 32
29 69
24 86
14 59
13 72
98 54
9 63
87 54
74 54
76 94
10 38
33 64
19 54
77 22
33 26
58 81
82 77
9 83
27 82
89 39
33 23
32 61
28 61
63 100
67 97
74 67
12 18
51 52
74 25
64 98
99 55
14 16
50 46
22 62
33 96
83 72
56 38
28 77
21 73
41 73
90 93
42 74
13 40
81 76
76 82
33 91
78 10
96 77
62 98
75 28
31 97
54 20
19 69
43 78
23 68
1 66
57 100
41 22
71 78
53 65
28 30
13 79
5 9
76 67
36 43
54 53
11 82
25 57
41 52
1 52
86 30
35 29
100 49
41 67
16 81
14 67
60 29
12 31
26 39
36 49
9 39
49 43
32 39
8 28
85 35
61 60
54 69
33 45
75 73
60 33
11 80
26 3
89 13
55 82
61 18
100 93
70 40
88 78
29 2
77 68
9 49
19 80
2 24
79 4
23 16
82 72
14 66
54 12
26 68
48 11
92 10
68 74
75 32
73 51
87 59
91 87
12 44
97 19
48 92
59 47
76 41
87 11
57 38
20 26
71 1
59 82
25 27
99 2
76 78
7 28
90 63
1 14
37 1
2 69
35 11
22 48
47 76
89 1
12 7
18 23
25 88
66 70
92 87
40 48
97 54
1 93
26 88
88 64
55 29
7 16
18 48
34 16
60 26
63 61
59 36
50 17
49 2
96 28
72 90
25 48
95 49
54 32
58 78
3 95
42 63
87 33
37 70
22 51
46 89
41 81
45 42
57 7
1 63
58 45
26 87
97 70
58 90
85 80
84 9
35 7
39 25
15 96
25 83
1 68
44 75
89 53
85 26
31 88
68 85
42 26
17 90
53 73
2 71
11 44
73 28
8 54
7 51
35 51
42 17
82 88
43 88
50 45
74 82
82 71
74 88
91 44
9 36
43 58
76 96
48 75
30 88
43 23
82 53
86 98
83 57
99 34
47 28
62 30
77 72
6 44
7 43
21 46
38 95
82 39
51 80
38 4
45 17
23 37
48 35
53 62
30 29
57 62
89 17
11 39
62 14
16 19
19 28
73 29
42 51
85 5
33 75
38 42
79 60
6 97
61 65
59 33
44 62
69 58
89 42
61 13
51 1
99 29
97 20
34 61
55 72
26 84
21 3
42 81
76 42
11 90
27 75
9 6
95 75
13 68
50 59
56 93
62 51
86 11
70 44
40 82
3 51
85 4
81 34
63 88
56 66
70 67
29 68
64 6
67 79
56 52
54 9
5 93
34 42
25 70
2 84
80 93
85 54
75 22
11 96
42 94
91 77
65 37
86 31
70 72
68 14
55 47
94 74
67 63
6 37
93 45
48 15
21 69
57 30
92 11
58 96
91 12
45 12
30 85
27 10
22 39
32 97
38 82
34 17
14 32
62 37
40 61
87 95
33 66
83 61
80 14
70 99
62 8
29 81
74 83
100 99
44 64
63 48
51 43
77 52
26 49
45 9
99 74
85 70
13 77
82 48
60 69
57 61
14 11
93 76
78 37
21 5
9 20
40 44
4 3
33 69
25 31
58 83
6 46
44 58
42 52
2 35
52 7
47 26
56 86
33 53
70 81
48 9
88 27
13 98
83 17
89 71
59 21
95 48
48 21
27 33
2 48
66 92
34 12
86 8
67 92
26 31
58 52
50 100
80 63
89 95
13 9
60 13
28 27
56 6
19 77
14 82
86 22
34 76
37 42
28 37
68 95
100 58
81 13
66 30
27 26
78 65
13 62
39 91
87 88
89 11
39 37
95 82
96 4
53 51
51 85
82 78
17 28
31 15
70 32
51 39
38 37
90 7
28 89
97 95
18 51
100 41
29 57
99 88
22 44
61 3
74 22
6 31
87 83
86 97
52 62
65 56
97 92
5 81
2 40
50 61
27 66
4 43
79 95
94 68
68 98
13 20
79 33
26 35
78 77
6 24
56 32
27 91
13 14
60 100
5 79
94 41
71 41
42 99
79 6
68 7
63 11
61 23
45 6
34 77
55 96
44 67
3 72
22 24
46 88
34 94
16 12
22 21
35 5
12 83
33 42
47 18
98 50
1 28
74 36
14 70
93 89
99 63
33 25
3 69
18 76
42 25
56 53
12 64
23 1
50 16
56 7
50 96
88 86
50 63
16 96
75 37
48 74
74 63
3 28
44 30
47 74
9 50
49 1
67 4
12 90
19 63
84 58
96 25
54 57
3 22
87 38
34 82
59 29
9 17
79 26
86 64
76 51
43 75
97 61
17 80
59 49
89 73
60 75
25 61
68 12
80 39
16 79
94 22
92 1
29 86
29 14
40 47
1 74
12 39
50 43
45 19
26 41
80 72
68 64
68 88
81 96
79 59
23 56
14 37
23 47
34 21
39 38
1 58
23 36
89 5
35 96
91 19
66 69
1 62
85 25
29 71
9 75
85 44
44 1
1 29
24 5
44 87
79 74
77 26
5 23
51 19
53 47
56 18
50 1
3 55
95 1
26 66
98 81
30 25
11 100
15 75
38 26
12 100
82 67
67 7
83 50
14 44
28 68
97 29
79 100
34 48
42 19
42 54
12 10
4 36
92 6
73 98
70 86
78 83
43 2
33 95
52 26
89 60
57 69
44 69
13 32
73 40
69 91
69 80
47 68
22 82
26 92
16 82
23 12
97 62
85 41
27 92
59 65
84 33
12 8
65 96
89 81
44 42
14 96
80 37
2 95
90 54
78 55
13 45
52 69
61 62
17 1
68 91
12 51
38 15
11 99
47 16
89 7
8 16
5 90
39 33
100 80
44 27
53 1
49 14
75 64
30 23
69 35
87 61
55 24
78 53
6 63
67 56
72 65
98 88
99 46
69 16
80 10
85 36
74 95
23 42
64 80
46 9
47 3
62 33
24 82
29 89
73 48
52 74
55 18
78 14
54 48
52 21
13 42
41 83
16 94
54 28
51 56
62 71
48 42
75 40
91 2
15 9
2 78
100 10
100 91
21 16
91 37
15 82
5 68
56 60
68 16
46 69
44 100
85 37
86 3
34 43
83 81
91 62
39 20
93 63
13 100
11 78
52 28
28 72
64 55
41 84
47 15
48 14
56 90
67 94
56 79
45 82
96 45
22 80
33 47
74 69
70 26
23 100
94 71
6 52
84 93
2 44
83 24
8 15
39 35
69 12
16 59
71 56
41 12
89 82
74 65
11 95
91 23
17 84
48 56
3 65
22 1
48 13
91 59
92 86
60 82
96 54
88 20
65 58
11 55
13 10
41 65
35 61
73 12
14 31
54 10
62 28
75 17
31 83
44 35
22 58
10 15
55 19
79 48
70 58
79 91
75 56
76 1
6 8
29 98
85 39
65 26
27 32
80 56
87 14
62 77
34 96
87 13
24 33
91 88
9 69
92 82
68 61
74 3
100 89
36 75
4 13
92 85
23 66
35 18
64 40
10 3
18 9
1 11
11 24
86 96
66 79
19 8
10 96
55 84
89 40
83 93
3 14
66 100
76 52
52 63
41 43
34 35
59 93
31 82
67 42
10 88
70 39
18 5
14 25
56 64
96 80
39 87
51 9
84 50
13 88
22 43
29 96
61 98
39 90
87 42
19 34
75 55
55 6
97 28
56 25
97 100
100 40
84 56
70 45
54 68
81 77
95 8
6 23
14 97
53 6
40 23
39 77
64 35
18 89
49 83
76 2
39 42
15 12
4 92
10 93
29 33
89 61
29 38
20 77
8 39
30 14
69 22
51 93
2 100
5 59
84 43
60 40
55 70
49 80
8 23
50 71
66 67
55 52
58 71
83 6
2 45
34 28
24 45
32 79
78 21
67 73
89 14
36 42
98 26
85 20
91 43
81 40
14 54
58 19
98 35
36 40
13 49
57 3
5 31
84 62
88 51
21 62
37 56
62 10
28 33
43 83
84 68
67 68
10 26
44 45
31 43
8 20
69 1
47 52
15 42
17 56
47 30
47 60
97 79
12 65
40 39
68 3
38 9
49 39
19 6
65 35
89 9
100 55
63 51
89 66
66 32
76 59
74 50
88 8
45 81
92 16
85 78
27 31
28 60
59 32
16 57
91 20
5 58
37 16
89 27
57 70
50 48
67 72
99 82
49 19
26 29
99 5
71 17
80 62
99 56
85 14
90 86
80 15
73 52
27 16
6 11
81 24
79 61
82 10
19 38
5 11
11 47
89 64
83 13
56 58
50 85
55 90
78 59
34 59
2 11
19 2
5 22
78 99
92 19
31 92
3 64
78 41
35 74
89 63
28 2
73 35
8 4
80 41
54 92
18 73
63 94
47 90
65 91
47 1
31 95
64 84
5 91
44 56
33 89
35 78
76 84
77 88
49 87
93 28
69 96
98 85
82 37
5 70
34 73
91 92
30 8
16 54
96 31
77 11
17 82
68 27
75 13
19 83
93 52
65 87
85 38
88 18
12 40
16 5
92 44
58 41
52 85
61 6
79 31
34 68
86 61
7 41
34 62
10 86
46 96
88 9
16 9
39 47
68 82
80 90
39 30
16 100
11 93
44 73
32 100
49 67
54 36
69 63
10 83
12 82
7 48
74 27
48 96
2 60
7 19
17 65
38 79
85 17
69 39
74 40
97 27
75 61
29 95
43 79
35 54
68 65
94 33
17 76
49 77
73 54
79 3
100 65
9 22
14 2
26 83
70 82
16 74
76 74
54 93
37 97
64 62
9 52
43 30
6 15
34 51
66 37
46 35
72 1
4 19
75 96
75 72
5 34
92 62
53 44
62 2
50 80
45 100
44 65
33 21
70 84
16 15
78 68
8 83
66 39
12 4
75 93
70 6
13 11
79 68
92 8
19 93
83 94
34 45
6 66
76 55
98 90
94 55
19 15
42 72
84 63
39 7
7 61
20 1
50 65
99 48
86 38
47 56
1 41
4 82
81 93
71 44
13 18
69 24
90 99
82 100
42 66
24 40
66 83
33 9
59 54
38 43
91 29
42 71
30 96
52 72
90 53
9 43
44 76
62 89
91 18
48 58
56 89
90 88
16 3
76 83
24 44
10 97
60 4
41 18
75 65
59 81
19 11
15 33
87 29
29 18
35 13
6 58
4 77
29 88
43 97
80 12
50 24
43 1
34 78
77 53
54 27
47 80
54 82
37 8
89 72
11 42
83 30
28 55
97 36
58 68
91 93
51 5
72 56
84 40
25 62
44 47
83 70
88 80
1 24
83 7
90 65
37 83
18 38
93 50
4 31
99 68
37 40
81 39
23 48
97 68
74 85
78 56
6 69
67 62
20 2
72 50
52 89
71 40
69 73
48 55
19 61
62 48
63 64
12 5
81 78
100 56
99 98
62 20
31 89
1 67
87 93
88 93
76 19
82 69
19 75
36 15
29 7
22 54
39 27
49 85
67 17
16 56
64 96
26 61
44 59
15 83
13 64
74 14
37 26
68 55
99 65
52 16
10 11
71 34
64 61
76 53
79 77
11 62
29 93
86 17
29 52
90 44
60 62
82 52
27 61
67 6
74 92
21 61
24 76
96 82
57 28
6 75
49 47
80 9
76 35
39 3
92 57
87 68
21 51
36 70
76 43
98 70
95 27
75 67
37 27
34 18
97 4
77 57
60 20
21 11
7 93
80 91
46 12
51 59
93 68
10 23
5 19
59 3
14 26
99 69
43 3
55 63
63 26
68 22
38 14
56 2
75 10
29 100
59 24
7 14
17 88
100 87
69 8
44 72
75 50
72 5
35 50
42 41
12 26
28 26
8 79
75 91
59 71
89 65
8 61
62 47
19 26
58 18
54 29
83 99
29 5
28 23
12 84
18 72
64 42
72 21
62 46
49 10
20 15
3 23
5 41
75 23
76 73
88 5
96 91
30 97
15 26
16 73
47 98
35 22
33 41
16 62
99 3
53 81
53 22
36 56
13 23
63 16
14 39
12 47
9 64
95 80
16 88
61 22
72 96
19 68
39 53
26 54
100 22
59 8
2 94
5 1
2 8
25 16
84 81
25 65
71 5
88 50
27 86
31 47
75 3
54 24
85 7
47 58
48 80
11 16
81 85
29 17
66 44
99 21
39 71
4 61
79 65
66 97
45 11
11 94
34 54
71 9
45 61
67 27
94 80
79 44
31 9
90 68
43 63
44 89
99 93
74 17
38 5
9 61
79 18
22 99
18 52
53 34
67 37
71 73
72 9
34 29
25 44
59 55
35 24
83 33
2 37
36 8
20 48
9 28
83 51
79 37
91 6
82 43
27 93
91 14
57 40
45 26
20 5
40 43
75 51
41 11
87 2
83 88
49 29
89 20
28 67
22 96
24 84
13 54
83 38
64 52
84 52
81 55
74 6
39 58
13 5
80 57
47 10
19 81
92 93
96 24
46 17
11 98
58 88
25 82
9 47
34 80
28 79
24 98
6 47
38 33
14 4
69 71
74 13
86 7
19 95
99 81
11 72
93 71
25 69
42 4
61 49
63 75
22 83
42 22
43 65
14 19
60 3
61 82
73 68
40 34
56 83
11 29
96 9
20 18
3 77
91 98
14 8
55 16
61 58
23 88
61 47
68 40
12 59
69 81
70 22
71 65
96 5
80 45
76 29
85 97
34 44
38 69
16 97
86 18
8 56
1 75
94 81
92 38
61 12
33 100
36 79
92 28
36 61
59 66
36 82
84 88
10 69
35 81
21 29
5 27
2 61
25 2
70 64
16 36
65 28
59 31
54 38
40 65
67 87
77 5
89 12
90 22
88 72
16 32
42 62
49 79
40 97
60 15
23 93
51 78
75 30
54 44
6 3
28 88
74 81
8 70
25 87
31 37
60 59
14 88
19 48
64 22
51 16
28 98
3 98
27 98
2 90
42 100
8 80
63 39
37 86
47 73
12 94
50 22
3 17
66 93
70 80
10 91
97 65
49 16
77 23
35 83
6 54
70 35
10 79
79 27
30 61
15 4
94 3
66 75
53 71
75 16
60 43
57 33
72 12
29 47
56 77
69 70
71 18
92 47
87 85
76 48
34 98
34 11
73 85
33 10
86 51
88 79
11 26
12 1
72 94
10 8
2 36
16 91
64 82
48 85
8 65
42 55
6 1
61 37
61 15
49 92
88 24
87 16
52 71
44 93
59 56
68 45
63 18
50 56
77 67
100 4
11 28
80 1
47 51
16 76
24 7
29 56
2 1
99 72
53 84
39 74
65 19
98 6
33 74
85 9
60 5
14 61
56 91
80 73
14 18
20 11
14 60
71 28
9 57
74 30
40 62
6 39
40 42
53 46
80 76
69 77
56 95
48 16
50 3
26 34
53 55
65 82
51 74
98 59
77 64
19 20
51 81
78 22
48 60
68 52
50 2
88 70
47 48
33 82
61 55
89 59
77 75
99 96
49 5
92 30
77 31
80 77
97 8
86 5
89 83
57 49
29 53
81 52
48 97
18 15
7 26
1 85
88 3
38 97
87 27
20 12
52 12
13 31
55 65
21 86
40 15
31 87
92 9
35 88
100 53
33 71
69 48
96 78
47 19
59 46
50 44
10 30
57 65
78 30
75 12
22 73
1 8
28 74
24 65
5 45
18 66
22 59
91 30
50 82
48 26
6 87
13 30
96 32
9 90
42 24
22 29
96 1
37 59
17 99
49 30
30 89
98 36
81 63
13 84
24 71
29 24
5 64
21 9
44 19
4 75
5 10
65 29
57 5
41 88
90 48
44 43
15 62
32 25
22 63
19 74
44 97
9 55
10 6
41 64
47 20
9 73
77 18
33 54
33 3
16 29
67 3
83 85
56 20
28 50
47 96
43 64
39 29
25 95
45 35
68 18
16 4
93 43
73 83
25 1
6 43
87 79
45 94
24 56
74 29
43 77
82 42
63 70
67 64
95 40
21 56
7 46
26 82
1 70
42 80
50 40
64 73
69 15
16 72
28 12
17 48
10 7
79 75
66 60
59 80
57 87
75 54
61 31
9 25
71 11
50 52
43 61
70 65
23 49
86 58
41 35
5 47
100 14
43 81
2 55
8 68
35 55
58 46
62 99
5 8
15 54
84 44
33 12
99 19
66 88
35 53
74 57
50 6
44 5
56 74
36 60
28 38
51 68
74 9
29 75
13 7
85 64
3 83
22 76
31 1
13 22
3 41
30 77
25 4
53 69
85 99
29 77
66 25
85 66
67 19
55 21
26 55
75 57
64 28
100 94
2 77
74 98
40 69
93 42
5 7
5 30
27 62
16 71
18 78
2 12
11 7
43 48
96 62
74 4
12 57
75 71
59 13
79 98
47 27
26 16
18 6
7 30
80 7
97 96
86 34
59 2
55 86
76 89
24 12
72 81
49 88
83 34
100 70
78 97
67 93
37 3
10 42
68 71
68 69
23 69
65 15
67 71
88 6
33 37
77 42
56 41
86 71
24 48
69 72
74 46
40 56
18 40
93 40
5 75
41 68
69 5
61 77
48 67
7 8
25 49
100 61
38 74
12 71
89 23
60 78
78 80
49 98
48 49
75 45
18 94
42 46
46 22
16 58
29 25
44 63
88 38
46 44
79 85
40 25
81 48
13 78
78 20
13 1
90 35
69 32
33 49
30 18
33 35
96 44
52 94
11 33
91 11
17 44
77 9
89 6
43 8
2 13
4 32
72 7
74 43
95 59
72 53
85 34
42 86
19 89
72 19
82 5
43 66
74 78
64 72
24 53
7 9
36 18
36 66
11 52
88 54
56 42
54 55
39 60
51 67
66 86
69 45
12 25
5 97
44 20
85 29
40 29
83 60
71 64
68 10
86 26
80 36
79 9
50 69
67 21
13 91
31 74
10 14
73 59
73 72
56 96
74 18
65 21
39 2
45 84
9 41
51 13
82 93
41 53
16 45
70 42
70 17
48 41
27 13
81 33
95 26
89 10
62 72
59 94
49 66
48 45
96 84
98 42
78 3
100 26
78 12
65 5
73 50
20 93
42 21
10 67
27 6
57 97
93 65
52 65
17 11
85 94
91 66
46 56
94 78
60 97
73 3
89 16
52 61
69 49
70 59
87 70
4 48
41 39
33 85
87 47
77 65
92 83
6 41
21 70
33 8
55 41
80 58
63 13
31 3
74 26
64 100
48 98
92 100
99 13
11 76
77 66
59 90
80 31
26 13
5 92
96 36
19 32
28 66
46 70
56 73
74 91
53 85
18 92
64 94
5 6
50 64
98 21
1 54
41 17
61 81
73 88
37 74
62 39
98 22
54 21
41 72
98 89
16 28
81 56
11 50
33 20
40 90
21 18
25 15
90 26
74 80
19 18
3 46
9 23
71 77
9 68
12 43
34 9
64 47
47 77
26 96
16 84
82 1
100 77
46 11
23 87
100 62
11 38
64 76
9 91
86 44
30 40
61 92
80 98
47 42
51 100
49 70
46 5
24 46
77 7
3 38
5 4
20 25
67 33
94 35
88 21
28 63
86 36
59 9
77 70
97 25
42 28
13 29
72 22
38 12
2 33
73 2
38 68
61 96
28 45
38 32
49 44
50 77
52 86
47 89
3 5
1 46
25 68
36 11
92 78
32 78
97 18
53 43
29 19
9 78
21 53
86 73
57 89
29 9
65 49
100 38
41 24
82 19
43 47
84 73
20 28
77 89
32 36
91 36
88 61
92 14
13 65
11 18
7 98
62 85
29 46
59 43
59 28
37 10
21 2
53 63
44 15
30 65
100 71
27 3
24 21
71 90
61 51
7 40
45 89
3 34
42 73
47 95
94 84
27 83
94 17
31 19
52 67
89 49
35 56
6 96
83 100
45 47
77 74
75 90
63 86
68 24
46 63
73 77
59 39
20 36
66 95
74 100
70 90
53 99
97 47
6 28
13 6
31 57
36 95
12 99
51 46
29 41
67 2
74 58
40 16
65 34
98 95
25 38
44 9
52 2
64 69
40 1
46 64
28 100
7 45
46 40
70 20
12 60
96 49
73 26
30 12
69 90
89 87
39 61
37 89
65 84
17 19
1 86
75 85
19 39
67 81
96 67
29 10
78 27
32 3
70 94
94 82
66 4
54 11
2 85
45 99
23 14
38 49
30 70
41 13
88 100
87 10
98 83
87 43
7 20
94 13
57 86
82 32
18 99
16 41
2 58
18 90
31 67
86 94
93 62
54 60
12 14
61 80
29 3
100 75
57 10
34 58
84 22
66 40
45 76
36 88
37 98
80 65
23 80
76 77
97 87
56 94
45 83
74 23
28 41
41 51
69 65
8 66
91 1
16 98
16 80
57 39
68 53
88 55
75 99
5 73
65 1
12 95
52 100
14 28
30 93
15 13
18 95
2 18
20 86
61 54
88 94
47 100
8 67
12 29
35 52
68 75
95 39
21 96
2 22
57 47
38 61
5 33
18 8
16 53
75 83
73 100
7 6
58 62
57 48
81 12
50 62
40 49
10 40
19 96
21 6
100 43
94 96
30 87
34 70
47 99
52 13
44 29
77 37
49 54
59 38
56 88
48 6
5 66
39 52
27 65
62 55
3 76
95 16
61 5
29 82
40 19
47 65
26 62
31 85
38 91
8 57
6 20
11 66
60 70
16 46
62 24
99 54
93 69
10 9
82 7
12 86
70 28
98 8
45 40
13 25
55 77
31 56
57 42
23 95
47 54
73 24
98 40
32 92
89 26
88 97
12 56
9 24
38 47
77 99
17 43
20 95
68 56
41 50
55 67
97 80
62 19
9 8
59 48
63 71
69 27
71 46
74 24
100 18
63 83
55 34
7 34
62 54
29 45
89 51
81 47
43 67
24 52
86 91
38 80
50 26
58 73
6 17
33 77
18 57
59 25
61 93
95 7
18 4
6 80
64 2
58 21
76 99
67 91
22 93
87 5
64 11
5 76
26 56
71 54
36 83
40 78
82 86
52 83
95 57
35 67
9 100
8 77
91 89
39 93
6 62
51 40
60 7
63 7
70 54
89 88
73 96
66 87
29 15
19 35
30 59
53 70
95 32
82 83
21 100
38 67
53 45
2 31
93 37
2 74
39 78
98 20
59 40
67 46
12 58
3 66
69 28
2 88
24 47
33 73
90 85
29 94
77 35
100 90
78 64
27 12
44 68
80 4
64 19
69 13
41 82
89 21
56 49
82 35
31 7
85 22
25 77
42 83
21 84
7 1
41 34
100 76
38 8
10 77
80 87
24 99
15 7
3 70
8 49
51 33
98 53
89 41
90 16
63 45
62 45
48 46
13 36
30 27
7 65
32 28
63 73
81 28
49 78
96 8
65 14
13 67
62 35
60 44
96 3
69 75
59 35
70 91
86 100
85 95
35 1
92 39
41 19
7 54
52 53
13 73
25 43
32 49
79 7
20 30
43 35
39 15
9 87
79 92
45 43
67 18
68 35
29 66
76 6
50 42
49 15
97 77
45 73
88 57
37 100
79 2
19 98
100 69
74 41
13 53
33 13
91 60
1 64
36 14
52 54
7 100
91 49
19 78
22 26
62 29
53 9
11 67
7 18
30 80
1 48
1 57
75 7
56 22
1 61
7 50
27 29
90 45
17 69
64 7
99 86
84 72
93 79
11 30
52 3
93 21
87 20
44 21
77 63
15 59
9 98
72 2
4 37
87 19
3 93
58 51
48 68
72 40
9 60
55 17
92 68
59 17
48 28
70 47
44 23
66 12
59 100
4 7
24 80
84 86
49 7
87 32
20 69
58 26
90 96
63 85
78 24
20 82
40 8
75 94
9 11
58 13
27 57
52 48
74 49
40 27
81 54
65 48
37 69
90 76
36 30
46 18
1 4
30 26
60 96
91 26
72 26
14 83
52 22
67 34
36 65
67 26
86 23
30 1
67 90
75 31
53 67
96 79
85 10
80 79
26 81
59 7
85 65
89 38
38 6
12 76
28 80
1 15
70 15
76 68
92 59
33 30
29 4
4 86
18 80
89 79
62 56
71 72
34 56
10 74
24 13
67 29
94 40
56 55
67 40
29 84
5 39
63 17
50 81
75 2
12 96
51 24
17 24
17 13
39 24
70 79
46 19
69 94
71 83
70 52
21 77
80 33
7 96
53 80
62 59
66 68
99 26
75 97
84 35
12 97
94 5
91 85
89 25
39 4
68 32
3 20
43 37
68 4
5 63
60 23
89 4
92 42
12 85
47 72
18 33
48 31
71 74
4 83
28 82
62 73
88 76
21 76
97 93
46 83
62 23
90 33
36 19
7 91
39 48
99 16
20 100
27 43
22 88
63 54
21 13
33 16
16 60
48 72
81 9
61 91
6 16
84 69
68 63
18 93
13 8
75 82
80 2
92 77
48 94
40 53
34 33
29 6
91 25
10 59
20 96
93 95
67 50
39 83
33 55
67 32
7 88
71 51
99 61
52 44
44 26
54 78
9 70
69 7
44 57
53 7
80 83
17 7
16 22
75 47
42 6
28 39
93 38
61 29
82 58
74 62
51 17
1 84
18 70
21 17
51 69
63 78
84 77
44 48
86 35
70 76
58 9
51 98
4 91
19 60
64 74
70 96
60 88
70 29
49 42
5 74
91 57
72 39
89 90
54 91
32 1
33 78
6 86
67 16
11 51
24 26
61 67
69 4
83 28
3 9
61 53
43 72
18 28
56 70
37 49
86 60
50 29
38 13
7 2
82 23
40 17
51 54
84 6
53 11
81 68
46 68
62 43
79 15
18 81
19 10
12 77
44 61
78 75
29 28
62 83
31 28
35 99
100 5
91 3
42 97
64 34
46 90
6 82
65 33
1 100
25 86
44 33
62 41
30 69
92 37
96 59
25 93
11 70
24 58
85 47
95 14
84 74
31 32
63 98
77 16
93 57
34 52
56 85
24 72
94 47
77 14
30 15
32 44
36 62
26 40
82 8
56 30
39 73
91 95
20 66
33 36
47 91
6 77
36 89
71 22
54 45
44 94
77 15
65 98
11 40
13 47
12 79
15 92
67 80
43 55
89 96
19 25
86 74
51 72
81 2
98 58
77 46
29 83
50 99
31 30
34 22
83 5
44 88
4 95
45 64
45 46
69 67
87 37
94 50
78 26
86 50
15 2
88 33
55 50
77 32
11 68
58 55
8 31
42 35
8 78
57 6
55 45
24 18
61 66
47 46
96 52
69 59
94 58
10 4
95 44
45 71
79 25
8 75
25 28
37 68
81 64
41 59
100 25
74 53
71 70
70 89
7 74
59 57
53 17
65 23
87 28
31 70
27 59
78 5
98 17
31 11
32 60
89 50
80 46
4 40
21 35
42 61
3 45
38 23
87 56
42 84
88 65
95 6
86 14
81 17
83 1
24 61
61 73
15 57
96 68
71 99
31 68
7 22
44 4
94 98
98 18
97 98
75 89
58 29
35 9
86 47
94 6
66 16
98 56
32 43
9 30
36 6
17 64
86 77
11 37
78 100
66 48
89 86
82 79
59 26
44 38
82 30
5 42
61 69
31 93
28 4
12 11
29 8
85 15
5 50
60 25
44 82
95 37
92 88
93 14
64 99
90 81
48 64
21 39
2 70
79 30
99 59
68 83
19 57
77 94
93 34
34 1
85 11
44 83
86 75
76 46
93 48
38 66
25 23
57 23
70 7
35 72
80 21
21 19
58 50
28 13
62 70
89 55
30 38
73 19
32 86
65 18
93 2
22 45
97 13
30 3
96 39
65 38
98 100
100 36
77 85
79 83
57 11
40 86
71 98
12 22
27 15
44 36
86 19
67 88
85 3
68 36
70 43
69 31
25 75
17 62
79 29
33 6
45 98
26 97
98 30
100 72
1 9
66 96
85 71
72 76
45 18
96 93
70 24
78 6
94 9
35 63
28 46
38 1
75 11
39 10
40 31
75 53
82 13
2 92
28 84
39 36
20 57
49 11
36 26
94 73
48 77
51 70
46 82
65 39
46 52
37 60
6 99
22 65
19 53
46 81
78 62
67 89
70 61
61 11
50 19
76 63
60 80
80 55
33 50
98 43
98 92
79 11
67 99
32 2
23 98
56 43
74 59
96 63
80 68
40 21
11 84
39 79
90 3
69 41
17 54
69 83
73 90
4 27
93 6
32 5
95 15
3 63
41 63
85 61
71 19
62 3
18 3
85 84
96 41
55 74
46 65
26 6
95 96
24 93
15 100
96 23
100 30
48 87
56 27
69 14
9 26
69 85
6 71
28 90
70 68
11 69
11 60
9 97
59 84
28 94
51 94
75 84
14 15
45 77
16 20
38 75
30 48
92 29
52 5
5 43
98 57
94 53
76 26
12 17
73 78
67 58
62 12
85 60
46 73
70 95
88 37
87 62
98 44
54 66
91 40
81 65
87 7
40 6
16 24
47 78
95 28
96 88
72 85
17 58
5 56
24 100
56 97
77 59
83 97
90 1
10 31
43 57
12 9
52 40
34 89
16 78
88 15
38 31
32 89
27 11
56 3
32 48
2 53
17 16
17 26
27 96
30 16
39 23
94 21
4 47
13 44
5 62
92 95
45 86
19 37
85 24
43 90
50 70
1 3
99 52
62 95
89 35
72 17
17 93
59 75
59 1
39 34
97 2
69 95
98 96
83 21
10 48
81 86
88 69
82 49
36 5
79 78
93 78
36 3
6 68
19 56
21 50
41 93
71 13
74 15
96 85
49 60
3 89
27 23
82 91
56 57
53 28
29 80
4 65
51 29
31 33
73 7
8 27
11 74
47 84
38 98
31 42
49 31
36 69
64 51
17 68
45 67
99 43
36 12
90 51
12 63
75 81
21 28
67 65
92 43
10 56
57 85
17 47
44 3
18 1
23 4
69 92
26 1
73 1
76 7
47 93
72 46
6 100
70 23
55 13
20 49
32 11
99 51
25 92
86 2
38 2
19 33
2 6
1 42
57 37
49 18
98 33
81 21
40 32
20 14
58 53
77 36
18 87
48 61
32 62
72 33
18 54
15 89
13 19
1 99
53 83
23 92
28 40
4 88
42 75
85 89
1 10
89 74
68 89
26 64
68 15
6 35
67 30
61 95
62 18
28 24
46 85
80 3
67 95
16 65
13 90
62 63
84 3
39 56
14 43
46 93
64 39
49 68
54 72
13 70
100 17
8 47
66 98
73 65
1 36
32 57
89 8
84 7
17 73
67 15
10 20
41 98
54 83
66 65
17 96
68 57
50 54
31 18
13 56
1 19
76 58
78 7
90 52
32 83
67 36
62 94
65 83
70 38
48 12
