100 4300
52 70
11 21
97 4
92 16
98 18
71 54
57 84
77 79
10 74
37 97
62 66
57 19
81 19
62 12
73 60
25 58
71 21
79 30
23 22
8 1
9 15
13 62
88 48
36 31
55 35
19 83
94 72
10 50
30 48
3 48
86 39
45 71
88 31
45 93
64 46
7 46
59 19
95 67
25 39
7 21
58 45
1 81
24 65
17 88
36 11
17 33
94 42
9 35
45 15
55 61
64 59
27 95
34 66
71 35
67 97
62 83
67 88
79 63
64 52
72 92
34 3
47 26
2 58
9 72
73 11
4 37
90 58
65 6
22 24
71 93
35 18
26 82
27 58
81 60
61 72
96 95
16 54
51 67
20 52
41 7
63 91
4 29
8 79
16 64
70 79
31 26
32 78
13 82
1 95
44 23
100 96
9 44
90 3
68 25
40 38
77 55
72 79
15 88
4 12
2 97
20 67
7 14
39 100
78 22
54 100
52 38
26 49
93 100
24 10
44 39
70 77
27 52
13 76
38 62
3 51
78 14
45 51
18 14
15 80
37 78
34 97
48 37
64 68
75 61
58 65
29 49
78 5
1 36
80 64
66 46
82 45
4 30
11 34
83 91
63 60
89 58
53 27
93 66
26 38
24 30
91 28
60 87
60 66
86 8
51 79
86 100
51 57
10 11
21 41
25 54
61 92
61 19
22 20
67 60
78 57
93 47
76 25
64 84
2 44
47 67
67 27
46 61
80 95
13 19
68 60
78 99
13 43
25 15
20 56
28 77
26 100
12 45
88 49
51 66
5 85
42 81
22 61
45 50
50 9
55 95
2 96
93 97
72 82
4 23
79 82
81 5
16 94
63 78
13 90
86 67
25 33
4 45
12 95
23 34
37 11
74 8
39 30
66 10
50 48
48 56
41 38
90 33
64 39
11 13
79 88
69 4
56 7
42 47
72 70
98 11
62 90
71 80
28 24
34 84
10 93
1 6
75 84
95 51
81 82
66 76
60 42
39 92
90 32
29 25
93 2
89 74
12 37
85 96
4 78
66 64
59 1
81 39
72 27
11 55
70 12
34 74
66 78
44 16
4 57
27 99
53 24
77 2
50 85
13 89
78 92
96 18
21 75
13 28
1 26
50 26
81 25
68 26
34 93
37 16
100 6
31 32
36 43
37 39
45 40
96 12
96 93
80 46
25 5
45 26
99 96
38 44
62 32
48 69
46 22
80 29
55 5
15 79
12 65
65 21
72 41
87 6
22 100
100 37
68 55
91 95
63 83
28 27
86 97
61 44
55 6
32 1
96 32
38 77
58 85
62 93
23 1
28 67
45 47
74 99
43 95
51 6
13 48
71 91
96 6
99 24
2 32
91 88
23 12
95 37
8 76
92 53
28 88
13 94
60 21
18 84
83 87
100 5
20 78
13 15
71 67
76 15
41 50
4 100
71 79
50 23
37 6
18 37
10 81
94 7
62 81
48 99
76 16
12 78
29 46
16 52
46 24
57 18
97 35
38 24
45 74
7 25
89 35
45 33
59 94
20 69
46 48
58 72
91 20
4 93
10 31
2 81
84 58
35 34
71 42
64 53
83 80
31 61
35 62
19 63
53 46
65 8
27 50
19 54
92 1
13 22
76 59
74 70
91 54
54 2
80 14
70 55
29 90
76 61
18 67
99 41
26 66
64 77
39 23
83 86
96 14
87 36
94 57
96 47
52 23
96 24
56 15
70 59
23 43
96 68
44 30
29 66
69 31
36 62
15 98
85 23
11 50
50 30
93 69
37 14
39 95
26 97
11 16
90 9
21 37
7 71
36 100
13 58
62 67
47 86
51 25
84 70
72 55
32 91
66 71
43 60
35 1
40 17
26 11
36 32
74 54
16 31
50 65
62 19
10 69
45 77
83 14
17 50
17 61
22 8
94 15
50 34
6 67
41 33
7 65
100 18
3 4
12 84
28 20
61 8
23 38
88 41
72 16
7 75
2 83
10 91
62 95
35 84
71 57
73 28
64 83
4 32
18 58
57 100
39 18
65 77
7 33
43 76
18 41
68 24
56 77
15 58
50 7
4 14
82 71
76 28
69 38
42 7
60 15
15 100
24 43
38 56
84 38
78 95
57 12
76 36
61 84
97 3
81 94
35 65
84 1
6 7
83 6
25 46
45 8
44 93
81 4
76 40
62 28
77 66
9 63
41 9
64 10
55 23
36 48
65 62
39 71
44 11
60 45
100 83
90 80
5 37
40 25
4 95
55 85
94 45
86 11
87 95
100 12
53 38
80 27
76 84
8 11
96 78
36 40
68 75
84 26
3 9
49 37
90 15
50 15
87 25
3 73
53 14
55 96
72 19
92 55
41 44
71 20
64 75
33 96
5 66
74 19
95 18
59 100
74 17
4 62
39 8
52 35
96 4
53 11
45 34
28 63
41 89
51 77
2 51
87 45
44 13
84 3
53 98
32 64
12 51
99 71
41 45
61 73
26 81
62 22
12 61
70 25
36 34
14 49
51 55
95 48
67 29
57 16
46 38
21 95
32 25
19 3
52 7
82 24
20 66
74 36
22 75
94 31
15 78
66 53
33 24
41 46
75 62
75 97
15 22
15 3
6 86
2 75
74 30
63 11
46 62
11 15
57 98
68 63
59 62
54 80
71 4
17 60
42 8
45 23
49 8
28 74
64 61
39 26
73 77
99 3
7 85
98 85
46 2
43 83
54 7
56 22
35 99
27 69
40 83
73 44
41 39
83 61
87 85
59 63
64 31
85 54
23 84
54 4
7 99
75 13
61 50
85 42
52 74
4 20
1 5
1 45
32 55
11 75
33 94
93 38
62 18
61 59
45 92
52 58
90 30
8 71
15 28
98 34
35 39
47 61
94 2
69 22
55 15
76 22
34 89
29 63
80 56
45 76
32 23
35 59
3 87
13 59
88 96
48 62
73 66
1 65
34 72
59 3
36 85
53 33
46 96
12 18
34 39
60 78
31 13
33 99
71 29
5 49
14 9
3 28
40 52
30 95
46 54
86 61
76 100
68 37
53 41
79 89
3 40
7 12
94 20
91 17
95 8
61 37
68 32
70 29
35 14
62 31
67 64
33 10
30 11
6 54
32 22
38 37
38 35
34 15
26 55
78 51
12 92
4 60
39 67
78 8
99 18
37 22
81 74
78 53
62 3
26 60
25 92
70 89
13 84
47 15
81 99
24 45
24 78
79 67
72 33
63 43
96 49
35 32
72 49
100 85
67 34
47 85
26 86
99 2
96 52
37 10
63 31
97 76
68 36
92 63
81 29
50 3
44 66
14 3
99 30
96 75
58 48
41 76
28 41
84 79
56 62
53 36
31 39
18 76
83 33
48 45
27 33
89 24
64 36
60 64
59 39
45 69
29 77
2 31
43 2
49 16
49 12
58 12
89 3
17 64
28 30
15 35
100 55
14 84
91 69
73 99
16 5
20 50
49 33
44 35
63 51
99 58
33 29
60 88
66 96
62 29
38 13
66 49
16 14
9 78
81 32
13 79
27 11
76 19
34 47
93 25
92 4
32 8
2 90
50 1
97 78
3 22
11 25
86 89
22 83
84 60
54 84
26 14
85 2
72 96
100 13
46 50
63 93
28 29
68 94
54 78
99 88
1 60
32 54
16 47
43 62
71 22
39 42
70 83
64 29
21 19
34 21
41 65
74 84
1 97
75 39
75 86
84 7
60 76
3 83
86 55
66 24
84 67
21 50
87 59
13 83
23 91
3 52
17 69
3 85
3 53
6 21
71 96
81 90
89 54
76 82
48 35
68 93
96 36
23 86
95 72
5 12
37 43
11 39
98 6
27 84
72 48
59 36
23 5
65 75
66 91
56 16
77 9
53 54
36 3
55 41
47 100
53 81
12 72
7 86
17 31
94 73
23 33
5 64
44 69
92 3
25 86
89 39
99 53
35 33
36 82
78 29
27 44
86 1
30 80
63 45
77 48
67 22
63 26
64 6
42 55
13 4
77 71
50 73
95 88
47 50
38 96
19 6
53 21
98 81
12 68
37 28
61 68
76 26
5 19
22 7
44 20
53 77
70 11
21 51
94 21
50 36
20 99
62 41
54 44
27 48
58 21
41 58
38 76
94 91
1 91
73 13
86 15
29 93
78 46
18 91
79 64
15 46
51 72
41 77
72 21
94 89
33 3
53 45
80 37
26 6
6 82
6 70
50 92
38 67
88 35
51 64
21 87
75 74
94 39
80 22
72 91
32 47
23 16
36 77
95 46
93 89
14 60
48 64
22 52
85 68
32 18
88 40
81 38
22 60
64 37
61 30
62 71
5 11
59 92
11 62
50 42
85 34
20 93
47 2
52 33
71 70
19 51
28 39
35 51
63 50
72 57
80 77
76 93
70 93
80 60
5 82
33 36
20 38
37 26
39 48
66 72
37 31
43 18
1 67
54 73
90 50
31 84
11 85
67 25
17 67
37 99
8 91
36 63
26 88
69 49
46 88
15 14
26 91
2 92
70 5
34 26
45 39
70 80
76 57
67 66
26 20
20 73
85 25
98 61
75 60
59 42
37 85
22 77
78 28
42 76
78 94
3 31
63 81
31 24
97 57
65 60
87 91
6 57
52 46
68 15
23 7
37 65
64 72
69 28
82 32
46 11
95 100
36 72
4 77
49 15
7 63
13 37
39 53
76 62
46 44
72 10
80 74
18 48
95 17
66 90
75 49
54 81
87 94
51 62
87 50
79 24
47 70
79 96
53 9
96 61
51 82
55 65
70 2
53 95
90 88
83 94
83 12
81 17
23 92
11 17
15 21
55 34
22 81
69 32
33 95
35 70
60 56
96 73
72 4
51 32
6 16
13 56
91 96
32 27
100 94
11 71
98 67
43 94
67 3
59 60
84 87
76 1
84 56
42 70
95 24
9 61
72 5
13 67
52 13
71 14
17 63
52 49
65 92
60 5
44 18
45 90
74 43
78 44
55 76
95 65
40 50
66 42
74 2
96 53
84 89
36 25
6 58
5 91
98 75
78 33
99 25
71 86
81 88
39 43
52 37
17 70
47 92
62 74
45 10
62 39
81 46
3 23
84 96
97 23
49 46
78 77
32 84
78 76
42 1
93 84
5 87
85 39
47 91
3 94
8 97
1 64
88 22
22 49
13 46
20 35
98 54
68 74
29 36
87 11
35 80
81 34
50 13
26 27
67 100
95 3
62 26
16 71
57 87
13 7
79 43
49 82
2 86
43 67
21 82
34 70
58 47
50 39
36 92
84 5
74 60
84 71
44 74
16 84
14 52
60 50
100 63
30 22
48 40
17 52
2 61
85 59
2 87
77 18
39 14
12 97
53 82
37 86
79 91
61 43
58 94
24 12
22 82
83 89
54 47
14 94
59 18
62 50
63 86
7 27
29 76
15 72
50 49
64 58
97 96
93 74
39 60
2 66
16 66
6 71
1 85
3 32
32 37
99 79
99 95
18 65
2 100
50 32
57 11
32 7
58 16
92 85
56 33
76 98
32 58
53 20
80 93
46 39
37 90
100 32
3 6
45 62
80 11
33 20
70 44
69 37
71 65
71 31
58 70
96 87
66 22
96 63
21 49
68 49
26 48
32 20
76 44
9 45
66 97
9 64
84 2
71 48
53 70
77 90
83 93
52 2
52 28
3 64
48 41
95 41
51 36
25 61
18 34
51 94
44 31
17 77
88 70
47 64
16 95
94 17
25 21
90 48
48 10
73 25
13 66
4 84
69 26
32 30
51 96
77 98
25 19
30 35
91 44
42 6
45 91
87 12
32 13
36 46
72 38
9 84
66 33
37 56
1 72
66 40
74 33
74 5
16 67
60 49
9 71
90 99
9 40
80 67
3 57
16 10
1 96
58 55
86 94
74 96
35 79
85 35
5 62
27 40
51 5
26 16
15 48
34 71
30 53
71 97
68 66
65 51
90 11
79 6
21 68
70 40
86 62
23 2
100 35
23 53
82 58
28 95
71 53
7 72
87 77
5 8
54 55
70 85
28 49
69 71
24 93
61 24
41 51
64 89
83 15
49 51
52 4
58 29
16 61
66 4
18 79
26 59
60 99
10 32
65 68
37 76
17 71
5 65
74 35
55 82
15 87
97 100
68 19
44 22
51 100
61 1
42 19
30 63
45 75
38 95
60 48
14 20
64 25
71 27
11 14
80 96
71 23
2 9
71 78
46 35
19 47
69 54
29 99
41 42
49 55
67 99
53 44
3 81
38 48
96 54
21 64
97 79
63 24
61 53
15 18
3 26
10 49
23 41
66 85
36 4
34 63
29 17
81 64
97 59
38 83
50 81
99 69
80 81
25 66
84 43
55 50
98 65
31 49
38 11
61 26
77 16
90 39
34 65
55 24
83 23
30 60
91 92
83 75
68 2
33 73
12 8
95 47
49 3
41 86
25 13
68 18
54 13
45 73
56 30
99 66
32 40
4 25
67 35
34 51
65 79
80 33
81 7
97 13
42 5
84 22
64 85
38 74
44 43
6 4
82 2
46 58
24 64
21 13
45 86
100 53
14 31
54 90
80 72
15 37
78 64
95 69
79 38
42 58
11 18
9 73
53 25
11 19
35 98
32 12
54 72
27 78
38 91
72 17
23 77
83 90
7 35
39 20
76 9
40 63
46 77
20 40
67 58
54 68
71 5
71 52
93 3
80 99
77 7
65 23
63 56
47 57
22 39
53 89
11 7
93 90
48 2
84 8
22 73
54 30
72 8
77 61
89 51
92 22
59 50
11 81
91 76
41 93
19 35
83 92
65 13
91 19
60 34
70 20
24 69
49 86
52 84
8 3
78 40
56 26
84 30
34 92
86 65
11 66
46 17
4 43
13 49
24 48
11 33
67 37
89 62
55 3
42 95
18 80
87 35
5 39
92 37
58 60
94 36
90 23
77 89
49 70
14 24
46 79
79 33
78 18
92 58
69 15
27 36
4 98
55 84
10 27
13 86
22 85
75 6
58 98
68 97
99 11
51 13
22 57
1 55
65 42
94 96
9 39
6 35
95 97
91 3
63 70
2 41
14 91
48 76
93 26
50 12
57 91
94 54
76 6
8 92
2 59
79 47
84 88
72 68
48 61
67 26
96 27
96 81
79 26
41 24
80 26
72 11
32 80
83 99
84 49
37 75
36 97
77 5
4 70
52 43
81 14
65 15
82 61
97 77
78 23
55 66
7 89
64 43
30 2
45 70
23 67
79 58
65 72
62 100
39 61
47 13
7 24
5 21
32 98
77 15
20 7
67 11
1 94
24 39
90 61
17 96
90 49
23 73
25 59
31 41
83 60
70 100
97 49
32 49
63 76
59 34
86 72
38 90
95 26
80 17
25 91
25 56
53 85
2 29
98 60
44 48
92 42
85 86
96 67
26 78
9 26
8 6
71 64
40 37
29 52
79 73
32 6
19 2
25 47
3 74
6 89
54 36
1 98
29 23
85 82
48 14
96 57
81 83
88 83
68 22
4 38
100 45
28 90
49 2
93 95
51 74
8 37
4 50
31 9
41 34
55 57
37 93
84 81
43 66
60 61
99 93
69 63
25 71
58 44
16 30
87 71
77 33
25 69
95 50
56 74
31 18
11 2
77 24
27 91
6 47
44 17
82 11
18 49
25 96
74 55
24 81
93 31
98 45
87 64
68 47
56 58
95 29
43 46
10 84
10 38
66 83
9 94
22 64
83 59
11 89
13 80
66 98
83 58
86 58
48 22
45 20
12 85
87 58
53 48
57 83
3 16
62 52
23 82
43 20
42 22
52 41
97 60
98 83
64 92
10 94
21 26
69 14
43 71
24 15
31 25
40 44
73 49
11 56
21 93
89 37
48 54
95 63
49 7
2 15
41 25
83 97
93 61
18 3
30 17
55 18
21 55
94 74
20 37
71 44
45 32
54 15
86 22
32 97
62 78
90 64
28 79
32 87
57 70
87 97
10 36
31 45
41 78
2 35
7 43
41 10
98 96
24 83
70 65
18 25
45 59
11 49
50 53
90 41
66 47
33 58
67 89
67 69
22 34
54 43
33 48
48 49
61 79
82 4
69 53
57 85
11 94
74 1
94 80
32 34
3 82
74 53
45 80
75 100
3 13
79 78
49 56
8 35
74 64
9 52
17 93
61 27
39 76
89 19
58 10
52 53
32 56
2 25
73 4
79 39
31 38
45 43
56 35
25 44
95 98
61 56
91 36
31 35
53 28
98 86
31 74
96 77
60 41
69 23
42 67
41 57
40 23
98 70
80 43
84 86
81 51
96 76
20 16
91 40
81 40
11 61
40 73
21 39
83 4
79 4
50 16
52 44
60 70
29 26
93 7
6 93
72 42
5 34
86 19
11 23
42 82
73 95
20 95
47 63
53 59
4 74
27 60
34 37
94 66
3 96
32 72
38 22
95 79
35 25
27 39
32 92
88 54
12 86
31 99
1 37
62 94
100 64
17 38
34 83
82 74
39 10
91 22
24 75
58 80
87 37
7 60
64 44
45 27
6 85
64 50
10 40
64 40
7 48
36 65
62 63
88 38
94 93
50 93
81 6
37 27
41 91
3 78
37 94
93 1
78 19
7 87
16 87
46 16
89 85
73 69
11 100
34 87
93 75
97 47
95 71
63 44
53 49
12 71
70 90
53 80
93 18
82 97
96 29
80 38
16 69
74 48
37 83
54 12
56 78
6 18
59 89
14 32
73 17
89 45
48 81
23 20
63 89
98 91
23 75
10 52
66 7
24 5
11 22
99 70
56 67
11 4
95 84
45 65
29 10
53 34
56 46
5 57
79 76
51 61
65 67
42 12
28 9
46 20
58 37
32 42
32 16
84 25
49 77
75 16
78 90
62 15
94 76
61 10
91 90
94 71
72 50
75 19
35 77
14 25
45 97
85 62
31 53
66 21
1 79
13 74
63 97
50 66
43 17
49 34
11 40
42 24
64 94
26 87
59 75
32 46
65 4
43 22
26 7
82 98
60 6
88 2
61 78
52 72
51 8
25 8
23 61
74 57
90 56
70 18
15 99
63 77
45 28
63 46
47 76
2 80
50 89
77 86
67 87
79 48
75 82
68 62
74 23
24 40
79 2
30 14
50 100
48 67
30 23
33 43
47 83
26 30
70 94
29 84
22 27
57 75
40 43
22 18
21 42
81 16
78 42
62 7
86 66
74 98
8 23
94 44
24 71
72 3
63 6
37 62
88 44
15 17
88 94
90 94
67 85
3 58
76 72
97 53
96 45
63 90
25 6
73 67
73 10
85 75
57 50
33 76
12 39
57 45
27 54
38 73
25 22
82 92
70 23
96 10
2 18
10 56
34 62
58 11
76 89
75 15
12 3
36 2
22 17
67 24
31 83
48 25
31 96
58 57
6 78
93 46
7 57
44 77
53 51
11 28
83 68
85 21
74 85
77 31
71 76
14 88
92 70
41 29
72 67
76 35
60 52
30 73
81 21
66 6
66 8
82 54
6 34
35 10
91 55
16 88
15 20
59 93
27 76
44 10
54 39
84 40
52 36
62 92
30 71
23 95
44 14
82 63
80 63
82 8
59 37
30 69
99 17
95 36
21 97
43 32
92 98
90 10
74 71
25 3
33 91
7 82
2 26
70 28
80 76
42 57
3 71
51 75
40 16
76 4
36 60
52 94
89 65
91 21
2 65
1 24
39 91
38 64
68 34
33 69
61 42
100 68
100 19
32 44
14 41
16 62
97 64
66 14
74 58
70 62
35 4
85 97
4 2
6 2
12 91
55 75
54 1
95 49
9 93
85 19
29 31
61 13
26 96
63 2
38 61
70 39
7 69
12 94
80 25
19 50
22 63
97 25
81 49
60 89
62 42
10 70
73 74
75 95
26 15
24 17
16 43
17 76
88 52
98 89
4 7
41 32
68 50
5 68
18 82
19 82
11 74
9 18
70 7
75 50
55 39
2 91
6 97
1 82
30 78
50 79
33 93
36 45
84 53
22 51
12 15
77 93
2 21
85 13
71 55
35 27
42 54
41 92
88 39
87 62
35 45
36 23
58 38
54 63
88 11
57 77
42 96
16 98
66 74
60 10
23 10
48 4
7 67
86 21
13 20
11 42
32 29
67 76
50 77
61 15
52 25
95 40
26 73
95 82
74 100
34 12
65 82
88 73
72 39
67 5
91 97
22 10
96 64
5 13
32 57
63 98
53 79
27 73
49 99
41 5
8 24
59 49
75 63
56 91
87 53
58 88
87 81
99 52
53 6
51 92
10 83
94 38
1 83
44 28
16 55
1 66
92 67
93 30
80 84
8 60
78 81
97 42
58 28
97 19
98 19
49 100
96 70
32 21
58 91
82 78
3 5
75 53
28 32
94 99
84 51
1 78
28 33
63 66
34 96
83 82
98 7
24 92
89 12
68 77
81 13
50 44
36 57
52 24
1 19
1 51
45 37
17 83
36 35
52 45
26 99
67 36
9 25
63 67
35 73
74 16
88 93
86 70
18 50
15 10
33 30
59 51
68 13
56 69
40 72
73 36
67 31
97 41
55 98
29 83
20 81
95 57
58 97
23 49
51 26
29 16
93 40
28 66
69 29
60 33
86 95
35 21
80 41
17 9
42 83
62 27
62 57
22 54
45 46
23 94
62 6
29 24
12 77
4 61
35 66
77 88
11 32
20 41
17 41
17 79
64 62
48 66
25 82
92 87
30 27
65 97
77 10
90 4
18 24
61 29
19 18
78 86
69 83
13 70
69 90
23 62
80 50
82 34
36 83
8 36
37 81
93 52
91 60
13 9
50 25
63 41
32 60
57 53
89 72
58 53
93 5
84 83
54 93
4 59
23 68
73 24
55 25
59 57
25 24
47 94
30 94
82 41
56 4
84 42
62 8
35 17
2 78
96 9
40 41
98 24
57 61
27 41
80 20
31 60
75 92
73 91
93 92
27 94
93 42
16 53
2 13
98 21
8 26
37 24
60 86
81 67
71 28
8 75
44 67
14 10
96 41
50 74
15 42
33 39
83 50
42 3
74 91
35 43
86 34
96 58
84 28
19 65
23 26
64 65
77 91
79 41
74 61
87 61
70 67
18 52
23 18
4 21
64 54
55 62
98 8
65 84
12 16
44 99
70 66
74 97
18 71
39 36
91 93
90 71
76 23
39 80
90 76
9 20
53 2
37 73
12 41
59 74
20 63
88 25
33 44
19 58
37 42
22 70
66 57
52 76
28 40
97 98
4 80
29 44
3 37
3 38
47 35
24 35
64 45
63 58
47 4
51 16
42 13
23 100
25 74
70 19
83 45
83 39
72 69
18 47
44 7
78 89
21 96
18 21
4 44
1 13
10 9
37 91
72 47
85 83
74 65
88 4
78 85
64 2
31 11
28 2
57 37
80 91
98 51
24 32
15 71
75 18
42 89
67 32
44 24
32 71
69 36
62 58
61 95
49 47
57 54
82 84
70 16
81 93
36 90
8 85
26 42
94 97
20 18
35 93
44 79
33 62
70 36
84 77
51 7
83 30
33 88
71 36
72 100
38 2
79 56
87 76
20 62
86 35
22 35
78 25
73 14
59 21
82 67
24 76
77 8
35 68
45 30
38 71
64 8
40 79
53 12
16 1
14 58
81 57
25 12
71 47
7 30
56 50
38 9
41 15
51 4
74 21
6 13
77 52
70 31
37 19
99 72
22 96
78 67
89 49
91 65
40 33
82 60
49 74
24 47
53 90
39 82
41 35
6 49
24 84
41 26
3 76
93 79
56 66
26 72
13 78
11 65
50 78
68 59
78 69
74 69
49 35
78 36
35 40
9 80
95 54
35 78
24 4
35 95
36 44
6 50
35 3
44 37
32 53
60 25
7 19
17 10
36 20
8 100
93 85
55 63
64 34
10 30
4 94
22 40
8 2
10 28
28 94
95 64
47 74
66 87
28 99
2 50
94 67
7 95
78 65
39 68
72 31
68 58
9 23
99 36
49 25
57 67
46 60
70 41
8 21
33 26
62 99
92 60
19 96
3 7
75 42
81 91
93 60
95 5
22 47
43 41
72 23
79 80
71 2
69 18
80 62
22 94
87 55
50 5
49 43
89 66
66 100
70 51
31 80
33 13
82 64
24 80
35 60
63 72
36 58
36 13
16 86
67 41
4 17
45 21
18 81
100 16
78 68
58 61
96 86
21 79
79 55
38 78
49 24
5 97
76 86
89 57
87 68
7 2
45 19
57 92
97 7
89 23
24 62
13 39
76 95
81 15
25 34
69 80
62 84
52 66
95 2
19 67
77 13
10 25
32 17
56 14
9 27
20 64
54 34
80 49
84 11
84 68
1 71
20 30
36 41
66 92
97 22
56 9
3 56
29 27
63 94
16 25
83 26
29 72
14 28
14 2
33 38
55 37
48 63
2 1
4 75
56 99
93 32
100 34
2 34
90 26
55 45
79 7
34 8
8 96
83 78
94 49
6 68
56 39
49 19
14 50
23 47
12 6
85 41
58 75
40 62
100 61
39 47
13 92
37 70
37 79
83 20
63 88
50 37
26 40
39 87
37 29
19 39
14 27
3 1
51 91
14 72
1 25
18 90
74 86
79 66
88 76
41 66
16 80
12 13
18 66
63 49
53 7
8 19
49 36
34 75
10 4
99 76
63 73
33 70
24 3
16 48
18 33
1 62
1 18
91 78
64 55
10 53
25 94
2 24
47 60
55 19
61 97
89 4
76 46
37 35
43 11
22 4
58 22
93 28
10 67
83 28
61 34
3 79
91 31
78 87
26 89
18 61
24 21
43 77
89 100
11 64
55 7
56 24
91 24
94 32
62 60
51 71
79 16
88 45
27 56
87 79
68 3
72 44
14 46
79 68
87 18
81 61
51 18
2 60
80 7
52 80
66 88
86 68
70 21
77 62
83 32
97 16
7 1
58 73
23 19
95 60
80 28
69 88
70 26
49 91
77 100
62 44
47 1
77 85
16 18
44 45
77 59
18 72
33 61
26 71
11 97
74 18
93 22
67 55
15 97
18 54
32 15
10 18
7 39
23 14
32 95
64 15
84 39
90 7
59 6
96 50
25 63
32 79
42 35
59 23
33 50
88 78
42 98
17 27
15 67
65 61
49 87
80 23
18 13
84 94
29 13
45 42
55 89
54 83
65 32
96 83
71 19
54 92
9 7
73 15
18 88
93 64
47 3
77 30
56 70
77 14
8 13
72 56
59 66
67 90
22 59
63 52
34 57
2 17
86 81
91 30
57 79
25 89
95 74
76 92
87 63
12 74
23 17
53 40
93 56
8 58
88 20
85 45
32 63
55 83
38 29
70 82
2 10
95 19
49 93
70 24
75 81
1 15
78 48
60 69
75 72
90 74
40 14
33 81
41 16
53 43
58 26
30 64
73 64
17 18
74 26
11 79
100 60
73 56
61 36
84 91
17 14
40 90
56 45
78 17
88 74
61 40
68 8
98 72
11 9
19 26
62 79
5 54
53 67
72 35
38 39
2 72
68 71
41 87
94 29
18 4
67 59
32 73
1 58
78 59
13 24
88 3
88 10
79 14
27 23
76 77
81 47
95 56
98 71
6 45
37 66
37 30
57 39
75 70
29 7
47 77
97 18
67 61
24 51
17 66
46 74
66 12
83 18
55 53
36 98
4 49
2 3
50 8
15 40
35 26
87 70
83 35
35 54
99 77
70 14
99 63
12 35
97 89
27 74
78 74
53 1
79 92
36 7
27 4
42 18
59 86
18 85
8 94
83 71
68 7
44 96
3 20
31 95
37 47
67 50
54 45
47 51
40 77
80 36
84 48
92 35
56 43
38 49
32 76
5 15
3 41
75 47
50 51
86 36
73 52
44 95
64 88
60 44
23 64
16 21
19 12
91 4
31 52
84 99
16 7
84 72
36 42
86 54
93 13
41 68
2 40
54 50
87 89
35 96
64 35
16 82
58 43
90 22
87 74
45 3
89 5
81 71
95 9
9 79
64 57
91 9
84 17
71 37
10 79
64 7
4 5
43 90
43 72
31 4
52 32
85 51
72 88
71 72
10 99
57 35
61 45
26 25
90 84
92 21
28 50
39 74
75 76
20 77
35 50
49 64
64 91
17 28
5 63
4 9
71 33
54 60
49 44
42 25
57 21
6 11
23 51
29 30
19 34
10 43
96 11
5 59
19 77
82 12
75 26
42 23
83 5
69 13
75 5
22 41
5 45
43 91
95 83
40 96
65 100
95 10
77 74
65 49
53 93
13 57
88 62
25 23
94 77
94 95
54 9
53 8
24 26
52 15
94 85
23 60
15 95
88 53
89 8
64 26
3 29
72 78
2 42
47 65
81 59
20 84
37 33
85 91
61 28
2 89
46 31
1 22
90 52
91 82
96 65
85 72
77 26
60 20
21 67
38 25
40 30
49 61
52 11
60 96
21 47
81 23
78 84
29 53
63 23
34 58
29 9
25 57
72 45
85 61
4 26
17 7
93 82
36 30
5 96
7 34
100 24
64 13
99 4
17 53
9 69
43 93
15 93
62 96
39 97
1 68
48 70
21 76
24 86
47 5
27 49
14 13
84 36
50 22
9 33
42 74
91 86
88 56
56 81
58 40
43 30
54 58
47 98
81 8
33 67
83 41
52 79
23 6
87 72
95 81
35 5
61 62
7 73
59 15
76 81
54 61
22 33
16 59
97 92
37 17
4 40
11 20
76 54
9 48
32 48
39 29
26 57
24 11
67 12
73 84
7 92
25 98
83 52
72 62
90 20
74 14
96 23
79 20
51 76
27 31
95 52
99 50
45 81
78 75
34 79
71 75
63 42
72 83
66 95
71 40
28 54
99 9
94 55
11 45
83 25
61 71
47 78
92 11
16 38
16 9
98 93
59 54
36 15
60 24
65 3
84 33
93 58
19 94
55 2
100 82
35 61
12 76
62 82
30 9
61 91
10 63
49 62
49 40
81 65
68 82
20 49
49 79
58 20
8 93
15 6
33 4
19 64
46 40
26 10
77 34
27 46
92 94
4 8
22 53
62 17
97 70
51 11
19 66
54 41
81 31
41 47
98 22
83 53
21 54
36 47
66 36
43 99
59 55
40 80
95 45
62 73
5 7
2 12
56 76
36 28
31 73
42 87
75 1
6 74
34 13
67 74
70 8
71 13
82 50
59 41
31 56
85 60
22 95
55 4
53 94
83 46
1 57
27 93
88 7
69 94
77 42
8 7
78 21
15 16
34 91
44 26
41 61
4 16
40 31
25 77
61 14
39 52
8 57
23 79
56 41
85 16
36 6
7 58
54 3
56 96
3 100
32 89
2 57
49 54
89 1
97 54
43 88
54 66
5 26
49 41
70 95
76 20
5 76
29 60
67 30
59 91
12 75
3 30
11 41
5 6
22 72
35 11
63 84
43 78
36 88
45 67
29 91
29 79
56 54
69 3
40 54
80 61
37 88
48 43
31 30
41 69
64 99
21 83
94 82
36 19
33 46
8 63
63 4
98 5
59 96
95 34
6 84
96 92
85 32
20 29
59 72
15 43
97 24
22 26
31 54
4 1
96 89
68 95
100 1
81 100
81 27
16 63
87 86
91 68
60 3
59 8
27 43
32 61
59 47
50 24
96 28
38 36
45 16
18 38
55 36
74 79
81 97
15 84
46 26
30 81
47 89
69 79
7 18
61 3
48 94
94 35
83 11
79 27
41 30
70 81
36 24
62 53
81 77
75 79
71 73
41 98
71 59
29 56
58 81
31 15
10 7
27 25
25 30
12 11
37 60
46 28
79 19
12 79
91 89
75 35
72 77
50 31
47 55
67 8
23 46
13 26
84 37
34 16
65 22
56 23
84 69
63 57
86 92
100 79
84 100
31 76
55 93
37 36
6 91
45 99
6 39
8 54
65 57
41 19
13 55
31 22
13 10
28 25
75 67
12 21
3 75
65 85
85 76
10 78
26 85
84 98
29 43
54 67
59 32
52 54
61 7
77 92
8 16
13 91
87 100
98 2
63 39
2 62
82 59
38 99
65 26
16 36
16 93
60 51
61 20
78 16
71 85
25 62
28 38
16 96
60 53
79 31
45 84
4 68
89 82
20 72
82 77
51 37
42 79
38 43
37 23
59 79
24 85
52 61
66 39
9 60
89 21
22 9
69 64
57 60
18 92
66 38
77 39
12 47
24 88
72 24
56 28
60 72
69 35
39 93
54 11
83 56
54 17
37 46
94 41
74 72
91 70
80 78
71 89
40 7
13 23
96 37
11 48
43 14
65 83
54 75
13 41
40 56
99 40
91 15
23 24
64 86
15 8
22 74
3 86
24 54
20 25
63 1
51 15
50 38
22 5
15 19
68 11
82 37
2 73
34 4
70 69
64 70
85 79
76 49
86 50
92 15
24 74
28 7
87 65
80 3
24 9
11 77
77 60
35 91
86 18
36 21
11 1
46 30
88 9
20 17
92 84
78 45
25 37
22 6
1 12
36 89
27 20
60 18
71 60
5 36
79 94
16 73
27 70
5 58
27 13
68 92
46 70
5 86
95 85
32 70
58 100
63 33
93 72
94 61
42 86
10 71
98 62
91 42
79 22
1 21
32 74
72 46
73 48
68 98
48 23
24 27
55 81
14 90
10 80
90 79
7 78
75 32
29 22
37 41
43 31
77 3
33 16
10 46
37 54
30 72
58 95
46 69
33 2
81 73
98 39
57 86
71 46
93 65
41 74
56 71
1 34
2 22
3 11
95 14
39 58
16 83
42 4
83 7
92 81
8 18
77 1
98 23
56 52
20 74
73 90
47 8
98 12
64 28
27 38
18 45
77 83
88 71
68 81
39 65
83 79
99 54
20 31
15 70
48 17
16 27
22 89
100 7
15 7
94 5
58 69
49 9
1 41
100 41
88 50
18 73
73 41
49 30
71 49
15 29
78 52
13 45
61 69
89 16
15 38
92 74
38 45
76 53
31 28
55 78
67 91
69 96
75 94
29 74
14 38
94 60
59 11
29 11
53 35
54 14
21 23
7 59
87 22
95 6
74 37
12 22
44 56
79 5
73 39
28 35
84 59
53 37
68 51
19 16
68 53
44 3
74 40
45 79
76 69
53 72
3 10
22 99
64 56
76 50
31 23
39 96
8 41
79 25
46 3
69 50
22 16
21 61
91 16
84 66
32 99
74 76
2 45
23 57
75 25
56 18
38 32
11 93
63 71
72 90
93 14
30 88
31 90
29 88
8 87
61 99
22 19
65 25
12 60
23 54
63 37
46 18
91 50
89 68
13 72
48 31
15 4
19 93
76 30
51 39
48 80
3 17
81 28
53 63
61 66
81 52
93 86
45 68
73 78
76 73
63 35
66 81
52 91
99 46
53 26
57 82
30 66
39 49
97 84
15 23
95 90
94 40
36 26
99 16
64 98
40 18
83 9
89 61
6 94
8 55
13 98
19 32
79 60
27 63
51 42
63 61
14 45
82 15
88 32
96 48
87 47
80 44
50 58
58 24
78 31
87 13
54 62
85 15
89 75
20 10
76 70
87 23
19 60
36 56
2 56
63 85
55 97
76 68
69 77
28 18
76 58
65 76
96 20
52 69
28 48
43 28
30 38
28 60
49 17
18 53
39 1
97 50
73 93
36 12
10 54
15 96
11 95
42 34
14 33
50 29
43 70
58 66
51 86
71 41
13 16
53 42
17 56
33 31
53 19
86 79
32 66
86 32
54 77
96 30
93 23
16 2
66 9
92 49
94 46
38 70
83 44
36 9
9 62
6 92
67 83
100 21
51 58
72 81
26 28
69 62
47 62
19 24
83 51
2 27
16 65
91 46
14 63
43 9
84 50
4 41
65 66
15 89
95 59
30 15
75 36
45 49
21 63
100 78
60 90
21 84
76 7
47 82
81 41
62 21
68 16
92 71
32 77
57 49
32 39
93 48
49 98
64 41
41 75
65 63
23 35
90 27
75 77
5 18
57 24
66 31
74 63
74 9
30 58
48 52
18 27
25 95
82 96
62 10
90 44
35 82
73 72
68 67
54 29
17 26
77 67
73 29
70 50
76 64
81 89
2 37
83 73
67 14
76 34
15 39
100 91
94 24
79 81
67 2
15 33
63 38
18 26
30 13
22 45
72 6
98 79
2 76
32 9
58 78
59 98
24 6
33 32
25 72
55 60
96 7
69 11
77 58
47 84
77 37
28 22
39 3
39 17
59 65
70 61
4 46
79 54
78 93
83 27
36 22
88 13
71 58
51 54
82 86
66 3
54 33
73 80
5 61
54 26
96 90
69 40
78 11
35 90
7 31
91 99
67 52
72 97
53 86
35 16
82 87
49 58
18 64
37 72
25 45
42 68
67 9
58 35
7 91
31 58
94 98
6 61
98 26
19 87
2 69
53 13
43 3
87 24
57 68
60 16
52 50
42 100
26 92
7 74
11 76
84 41
64 27
66 27
45 17
58 59
27 15
39 69
13 99
49 83
64 14
93 36
7 37
30 18
84 85
16 24
53 15
4 87
95 77
48 91
63 64
88 27
69 66
11 91
17 36
18 89
95 92
95 89
67 46
60 38
94 50
21 77
62 30
84 44
97 62
58 17
73 43
51 97
70 1
81 69
12 93
15 57
100 71
99 23
15 74
39 78
44 81
53 5
43 50
100 92
88 80
91 62
98 100
13 60
65 53
55 12
65 94
56 53
66 82
71 50
39 4
48 83
66 75
63 15
92 19
90 16
80 66
46 9
49 67
35 13
39 40
99 14
52 26
40 60
83 8
63 3
20 24
2 39
4 67
48 29
70 73
42 64
53 91
43 81
58 23
26 12
70 54
83 74
20 48
9 70
49 85
36 18
45 7
64 4
38 7
22 14
56 94
94 26
78 34
4 86
51 87
27 3
23 28
64 12
96 43
78 49
98 37
3 98
36 14
90 17
14 29
67 93
88 23
26 32
81 35
94 18
10 76
39 99
16 42
90 25
46 73
65 54
98 50
75 87
5 92
39 16
96 13
5 2
63 18
4 53
58 9
30 70
24 90
78 98
49 1
46 84
70 3
47 53
36 79
6 77
70 68
85 4
70 78
9 37
61 88
12 81
55 22
76 14
36 81
43 26
7 47
93 57
76 83
59 24
24 34
81 9
19 4
19 84
72 28
29 35
13 95
29 18
85 81
17 25
51 93
66 23
93 87
66 45
77 27
87 54
17 13
6 41
33 64
15 66
44 15
28 4
91 75
20 54
11 47
29 40
40 13
73 53
29 45
4 58
94 34
43 69
17 16
63 13
1 87
87 98
25 43
14 62
40 67
2 20
90 46
16 28
11 60
59 12
54 38
21 22
30 52
89 92
25 100
42 49
12 63
21 3
32 5
