100 4300
26 60
61 83
91 74
37 80
84 70
38 5
68 84
95 40
63 99
45 84
98 95
63 31
67 4
44 19
75 10
64 97
48 67
33 92
50 97
29 76
18 27
90 19
19 15
53 2
26 84
91 78
83 52
24 38
61 62
98 2
28 79
99 34
8 40
22 100
46 71
35 17
12 36
28 4
88 1
77 2
60 42
46 76
70 66
51 60
33 49
1 58
46 8
64 10
71 18
27 79
92 29
77 4
9 2
51 61
44 40
54 5
29 53
30 55
52 17
32 46
48 72
99 19
82 18
33 91
67 49
99 69
74 88
39 68
7 74
95 48
8 44
45 36
80 91
67 91
38 90
100 48
22 81
51 16
28 39
4 8
16 100
35 51
16 11
70 61
7 47
45 52
95 61
45 72
50 99
83 69
51 47
88 31
25 79
2 83
100 72
40 34
83 71
43 57
93 78
59 2
46 18
34 67
60 34
53 27
86 43
32 65
88 37
38 62
42 57
32 18
98 66
11 93
47 1
96 25
22 54
58 30
63 86
70 21
30 24
5 86
9 89
73 23
64 27
30 38
23 94
95 97
95 54
68 99
63 87
40 37
47 37
24 80
37 45
16 43
11 45
42 39
18 38
8 88
76 25
65 13
15 52
85 80
75 85
28 26
83 48
72 62
99 78
16 76
10 26
44 69
29 36
60 48
81 3
45 88
1 74
86 1
22 48
30 7
89 42
83 29
53 42
58 36
23 57
1 8
38 68
12 44
69 35
6 37
60 88
81 59
83 32
92 82
4 68
63 53
92 6
37 14
98 44
91 21
86 59
56 98
58 69
30 29
53 87
54 15
65 42
79 43
62 93
33 86
33 89
54 1
26 79
97 46
20 72
69 63
53 36
14 89
72 1
7 69
28 67
29 22
40 12
46 27
88 89
1 69
38 86
7 58
25 68
4 39
43 77
9 99
88 44
55 20
76 39
44 87
49 56
98 37
46 6
41 12
12 8
75 87
17 23
12 4
98 64
85 4
87 93
24 51
75 98
15 99
96 21
38 56
17 28
38 51
97 93
21 55
64 75
84 21
21 65
21 31
36 37
79 89
82 47
84 89
18 87
48 63
94 48
89 64
27 14
69 19
18 15
67 99
35 44
73 15
23 43
34 49
69 90
83 95
46 16
15 43
43 82
34 61
70 65
24 56
29 23
65 60
86 41
85 47
22 16
67 69
100 54
77 70
84 3
16 78
26 50
13 66
53 9
91 15
54 29
13 52
3 56
2 22
40 97
99 49
92 30
65 68
12 39
45 85
79 75
65 52
89 73
100 17
96 83
71 28
30 49
70 39
98 7
72 52
16 7
21 95
67 95
95 27
71 84
51 58
61 98
62 25
99 83
100 45
15 64
39 37
71 22
37 69
74 49
47 63
34 45
84 64
96 78
55 8
69 27
17 20
71 47
85 14
25 87
96 30
45 74
76 63
13 29
38 37
85 61
26 3
49 15
79 41
35 67
39 3
83 37
76 57
8 5
71 87
36 86
35 68
8 100
54 53
24 60
26 5
65 4
86 51
68 100
33 25
2 47
69 55
63 25
88 43
40 3
44 57
35 58
66 95
38 31
17 71
12 35
63 4
6 3
3 50
82 68
3 24
6 50
21 51
82 41
55 24
61 96
3 68
25 36
36 27
81 46
93 82
34 95
76 14
86 96
55 14
88 99
37 46
90 24
95 12
54 23
90 48
17 59
15 62
59 48
14 34
8 11
19 31
92 25
46 3
65 15
8 83
29 47
89 27
56 73
71 44
72 71
7 18
68 26
56 62
19 68
52 47
51 26
24 37
71 92
77 53
23 48
13 61
64 37
54 99
21 69
32 43
91 97
8 16
64 25
53 15
30 76
81 90
11 78
95 86
93 43
17 39
42 38
86 28
84 76
85 91
25 6
7 33
9 48
92 60
41 73
52 89
3 11
37 43
9 4
92 75
64 73
90 68
30 39
91 18
79 83
96 22
79 91
37 79
47 14
43 64
50 13
13 59
58 92
63 64
3 12
66 52
12 32
12 71
5 19
25 4
96 40
67 62
70 44
70 11
57 25
70 41
18 70
12 29
89 91
100 99
65 55
40 19
20 14
66 8
87 60
59 23
53 48
50 10
11 58
17 66
76 7
22 75
30 93
65 59
62 26
32 59
2 26
37 91
58 26
36 90
21 40
67 41
74 54
70 76
45 70
84 32
52 21
81 64
78 97
6 12
98 47
18 19
70 3
69 88
62 31
47 16
34 73
67 47
38 71
77 52
22 76
3 34
87 8
86 10
73 37
92 34
9 43
27 12
23 38
32 86
90 31
5 93
19 98
40 66
31 20
15 38
84 46
52 23
30 67
16 26
61 99
79 97
10 92
6 93
38 27
99 17
69 51
53 18
47 19
37 21
14 92
35 45
76 33
78 27
31 65
63 71
83 49
18 89
44 39
21 71
69 23
7 3
64 7
61 3
96 99
68 36
32 71
80 46
3 58
73 4
76 20
93 33
24 21
45 87
17 79
61 59
78 46
18 94
26 53
89 3
14 71
33 5
83 67
12 11
69 52
75 88
72 33
83 74
18 63
27 43
10 30
65 95
98 70
81 88
34 41
98 48
29 6
40 93
63 30
14 88
45 66
10 21
91 43
96 4
53 30
40 23
2 94
68 79
30 47
31 24
75 89
38 55
45 68
65 17
27 42
15 80
37 50
33 57
65 36
6 4
31 58
8 62
31 85
80 83
54 66
11 82
52 80
92 83
100 20
16 67
92 15
87 7
18 97
16 56
17 11
12 16
61 12
84 27
45 22
80 81
49 3
27 31
37 35
91 27
61 10
20 97
81 45
98 24
86 17
61 82
93 90
48 64
53 31
9 30
94 91
19 93
23 89
9 46
46 70
27 47
5 11
95 68
54 32
63 42
13 75
79 3
66 93
54 58
39 53
12 76
11 84
52 79
34 30
47 38
99 98
19 10
8 24
73 60
87 20
32 48
57 34
16 73
94 13
30 44
52 91
81 27
13 53
90 49
2 32
44 11
45 15
81 51
80 67
79 86
67 97
58 61
15 89
98 81
62 68
61 33
93 58
71 61
81 99
39 25
99 8
61 50
21 92
14 28
95 100
47 72
64 99
67 15
92 32
71 91
59 54
7 52
16 92
32 53
78 86
23 47
47 33
100 23
4 42
59 42
1 23
68 40
74 56
99 44
30 60
25 53
3 22
10 40
16 48
68 89
59 44
14 54
34 53
9 39
55 81
81 32
53 98
60 75
17 80
68 86
76 27
52 78
36 20
52 48
75 94
80 60
19 36
1 60
71 2
40 39
76 13
30 52
73 58
49 63
13 79
99 4
66 79
43 8
11 79
34 65
94 86
34 58
66 3
28 48
26 89
69 75
42 23
73 68
78 9
44 9
84 8
7 25
39 21
78 92
64 72
73 57
44 72
55 92
80 7
66 43
100 77
93 85
83 3
43 54
81 42
61 6
18 2
67 75
78 39
44 28
15 42
59 37
5 45
18 58
91 10
62 21
48 70
4 37
16 99
33 27
74 92
21 54
66 99
87 37
67 42
58 49
23 45
91 81
51 30
7 43
55 99
23 72
65 72
87 73
28 22
62 92
57 91
19 24
21 79
55 45
85 67
10 34
68 88
88 38
51 7
54 25
37 25
22 95
53 11
42 3
22 67
67 3
20 54
65 66
93 41
57 38
39 81
57 67
82 28
69 14
82 54
91 88
31 43
5 36
99 25
30 83
86 27
15 85
62 27
70 82
18 75
12 94
84 39
7 21
4 50
69 93
60 61
49 85
66 47
99 43
80 95
92 99
20 68
42 8
16 13
78 19
82 21
57 89
83 15
63 90
21 16
37 9
41 22
71 6
85 35
42 72
59 41
8 64
4 22
72 73
72 34
53 44
88 24
22 68
4 5
27 30
36 67
31 41
9 23
59 47
61 16
5 88
19 58
46 34
15 8
30 31
68 1
86 77
93 18
88 98
70 32
56 67
75 27
83 5
88 67
57 7
16 50
16 28
11 75
9 25
84 95
63 81
52 18
72 55
88 21
56 1
97 45
16 45
64 44
74 3
29 86
93 26
96 76
81 31
89 34
61 38
26 86
10 44
97 13
71 10
7 60
35 65
78 23
5 49
75 7
36 43
54 76
98 76
75 24
14 33
4 61
36 57
11 86
92 96
42 90
28 34
34 77
89 2
1 51
86 6
53 91
36 98
24 20
44 62
43 94
26 92
5 91
79 53
94 82
19 82
49 44
8 30
25 30
9 10
45 80
35 26
77 41
89 67
52 10
9 83
77 64
53 52
47 17
18 9
49 72
83 11
48 99
97 52
24 91
38 64
76 18
95 64
93 29
72 25
73 65
66 64
3 87
95 99
76 50
75 57
65 97
57 58
3 52
71 82
87 83
83 68
25 86
32 76
28 87
68 63
14 83
28 38
4 11
77 39
36 60
2 44
8 14
59 70
17 81
36 52
100 81
58 5
35 86
90 43
48 34
92 4
38 87
63 1
17 40
72 67
27 37
46 12
64 34
13 2
8 10
48 44
82 40
98 35
30 68
14 74
25 93
50 2
53 57
96 45
36 97
23 6
99 60
75 32
99 57
62 65
74 67
93 10
54 60
26 38
41 90
79 54
29 70
55 5
64 16
51 89
54 98
68 60
29 10
63 93
23 97
52 41
63 58
97 53
90 27
7 45
100 28
24 5
5 67
76 65
5 18
39 35
1 27
86 23
53 56
67 77
63 14
96 42
42 88
51 48
13 68
15 14
50 42
38 35
26 82
51 25
98 18
90 65
86 100
85 3
66 74
1 92
42 1
2 42
70 35
51 15
46 17
76 68
10 77
30 95
93 4
16 17
15 75
44 55
29 44
26 59
19 91
59 25
21 14
52 33
28 21
87 100
38 43
36 71
13 77
20 99
8 25
65 24
46 64
75 55
39 19
25 61
21 41
8 78
63 74
61 26
23 88
28 92
64 49
91 100
31 56
31 26
39 99
9 94
92 37
26 1
35 23
70 27
45 27
96 47
41 15
93 67
33 63
16 82
49 1
35 81
25 91
86 57
78 28
10 84
3 43
20 78
49 100
56 34
37 75
100 31
87 26
98 22
63 80
76 60
76 97
4 23
7 26
16 5
76 81
34 69
92 41
47 20
43 40
28 55
4 29
38 80
5 28
17 19
51 65
33 56
43 62
56 81
41 25
94 4
29 91
53 92
8 60
51 43
42 94
5 53
38 4
1 36
11 92
18 21
35 78
23 55
15 44
34 20
81 93
49 24
12 92
59 11
30 15
74 47
96 82
93 84
12 23
58 24
94 16
8 45
64 90
40 46
32 52
94 26
93 14
44 74
22 39
8 51
28 19
37 44
72 99
32 44
28 9
68 44
43 2
93 86
33 51
42 41
14 51
35 91
22 47
11 27
3 69
33 99
57 80
29 89
68 12
98 4
76 8
89 12
18 41
23 58
49 48
36 18
18 31
24 41
55 57
3 86
12 82
41 54
49 21
85 41
74 11
66 16
60 21
85 54
99 51
37 97
33 45
42 70
42 75
4 60
7 65
65 12
60 98
30 26
33 62
30 66
23 37
53 8
64 58
49 37
21 98
82 86
73 85
54 40
35 13
55 66
20 65
50 48
80 75
18 95
37 77
66 84
31 45
77 8
80 34
83 89
11 73
43 81
3 91
43 33
78 48
67 33
3 59
71 30
66 62
49 61
31 52
31 73
34 29
35 99
11 97
87 19
4 47
33 3
81 40
78 21
22 82
94 35
85 27
5 80
51 80
69 42
76 43
79 92
1 55
47 70
65 28
87 69
23 60
14 44
62 3
70 67
63 56
23 19
11 26
35 48
65 41
16 38
45 2
46 91
5 75
89 97
57 62
57 28
41 91
30 86
78 83
48 36
86 7
34 62
42 9
45 98
16 89
21 73
28 12
43 1
1 83
21 86
73 76
9 11
11 40
72 26
48 65
97 25
83 63
96 50
23 11
32 30
24 43
14 62
41 100
66 77
54 88
16 96
28 84
21 22
22 91
48 62
66 12
83 35
7 23
54 63
68 97
32 68
99 86
17 48
59 53
74 43
34 17
85 25
98 62
86 75
44 22
28 43
92 100
69 71
14 90
48 82
17 32
67 73
99 97
42 49
35 6
78 100
13 47
83 41
26 18
86 19
39 43
36 94
31 23
63 91
27 17
53 78
67 44
37 17
88 65
46 30
88 66
29 64
100 25
32 35
51 3
83 21
98 17
74 86
13 20
80 12
99 42
56 37
86 48
46 48
62 64
73 35
28 13
47 83
100 96
35 52
56 7
100 75
100 59
82 80
62 45
8 41
57 61
95 44
47 18
75 45
94 3
99 62
100 24
37 82
91 30
62 83
25 40
88 47
42 35
67 18
3 29
52 75
88 55
93 68
96 9
44 47
21 57
21 15
3 90
94 93
85 58
25 23
62 20
80 41
95 28
6 2
3 28
40 89
52 28
88 86
58 62
43 71
85 11
99 2
32 47
63 35
75 47
67 86
79 19
45 40
97 71
20 2
26 27
43 65
50 78
61 68
25 69
38 85
67 61
20 29
67 55
26 34
25 78
30 54
19 52
79 18
36 87
54 35
44 41
81 21
79 80
10 17
57 3
9 3
99 89
80 89
78 47
14 30
1 64
38 63
25 14
79 48
55 34
92 86
94 17
39 94
68 2
89 31
69 33
69 49
66 82
100 33
57 87
84 65
55 48
20 15
86 60
52 43
100 35
82 98
78 81
98 69
56 44
97 41
27 68
9 20
66 14
95 16
35 71
16 9
34 50
95 42
55 89
47 79
93 2
75 78
81 8
18 88
85 89
28 99
63 66
72 43
83 86
4 88
30 6
56 51
11 52
25 26
34 74
14 53
66 61
65 19
40 71
61 89
20 5
37 100
3 53
20 23
13 3
78 54
52 58
68 96
71 73
52 71
25 34
77 65
51 76
37 51
66 60
29 41
20 93
70 50
78 95
83 75
90 73
4 34
95 8
96 75
11 22
88 41
44 7
79 64
35 16
26 83
40 59
50 8
82 99
37 22
19 38
73 75
12 78
81 48
53 16
76 88
59 22
53 81
99 36
87 56
64 20
34 15
93 36
39 36
43 85
59 34
55 56
62 5
97 32
77 36
46 4
53 100
89 39
54 65
57 49
30 1
32 99
93 49
48 76
85 65
52 56
83 24
19 89
95 37
57 14
58 89
18 48
20 32
93 23
72 86
59 89
87 43
44 77
67 39
14 43
90 76
81 87
5 1
41 39
53 19
69 76
7 34
44 80
74 37
27 35
64 45
56 26
23 56
38 52
19 37
74 72
97 84
90 26
6 78
11 30
100 26
84 83
46 29
36 3
35 21
8 68
90 67
27 44
51 71
6 91
65 3
27 93
42 10
93 28
57 90
45 12
65 5
9 64
20 92
85 34
82 45
60 41
28 51
93 56
44 1
8 94
6 39
65 30
68 77
28 36
93 59
10 45
35 61
62 81
78 4
11 15
37 5
100 93
16 52
51 74
81 36
16 15
53 47
90 7
38 69
90 47
19 83
3 27
32 82
11 13
36 26
51 57
53 40
90 44
61 78
64 67
1 28
37 55
77 9
22 17
47 77
49 18
91 72
13 91
66 21
77 25
82 65
49 71
20 79
37 94
50 86
18 1
35 15
68 41
45 76
97 70
53 83
31 87
41 7
41 17
75 21
64 70
26 39
12 22
68 59
44 89
3 77
37 32
27 54
36 50
47 93
82 46
34 44
42 86
48 92
2 39
20 41
47 68
55 3
61 63
54 44
64 31
27 74
1 67
83 58
80 28
91 48
86 87
81 2
43 13
70 30
98 74
18 13
85 81
81 54
5 60
12 81
93 37
94 79
33 1
11 69
68 66
26 99
42 7
95 47
41 57
35 3
19 6
95 52
54 34
76 59
75 8
20 71
55 60
96 77
25 56
1 7
33 11
73 63
18 3
80 55
1 48
71 54
62 60
30 69
43 20
41 84
67 10
58 87
70 99
30 98
27 29
88 27
9 68
97 22
10 6
16 3
13 36
67 50
27 25
14 72
60 43
98 77
62 24
29 96
65 8
16 32
45 9
61 19
74 90
67 60
71 16
56 71
13 83
17 93
22 79
27 52
61 91
48 38
13 23
4 32
72 51
35 62
83 66
41 53
78 79
74 71
45 57
75 61
84 13
29 61
24 74
49 65
28 50
84 59
33 75
87 54
66 27
69 72
72 93
13 42
75 25
80 11
61 27
56 91
20 59
72 98
36 21
85 92
84 37
90 56
15 31
40 99
19 57
86 69
100 36
80 23
61 8
52 26
42 61
74 58
28 66
17 97
59 79
96 43
63 85
37 60
28 85
69 5
55 64
63 3
20 6
77 35
26 45
7 48
41 98
70 37
66 41
84 50
61 47
36 38
86 12
15 76
2 52
99 65
65 56
52 8
64 26
19 96
19 49
43 97
100 89
2 25
11 63
9 8
92 3
3 96
15 58
40 29
98 12
48 84
59 12
29 25
33 48
77 16
68 91
30 23
84 36
15 72
26 14
89 90
54 18
30 28
83 70
90 20
27 55
42 47
97 48
57 65
49 73
38 53
10 68
4 97
75 76
26 80
19 64
23 24
34 76
35 4
67 21
59 96
11 36
6 18
82 91
6 48
93 38
41 89
100 4
18 25
5 48
76 71
76 91
11 66
87 35
97 16
72 80
34 9
35 33
93 1
79 10
72 35
29 42
37 28
27 58
44 58
55 100
97 44
77 29
47 12
15 36
7 88
70 36
11 7
23 3
24 26
9 21
31 83
26 98
90 34
53 6
16 24
28 49
95 41
17 96
91 26
14 11
41 74
70 4
89 17
55 61
57 60
30 43
46 93
81 11
100 5
12 26
43 68
45 93
66 9
37 76
85 62
45 24
70 71
52 93
84 53
30 64
74 19
57 27
76 62
65 74
81 33
19 34
4 30
41 49
79 70
87 1
89 53
46 75
3 47
52 70
49 51
1 61
50 19
42 76
58 48
27 56
66 39
52 87
1 24
66 35
45 14
50 44
98 3
53 61
71 98
86 66
25 17
60 27
34 16
22 32
94 76
87 98
10 81
44 45
39 65
46 20
85 48
17 30
7 31
33 88
50 25
84 86
72 56
64 54
37 78
46 52
95 77
71 3
42 100
72 60
64 17
19 1
67 81
5 85
79 23
80 16
9 93
19 94
46 89
27 21
22 10
90 1
25 46
84 30
76 31
47 73
49 16
83 59
45 3
81 13
91 42
88 49
23 44
16 91
6 32
86 71
11 31
18 33
57 47
52 40
93 70
6 22
56 68
27 99
98 100
8 26
61 7
15 28
5 51
19 88
65 69
68 18
92 64
14 52
47 99
19 7
63 89
92 27
64 6
25 32
56 47
61 56
8 6
30 59
11 100
77 54
99 52
19 16
84 61
77 75
29 99
23 98
33 23
91 87
76 89
85 18
100 18
45 95
15 98
7 20
94 66
93 22
77 89
64 78
5 15
42 92
56 83
49 27
97 94
49 45
5 64
25 98
45 20
34 79
81 50
66 42
56 92
49 4
32 23
38 33
36 6
53 43
2 19
73 99
69 60
47 81
42 11
74 75
6 70
94 92
8 34
89 43
61 43
73 52
42 52
51 55
87 47
75 68
34 96
72 24
19 32
53 68
64 24
12 9
88 26
17 44
10 36
84 44
25 94
16 86
20 56
39 100
69 89
89 93
86 34
18 39
81 23
46 47
37 31
66 80
19 71
73 44
53 93
20 22
39 54
67 17
66 53
51 91
49 14
33 73
46 44
12 37
59 18
54 3
26 48
64 65
68 11
23 90
10 28
81 69
41 75
66 5
14 36
46 41
26 9
40 2
54 55
45 65
27 96
89 71
56 75
54 7
16 14
76 23
5 27
89 35
71 58
80 27
55 73
43 21
50 83
18 61
79 40
76 79
73 8
79 2
44 31
47 45
86 47
93 16
70 26
87 4
1 38
41 64
82 95
100 94
43 69
78 89
19 25
20 40
24 7
97 61
91 50
65 10
30 61
24 92
99 12
63 15
10 47
66 6
61 41
81 15
20 3
39 92
54 94
69 74
79 4
25 3
91 66
92 66
62 4
91 32
80 69
44 92
64 85
57 74
5 21
100 84
42 84
80 31
86 31
33 31
57 54
19 51
19 77
2 27
90 53
82 83
88 72
20 35
15 4
59 94
78 76
2 75
28 73
54 42
100 73
68 7
35 53
13 9
30 82
44 25
57 72
100 60
65 79
54 62
71 55
52 92
5 89
30 12
18 72
91 2
19 14
40 94
93 57
35 31
92 50
41 35
71 77
26 42
13 98
67 66
34 42
80 70
36 23
26 21
99 85
24 42
80 74
26 15
98 73
85 87
98 28
99 90
76 49
48 13
91 98
47 11
50 80
35 64
18 28
33 55
83 55
59 45
57 69
71 79
14 86
6 96
21 64
65 86
78 71
6 99
13 6
51 73
31 34
58 55
59 52
80 61
39 46
42 45
38 45
2 28
78 17
86 8
38 25
67 87
91 54
9 95
76 99
79 39
34 47
68 58
8 89
38 81
4 81
82 6
52 67
55 7
13 21
66 75
53 71
50 45
82 27
63 16
44 75
42 87
45 41
68 29
94 27
81 28
36 72
17 75
38 60
93 88
37 10
53 80
74 38
67 43
100 80
53 7
87 62
91 1
4 31
99 1
75 1
7 92
2 82
9 75
81 66
17 82
48 19
66 71
20 52
27 32
100 13
61 90
26 22
59 66
61 24
17 43
20 19
91 90
30 90
47 36
35 5
22 19
21 6
48 14
1 4
89 72
33 60
2 3
18 66
4 52
61 37
11 39
23 27
40 64
50 35
44 20
51 41
3 14
23 46
9 40
76 2
15 24
61 65
21 1
35 1
58 33
92 8
36 69
73 36
36 41
46 59
38 92
22 80
23 8
94 68
47 40
42 33
44 65
90 72
71 5
54 90
98 49
20 11
85 8
9 52
38 58
65 67
32 94
37 65
79 42
82 13
96 64
16 36
19 42
74 5
48 69
71 95
3 97
25 24
74 42
84 9
67 40
98 96
54 67
87 74
64 83
11 24
34 52
8 19
95 46
16 60
41 13
17 70
41 2
21 2
63 62
72 41
36 62
21 100
6 42
77 28
61 86
22 27
62 89
58 76
83 42
60 19
36 75
76 4
49 8
38 67
54 75
83 81
43 75
63 5
36 96
92 45
42 71
11 71
67 76
70 9
96 79
33 24
25 95
37 96
4 53
58 41
78 45
26 95
69 91
52 84
42 40
50 95
3 17
72 30
39 47
20 16
28 68
23 26
29 84
16 40
20 58
22 84
78 94
61 93
33 19
97 83
50 89
20 26
24 28
10 35
13 34
56 18
89 94
59 95
53 62
68 5
20 80
56 58
60 89
53 23
64 36
55 4
45 21
59 50
4 7
63 34
97 19
95 94
53 72
67 23
76 92
73 5
63 23
62 86
48 96
67 51
17 13
69 20
11 10
66 90
40 77
5 76
16 27
88 28
2 8
48 87
99 41
42 21
99 87
57 88
12 18
5 41
75 16
68 80
89 36
16 59
11 18
46 66
21 99
4 3
46 43
11 88
43 25
9 81
91 55
78 42
49 7
53 65
31 69
13 95
89 96
3 44
7 63
81 14
14 35
23 61
99 30
28 56
15 61
18 34
95 96
93 50
81 52
48 11
53 49
36 30
75 39
69 18
18 78
29 39
12 97
68 71
47 100
38 14
23 99
68 98
38 7
96 97
57 31
68 15
34 37
49 31
40 4
58 65
10 43
55 62
51 66
50 27
19 75
86 70
7 85
66 85
66 2
54 52
11 19
83 27
6 75
60 85
70 81
63 75
77 76
54 28
18 42
60 93
86 56
2 67
31 48
88 20
18 16
91 9
9 36
53 70
84 47
4 74
50 41
52 88
68 69
31 25
90 37
82 97
20 96
9 97
3 100
95 17
54 11
71 39
45 83
11 56
20 25
4 82
35 30
47 49
43 18
12 79
8 80
80 6
17 21
40 61
9 98
27 71
18 84
12 100
49 55
77 21
60 47
16 98
38 3
58 43
49 91
1 31
2 23
65 63
35 36
45 99
48 24
67 12
33 16
64 50
42 62
49 81
86 22
57 26
98 67
23 83
56 42
49 43
90 45
97 92
80 42
40 91
91 64
65 2
28 89
37 41
40 70
66 78
87 30
82 9
55 35
11 99
86 49
83 93
47 97
26 97
88 73
94 22
9 22
98 46
8 28
45 6
42 25
46 21
80 48
18 99
93 44
90 18
76 24
40 80
93 71
12 21
27 77
70 94
32 26
85 100
16 55
75 20
26 63
25 45
100 76
52 76
4 66
54 73
9 50
52 90
41 94
1 62
97 75
88 30
31 3
94 61
62 49
99 91
4 13
21 38
100 14
83 91
82 84
61 72
54 33
89 10
18 35
64 33
93 65
47 94
6 40
80 88
44 96
93 79
28 6
3 1
83 39
69 15
80 92
69 56
68 14
25 71
95 20
30 94
78 2
14 60
81 26
9 47
6 97
51 85
74 16
72 68
71 99
82 50
52 74
37 2
41 10
73 7
72 76
37 68
59 36
28 40
98 32
70 96
76 56
88 87
92 93
51 75
22 61
45 79
84 54
86 73
34 87
7 93
100 34
83 20
15 93
66 97
32 9
36 85
38 8
7 71
62 19
62 69
30 89
1 89
73 81
85 21
21 97
86 37
43 5
10 32
20 53
89 98
46 79
20 4
22 92
66 15
10 4
45 67
76 55
65 9
79 30
77 45
70 19
29 97
100 15
38 44
69 64
66 44
2 70
39 50
20 81
45 48
44 94
46 28
55 25
76 40
92 13
100 1
93 39
74 73
92 23
50 100
33 66
59 28
83 65
62 52
22 23
29 75
2 84
10 80
39 91
1 11
32 13
4 43
35 90
1 53
60 64
81 57
44 24
36 24
15 48
95 36
77 61
59 21
65 40
25 49
92 70
44 21
34 97
36 2
44 43
99 53
56 60
60 45
63 41
99 79
52 98
83 34
91 14
89 4
75 31
33 98
13 12
32 36
25 12
92 77
32 28
12 93
28 58
19 45
95 39
40 48
1 98
48 39
82 42
22 64
26 33
72 19
30 19
80 14
96 84
5 52
81 16
28 94
68 46
70 12
96 46
43 56
68 74
21 3
75 93
31 28
20 10
80 13
14 58
23 41
52 50
38 11
100 74
80 35
13 54
82 64
19 76
79 77
29 59
53 24
64 100
72 28
85 57
61 2
90 87
95 76
78 68
64 71
89 45
18 96
77 6
67 71
56 15
53 75
34 66
63 55
70 8
94 45
45 58
47 89
85 55
1 71
10 54
43 83
78 44
73 80
41 62
31 72
33 68
11 94
61 46
65 87
74 61
80 71
94 50
11 29
13 46
38 100
33 90
99 80
20 51
76 86
68 87
94 81
10 39
40 92
3 78
31 93
91 36
26 71
54 68
33 85
11 98
53 46
21 80
92 91
100 10
15 60
88 63
9 6
9 76
45 71
88 100
7 91
7 27
80 19
59 80
58 90
76 1
46 99
84 40
33 20
54 93
30 56
87 23
76 41
76 80
40 100
75 84
61 76
14 23
36 46
74 76
78 67
43 50
29 35
30 62
48 21
70 91
41 9
30 40
38 65
54 97
8 72
52 55
22 18
86 97
95 10
36 56
81 18
37 89
53 86
59 92
80 4
64 32
83 57
7 72
35 34
89 38
57 68
5 87
11 76
11 21
80 93
80 1
88 25
8 63
89 74
63 60
98 20
94 34
68 51
45 53
17 54
92 47
81 72
23 66
7 35
89 86
60 31
99 84
20 94
82 10
63 57
16 6
21 94
43 45
11 25
61 88
21 33
83 94
75 65
23 75
65 33
2 29
37 53
85 20
3 93
20 89
47 48
80 87
97 35
10 94
24 27
17 45
74 21
82 34
9 59
96 12
1 52
40 32
18 30
60 35
69 8
58 99
3 64
98 31
82 25
28 7
60 44
88 83
13 96
37 7
74 8
13 10
21 68
49 54
26 47
13 37
56 54
20 21
16 69
9 61
93 98
77 99
11 62
52 37
95 35
57 24
74 33
44 83
36 76
30 41
80 32
13 71
17 29
24 68
74 36
71 9
32 11
2 48
55 53
23 34
67 53
61 44
51 23
76 87
81 68
43 19
33 37
26 17
37 48
25 83
8 37
68 85
75 38
43 35
7 15
43 29
97 98
54 80
99 37
10 16
76 6
56 35
23 65
50 68
93 48
70 68
61 21
31 99
52 85
86 45
22 30
55 87
90 28
5 42
59 78
90 62
28 23
57 64
59 10
92 17
96 26
74 62
40 27
56 21
81 86
64 76
71 4
75 12
70 22
21 89
25 13
48 75
50 12
89 87
82 79
55 15
52 86
92 65
74 23
28 76
66 29
2 54
11 60
27 39
31 91
9 67
26 54
80 56
58 16
50 29
38 99
34 12
85 53
67 11
52 94
8 59
18 45
44 18
28 47
31 8
51 88
46 45
48 73
27 59
19 81
62 75
13 39
53 10
45 56
32 29
100 66
89 95
4 54
99 3
53 58
80 86
46 67
25 65
81 75
32 41
98 34
56 41
24 54
13 64
27 19
56 8
19 35
24 85
83 18
39 23
20 28
78 10
55 31
6 100
23 96
85 86
18 65
83 76
78 32
67 20
90 55
2 64
31 68
79 67
92 81
83 40
40 41
35 2
35 96
18 17
77 12
24 93
100 27
25 81
53 94
24 14
28 97
65 26
2 10
88 48
44 36
48 71
34 5
20 42
36 54
75 99
77 22
57 56
4 16
43 6
28 75
20 8
83 73
22 78
34 71
15 86
92 35
60 74
99 13
72 5
22 65
71 33
36 34
93 51
53 21
22 40
97 100
80 84
75 90
97 39
31 74
14 31
99 22
14 73
48 20
78 65
57 4
56 4
17 2
81 74
58 47
4 41
89 25
77 20
21 72
98 51
51 34
48 68
33 36
43 34
61 45
40 13
83 77
17 91
42 17
86 54
51 52
97 77
86 9
55 42
30 81
10 96
41 11
92 36
82 53
84 77
8 91
67 19
20 70
29 8
48 43
12 10
21 87
80 18
14 18
19 95
13 44
80 78
69 28
34 11
91 62
48 12
70 43
18 64
64 93
6 94
4 14
100 51
61 20
37 71
55 68
41 28
87 51
77 18
13 19
35 8
46 100
41 26
37 15
4 69
11 57
65 6
2 95
55 93
92 89
19 92
68 23
62 28
84 19
12 52
15 71
41 87
49 89
96 91
50 65
66 24
15 74
89 65
72 54
42 48
59 35
49 52
32 93
30 73
30 85
30 37
4 83
51 11
18 20
25 48
83 16
8 48
11 55
29 18
65 98
34 21
84 91
4 18
70 54
23 95
6 26
75 50
46 10
10 76
11 50
36 88
84 20
60 83
55 18
51 90
5 90
58 21
81 97
20 1
82 100
26 40
7 83
98 39
21 47
91 93
69 41
25 5
27 87
60 18
91 28
32 95
30 13
72 87
17 61
67 84
84 94
12 64
35 82
92 67
48 27
82 75
29 98
66 76
56 19
90 8
46 65
97 30
93 95
22 8
37 16
28 11
87 66
43 84
8 82
32 100
1 34
29 26
6 68
70 25
66 72
88 85
70 16
94 80
67 68
29 95
30 45
4 59
97 80
54 47
4 21
71 41
80 9
2 30
28 35
26 78
38 83
57 16
13 67
46 94
29 19
54 48
22 89
88 3
22 25
46 26
3 76
34 24
95 4
60 20
28 29
27 73
81 6
92 9
50 66
85 19
82 39
1 14
43 100
64 59
90 11
73 3
1 41
52 60
74 53
30 3
40 86
28 64
51 42
98 78
92 68
96 52
43 47
66 22
100 57
58 72
45 73
32 34
4 33
99 93
76 17
73 25
86 90
71 81
82 20
50 32
26 85
25 21
23 85
77 32
76 21
5 14
16 44
53 64
8 18
65 14
91 11
78 43
89 48
71 57
82 44
54 69
9 27
12 20
78 29
38 72
77 59
32 96
25 66
28 25
29 80
93 13
42 36
29 67
98 6
2 80
57 8
83 72
66 7
43 42
50 98
16 72
71 100
62 47
21 90
95 6
88 92
39 61
30 75
59 97
62 73
25 90
85 37
21 8
67 58
77 94
88 16
24 81
96 80
74 55
61 64
95 75
27 72
50 21
8 97
33 28
41 14
93 96
61 79
37 1
32 89
60 53
11 6
69 61
48 10
14 42
48 77
80 47
45 1
84 23
59 71
98 42
59 98
99 14
64 51
52 22
88 58
85 16
24 71
78 70
8 54
83 90
64 87
81 61
74 93
53 50
15 3
42 22
95 92
64 86
94 98
32 66
80 36
64 94
51 27
12 43
15 90
11 72
41 78
43 80
21 19
34 33
38 20
34 81
16 79
74 64
32 21
19 12
24 87
18 37
20 30
75 58
6 89
99 56
7 67
98 38
55 43
92 98
28 83
65 1
37 72
37 81
39 34
73 43
39 20
66 37
99 94
17 9
73 1
81 1
43 59
82 23
52 82
24 47
26 66
45 69
73 69
72 63
89 13
32 8
71 23
61 36
94 71
32 39
7 89
12 84
51 44
100 63
57 5
87 14
36 7
36 78
46 54
39 59
18 74
88 56
23 49
44 91
28 70
79 36
98 79
26 44
82 59
77 46
1 16
96 71
53 88
77 50
25 16
95 11
6 27
33 53
48 74
54 6
3 95
34 2
69 85
2 46
90 60
92 73
65 27
35 22
40 35
73 53
30 5
92 54
94 96
19 54
31 92
17 12
100 83
42 46
82 77
8 7
68 17
60 28
6 83
48 56
27 67
62 100
98 8
9 79
16 42
89 11
29 65
2 11
49 87
31 47
74 26
41 38
47 5
35 76
38 73
16 68
29 82
100 61
64 39
26 76
61 31
77 17
99 10
23 18
42 44
30 100
35 74
98 63
86 55
4 91
57 35
44 86
88 62
67 24
61 32
27 15
78 82
63 20
6 44
62 7
29 94
31 66
22 43
66 20
28 53
6 34
60 25
60 81
62 80
98 5
52 57
58 60
85 90
57 1
72 75
61 92
100 67
31 36
27 13
38 91
11 46
57 20
87 11
44 85
47 91
86 46
69 24
67 31
93 76
42 37
24 4
51 63
57 30
61 87
32 45
81 58
11 37
23 77
84 6
92 43
83 17
97 10
66 49
48 29
40 36
80 49
68 42
23 64
70 100
50 20
98 83
49 35
40 75
85 42
69 47
7 81
23 21
90 80
5 61
74 85
90 98
14 67
45 54
85 56
52 39
92 72
52 6
66 48
37 67
78 34
72 3
85 83
3 37
86 58
61 11
3 48
74 20
26 55
70 13
11 96
7 14
54 31
39 8
4 84
79 100
100 9
21 30
67 8
31 71
28 61
10 70
98 80
93 35
64 80
98 86
23 5
53 95
6 79
63 43
47 76
23 15
69 26
33 87
92 49
18 62
50 54
10 25
63 37
8 47
51 31
63 67
24 35
9 29
88 64
16 29
33 83
33 80
14 56
91 12
88 34
41 96
73 24
84 98
79 95
42 28
49 38
83 22
100 7
85 76
95 70
34 68
100 90
79 81
42 32
25 47
35 25
44 100
83 51
21 29
51 53
29 81
81 89
30 50
49 68
100 29
66 1
92 84
36 66
29 71
61 14
86 13
100 56
50 47
19 100
30 74
54 16
92 69
65 11
5 7
6 41
61 52
29 45
88 35
57 98
93 8
65 100
45 4
4 19
84 34
79 29
42 64
53 69
14 64
26 73
33 8
26 4
35 75
46 19
66 56
27 28
96 54
36 17
13 8
8 79
4 64
36 63
10 66
66 19
42 58
10 98
98 14
7 99
74 28
17 4
71 8
55 41
49 75
86 91
50 18
81 5
18 40
91 20
6 59
3 82
74 25
73 93
37 57
79 84
59 67
75 34
4 58
97 42
44 76
4 51
2 92
11 43
42 93
29 37
40 50
23 10
70 34
3 60
66 96
78 77
52 64
71 65
48 57
67 25
45 13
27 4
11 35
53 22
67 94
20 73
44 81
53 12
10 3
63 19
17 50
93 21
81 96
96 53
96 8
25 52
85 1
5 56
83 10
100 52
3 80
18 10
4 48
42 31
18 73
97 27
33 30
35 47
36 49
32 3
62 37
75 26
66 57
55 19
35 9
24 86
15 33
5 3
92 57
69 66
76 38
4 72
66 89
14 75
98 27
41 47
70 23
45 39
41 19
48 30
58 66
70 89
43 26
91 77
79 50
34 38
41 33
77 26
58 8
95 91
23 50
64 47
2 12
65 80
77 93
23 91
21 63
49 20
2 96
67 32
38 54
12 42
41 3
41 48
36 22
26 13
85 72
16 65
92 63
52 68
64 68
98 58
46 83
37 26
97 2
60 91
86 18
19 3
36 55
11 77
59 99
70 75
82 76
63 52
35 84
75 71
57 15
62 16
2 100
26 19
40 78
100 58
71 62
64 56
85 98
5 44
24 52
80 77
15 25
80 30
90 4
11 64
53 17
27 8
88 90
47 15
75 4
36 51
78 84
51 62
90 71
53 76
98 40
49 60
65 81
9 54
25 58
61 48
32 79
55 98
31 5
3 75
41 43
13 78
71 60
80 39
28 45
27 20
25 84
24 18
89 54
17 8
49 11
56 89
30 77
65 94
1 15
66 38
54 12
39 16
71 50
9 19
54 83
30 42
45 51
46 50
26 49
28 63
4 44
77 81
82 36
42 77
100 69
27 34
90 16
51 54
27 41
34 22
19 59
62 23
54 37
63 27
80 25
43 95
91 75
2 86
41 16
92 5
92 87
52 29
91 59
84 17
6 47
91 45
51 92
61 73
34 93
8 3
47 55
6 17
4 2
4 86
36 4
86 20
63 24
63 45
73 66
82 89
16 87
34 91
82 81
18 57
63 44
96 65
16 31
22 13
91 58
92 18
73 42
96 67
24 89
83 12
30 16
81 41
73 91
96 28
27 10
52 44
19 73
35 46
35 79
71 88
15 88
58 80
26 67
86 39
67 82
67 6
2 16
5 99
83 36
59 75
23 16
84 16
24 99
46 22
95 81
1 25
92 90
85 71
65 47
46 92
91 65
99 74
39 96
50 22
15 87
98 43
18 51
54 61
37 20
30 78
79 44
44 33
81 84
37 58
8 36
