100 4300
36 47
59 80
63 60
46 90
23 29
72 31
78 48
41 99
94 8
31 100
63 56
78 6
33 93
6 41
87 56
80 29
74 48
56 46
20 76
77 38
32 98
37 95
23 26
24 76
90 55
83 82
82 8
17 29
4 82
85 36
90 36
98 21
75 72
93 34
78 4
43 84
63 36
14 69
23 1
81 93
53 9
14 81
64 67
62 99
90 74
25 9
50 43
25 73
72 61
66 90
36 16
45 99
87 41
60 29
8 64
44 86
53 49
55 31
46 72
45 66
99 46
45 90
68 31
57 53
91 41
38 61
31 54
83 92
5 21
34 17
96 8
51 2
33 21
44 4
16 52
57 62
77 68
38 66
44 45
13 41
66 87
83 94
96 69
19 20
93 92
94 78
88 89
37 1
19 47
86 32
61 69
32 97
80 56
76 91
69 87
54 14
55 23
40 89
36 11
89 85
4 83
27 57
95 72
37 73
51 70
7 98
52 7
87 81
2 95
45 63
39 78
25 90
38 62
94 34
52 87
5 55
8 28
69 48
58 63
10 24
64 3
74 23
77 4
89 30
77 81
42 83
59 10
5 17
11 70
2 54
4 3
54 67
83 58
2 61
84 38
9 98
75 24
66 31
98 62
84 93
7 75
14 30
24 78
61 93
19 66
41 31
95 69
93 88
15 30
59 9
67 40
66 33
92 55
62 24
28 58
41 73
18 67
97 87
67 8
68 91
8 99
10 42
86 45
63 93
24 58
14 17
35 55
35 11
90 60
13 7
65 6
91 31
55 16
22 77
5 10
20 80
18 92
83 69
73 71
98 36
34 95
40 35
31 53
27 67
47 37
26 12
16 50
31 84
10 55
33 88
15 74
88 97
52 61
23 78
60 94
41 11
99 93
23 52
16 1
32 82
5 51
13 73
91 96
83 66
46 3
29 94
26 75
31 93
34 56
18 99
94 3
57 17
28 16
31 59
97 62
7 68
10 89
74 76
62 46
46 80
83 72
64 36
76 55
54 75
56 38
68 86
51 53
89 57
19 90
16 48
17 60
21 90
43 91
64 16
76 62
92 77
75 17
24 64
42 55
17 7
42 100
82 69
40 44
75 20
54 70
58 74
99 1
30 12
84 50
58 90
46 17
21 13
89 23
56 7
66 88
6 51
20 30
65 78
16 57
25 51
12 71
34 8
44 56
27 7
16 51
40 5
32 49
81 13
100 73
71 63
76 71
54 12
84 97
89 35
25 30
25 66
63 29
5 25
97 74
65 63
55 8
8 59
98 55
32 55
10 98
20 28
11 89
57 84
80 58
16 47
35 99
52 89
21 10
55 14
92 60
62 63
70 35
17 80
87 2
93 49
68 11
16 33
76 94
69 74
76 48
8 51
2 5
8 57
78 57
8 80
20 44
30 95
38 41
4 24
81 48
16 37
46 36
78 58
95 65
44 36
70 12
43 60
78 35
76 53
19 99
11 83
46 84
17 27
98 37
61 39
29 79
59 16
7 41
25 34
66 82
2 1
50 67
86 36
2 11
55 89
51 61
94 56
4 28
81 49
31 6
35 14
67 52
74 5
94 73
88 98
56 71
73 5
90 75
76 40
36 17
84 58
92 44
23 19
59 91
43 3
84 41
13 82
3 80
85 54
11 51
39 79
65 84
49 18
9 78
43 69
64 80
29 10
54 11
40 39
89 53
16 81
63 78
51 59
98 76
18 69
41 34
88 84
99 60
71 49
18 84
90 64
39 10
8 88
21 57
32 51
98 56
8 79
17 4
18 97
20 47
19 82
90 65
50 61
98 39
86 22
10 3
37 23
39 7
26 30
11 8
56 32
44 83
95 63
47 23
29 58
97 63
13 56
22 100
48 35
38 18
93 78
37 79
28 12
45 27
73 7
3 74
89 96
93 90
61 47
61 64
37 65
54 89
80 88
22 8
3 87
73 81
62 27
83 3
26 99
11 25
66 65
61 15
95 60
19 7
36 58
29 91
85 5
88 51
17 88
20 31
69 100
40 52
59 21
5 39
42 53
90 30
17 16
88 29
47 89
66 12
2 35
47 11
97 64
54 91
3 58
22 55
81 74
98 69
81 72
78 16
20 89
85 93
76 73
52 73
76 83
6 87
81 80
5 22
60 45
96 21
82 26
9 41
96 9
82 23
62 36
18 2
61 14
70 58
1 97
64 35
48 12
55 27
41 61
72 15
54 66
76 61
67 81
14 90
93 60
33 31
89 19
71 35
52 95
36 79
72 28
45 77
61 45
85 55
14 67
1 7
62 49
91 55
87 100
90 86
60 87
64 89
67 44
96 88
72 33
1 55
11 49
36 97
91 97
41 44
86 13
80 51
1 44
41 82
92 61
67 47
89 8
91 71
70 99
20 16
82 92
33 89
71 50
24 45
80 2
74 40
87 34
86 78
64 40
72 27
4 66
66 94
55 87
6 46
86 99
85 77
85 95
56 22
5 62
36 52
12 43
44 90
95 27
78 66
45 22
51 64
78 75
2 4
90 41
55 20
63 30
37 78
50 78
33 73
32 71
3 11
65 44
68 74
77 100
17 61
80 83
85 12
70 15
83 17
80 72
9 21
24 92
48 26
73 59
74 91
7 18
45 17
90 89
30 62
95 99
12 35
44 61
12 6
27 100
62 2
37 82
69 62
6 56
86 65
16 63
29 76
93 14
98 34
79 82
30 11
20 64
97 4
55 69
84 77
49 20
37 25
49 95
46 25
25 94
83 77
50 49
86 96
9 11
60 100
74 31
90 2
9 39
73 91
8 46
85 47
82 95
41 49
24 41
94 22
30 27
48 91
71 38
33 9
13 71
11 23
44 59
67 5
62 45
90 23
87 20
40 42
73 16
72 21
50 74
5 6
8 50
97 27
66 24
94 49
28 43
37 9
68 52
97 51
94 7
34 43
40 21
50 44
3 81
38 17
6 30
68 1
29 49
89 34
35 49
67 43
80 42
58 54
75 3
34 23
17 66
35 74
66 6
54 90
32 34
73 64
67 35
47 83
90 1
83 68
21 61
37 60
73 40
88 90
55 40
30 78
51 10
52 43
69 16
89 93
91 64
87 83
7 54
92 100
42 39
51 45
6 8
91 19
100 44
85 11
58 86
53 82
97 5
58 61
45 46
93 43
12 24
54 74
99 78
56 36
19 3
65 77
62 31
30 38
54 6
39 36
12 82
33 58
44 46
37 40
89 65
25 44
45 11
4 80
34 9
19 77
31 71
79 100
27 86
39 23
74 28
23 73
31 38
19 16
6 53
14 44
60 74
41 32
69 85
67 17
25 98
76 59
86 33
54 86
11 60
44 27
81 24
42 29
72 52
24 74
44 74
72 36
89 42
80 22
86 2
79 53
18 24
18 64
25 95
89 38
94 53
82 94
85 7
45 58
51 19
5 69
23 64
22 92
91 42
68 34
1 18
76 2
40 62
61 54
21 55
34 24
7 76
46 49
22 46
3 62
38 43
67 93
33 53
69 63
54 16
18 76
19 83
15 50
73 34
86 88
71 46
34 86
100 25
31 70
3 51
100 13
85 86
15 84
56 21
2 75
91 30
65 9
28 85
35 37
43 14
19 67
31 29
6 79
6 70
46 95
51 90
5 66
96 62
6 85
50 26
58 50
86 69
71 9
67 11
88 30
24 5
24 35
44 87
19 74
43 6
22 24
76 27
95 89
15 49
51 21
45 55
50 37
72 68
4 37
99 11
40 24
96 27
82 100
23 12
33 97
52 44
77 50
38 50
80 87
82 30
60 6
21 37
38 39
98 3
25 3
7 10
16 42
77 20
78 27
27 5
1 50
30 48
15 92
98 84
96 40
61 36
8 41
78 40
8 93
96 44
86 50
60 48
80 63
77 59
85 92
58 16
31 45
55 53
98 87
32 17
95 84
97 78
72 2
36 10
29 38
13 46
43 11
12 19
59 60
70 17
72 97
37 61
85 62
8 86
57 71
55 54
70 92
55 67
89 76
71 40
35 92
33 11
34 51
34 22
88 56
57 24
100 55
66 14
45 40
97 20
7 74
83 20
11 73
79 45
23 43
56 90
84 26
36 6
53 90
70 66
91 100
82 75
11 78
23 30
88 58
55 84
31 2
10 86
3 8
72 32
41 96
81 9
5 47
93 18
56 81
21 25
57 60
90 73
30 55
72 59
46 55
34 44
51 20
32 76
27 40
97 29
31 21
89 39
64 93
37 3
11 55
29 57
65 88
6 35
61 98
69 59
95 74
75 62
75 69
73 65
51 30
98 5
61 57
82 70
59 24
76 51
60 24
26 61
53 58
10 56
99 2
18 44
38 21
44 29
93 15
43 86
85 60
71 44
14 95
73 85
8 42
42 97
18 51
40 17
85 67
12 90
3 24
32 66
46 59
81 30
18 36
51 23
80 100
12 40
8 20
6 1
33 87
67 12
69 19
5 18
80 44
32 5
48 17
61 73
3 22
30 100
49 74
22 62
28 27
8 5
65 91
49 57
80 54
96 25
55 64
18 35
98 97
13 65
52 97
16 18
80 71
49 78
12 87
93 11
73 2
87 86
89 44
51 93
61 1
94 21
48 20
42 96
6 81
70 34
8 60
96 61
70 90
9 56
40 85
95 58
72 82
76 14
32 13
2 20
72 39
22 33
49 36
7 81
77 34
99 3
40 94
21 16
10 72
93 52
55 96
41 89
71 58
49 69
54 18
87 10
43 66
87 9
40 19
83 14
11 21
45 56
72 66
73 42
36 83
21 62
75 58
96 76
2 26
43 26
3 50
53 13
61 63
100 97
89 2
59 55
25 72
42 79
80 37
87 54
82 93
19 72
80 53
12 34
15 17
35 60
78 22
64 28
64 74
17 86
6 26
93 75
6 4
90 81
49 23
8 70
90 63
73 70
89 60
93 73
19 81
86 46
13 37
74 30
31 77
37 36
15 87
39 11
77 5
76 81
85 1
17 54
43 49
83 35
80 12
92 67
53 34
38 96
26 51
68 97
1 73
83 10
56 59
94 96
75 87
37 22
95 75
84 47
28 34
74 17
28 15
68 48
16 95
14 99
55 97
85 20
35 27
75 89
56 39
37 34
21 78
47 58
56 5
90 59
100 8
32 16
57 98
65 11
91 18
46 87
27 25
30 3
28 80
71 83
50 72
98 22
70 72
68 16
3 20
58 66
86 82
54 51
40 10
50 28
67 15
73 48
32 8
57 77
4 93
47 78
80 73
65 61
24 47
84 79
52 83
11 15
64 31
64 77
71 55
97 7
5 48
38 27
13 69
79 90
12 84
54 44
77 89
77 48
92 28
12 81
13 17
86 77
58 23
4 36
19 49
29 46
39 22
4 62
15 8
55 58
17 2
29 87
89 13
24 56
35 58
70 38
71 22
81 86
83 89
76 15
1 54
95 26
75 52
48 37
38 47
68 38
1 34
59 78
94 65
24 21
32 45
61 74
83 78
22 49
57 33
26 18
89 91
41 65
67 70
46 91
82 28
37 29
82 81
38 34
74 87
76 77
6 91
22 11
36 27
29 73
100 5
60 77
88 10
21 58
53 56
19 27
47 74
79 73
7 36
11 66
2 84
88 5
68 27
62 19
31 15
87 49
95 67
13 77
70 47
74 86
4 48
48 24
79 11
23 100
45 71
83 51
50 54
82 7
72 57
67 83
52 4
83 13
93 29
32 60
15 37
42 7
17 41
57 37
19 15
84 72
62 29
70 85
4 1
69 67
5 13
76 63
72 29
21 92
69 35
16 93
9 30
41 40
57 9
84 80
7 37
92 10
87 90
31 95
31 65
77 72
26 62
14 73
27 21
24 26
12 93
81 70
49 4
44 75
97 39
20 6
62 32
49 8
87 95
99 81
97 6
36 67
13 76
39 45
79 5
81 21
27 1
77 74
66 84
54 3
45 53
94 30
26 37
63 5
1 11
17 39
45 23
61 16
63 83
47 62
2 15
53 36
21 32
86 100
24 9
83 40
69 29
15 82
17 95
60 15
57 55
92 99
45 8
13 84
69 2
77 44
17 43
82 24
28 73
42 51
73 62
80 19
10 99
71 42
19 97
60 64
93 26
8 43
54 49
54 68
49 68
35 4
34 33
33 77
72 34
49 26
67 74
19 55
86 91
49 64
9 58
82 42
7 64
40 28
19 71
49 97
82 49
9 90
5 30
12 72
38 26
92 56
49 96
52 64
86 4
97 3
79 59
36 13
58 27
48 93
76 45
79 40
7 47
84 73
50 55
13 62
53 60
26 90
76 26
90 43
71 29
28 69
64 14
59 33
86 98
65 79
16 13
67 16
37 18
81 22
93 77
42 13
56 69
99 49
98 60
41 57
51 95
45 100
5 34
47 52
13 99
29 53
62 15
82 87
69 12
17 25
81 38
56 97
68 4
21 60
91 52
98 83
28 30
97 21
97 47
88 99
24 99
59 100
68 90
66 51
31 49
13 61
96 33
7 45
57 11
57 46
31 83
94 90
47 6
54 92
73 99
2 38
37 88
96 53
72 49
80 62
43 24
25 59
61 25
76 12
76 69
90 39
4 47
94 44
17 9
30 76
83 90
8 27
47 68
74 92
7 16
76 78
88 11
1 24
7 93
38 15
100 65
63 17
66 57
22 7
84 85
40 33
44 21
15 99
33 55
34 58
64 71
52 31
94 9
41 92
10 97
49 10
98 38
88 9
97 59
99 42
20 66
62 72
29 84
58 44
55 94
74 8
7 40
63 22
3 14
75 73
68 8
59 95
96 37
27 65
97 83
28 76
58 92
56 41
2 14
13 51
27 66
6 89
44 62
76 85
60 56
56 100
38 99
37 77
86 25
12 50
96 34
68 26
81 33
17 30
9 97
78 92
55 73
7 84
21 23
12 1
4 60
84 36
63 59
23 79
9 49
73 53
3 69
100 66
3 59
26 15
27 3
2 23
92 86
53 91
62 100
39 60
16 79
32 27
95 21
67 37
91 72
95 22
95 77
96 30
87 65
64 78
93 24
24 77
93 62
48 1
8 69
13 23
34 92
79 22
38 73
11 18
95 79
81 84
94 87
42 56
35 66
66 15
87 40
48 86
15 34
92 1
4 31
60 25
52 2
41 16
84 53
95 18
32 87
23 96
82 14
25 40
17 20
63 94
29 65
36 24
48 95
62 83
36 23
46 42
16 91
83 86
20 67
47 90
27 39
30 24
99 61
69 66
37 70
43 97
31 16
49 48
70 28
4 73
14 1
76 33
19 73
17 97
81 20
31 75
53 32
6 2
91 13
44 68
81 59
93 96
27 94
71 6
85 24
88 81
69 84
15 71
14 72
50 52
16 43
52 49
45 73
74 11
74 84
32 69
66 49
78 100
78 43
66 77
6 94
32 39
62 52
84 11
55 70
3 13
59 66
83 70
70 36
8 7
33 10
19 37
64 12
5 99
94 69
45 37
8 47
90 57
10 91
20 73
3 31
20 84
61 87
58 31
68 76
43 5
96 45
7 15
53 88
75 43
6 98
71 4
73 89
17 85
24 52
49 70
43 73
22 65
15 81
5 4
80 74
8 37
14 58
67 26
24 97
21 63
76 52
81 100
80 1
16 6
95 98
32 31
22 90
76 64
89 3
49 100
49 56
58 77
23 16
52 80
22 83
34 61
96 10
47 27
8 35
93 25
83 21
88 69
95 76
11 37
86 29
30 73
6 21
64 75
45 9
6 42
24 61
97 60
21 87
86 53
71 30
89 48
1 83
92 5
91 14
66 55
2 3
8 39
71 47
84 48
73 66
4 50
47 54
20 23
17 81
95 91
1 72
64 70
99 48
35 61
31 12
27 79
61 78
42 49
56 23
24 84
78 20
53 27
9 86
63 100
70 71
43 85
41 80
31 44
86 30
30 2
43 2
74 82
97 16
43 99
27 56
92 38
30 61
81 58
95 7
22 23
83 2
82 51
26 34
87 67
38 40
82 57
28 75
38 20
45 72
23 71
97 69
59 7
10 53
70 89
53 77
79 96
53 5
72 16
5 87
24 89
51 84
16 3
99 28
88 38
3 68
7 5
16 46
22 13
38 53
20 69
40 6
94 72
5 60
43 44
30 39
28 87
84 39
2 7
62 64
66 2
51 38
99 91
24 11
90 76
98 16
72 73
36 2
51 24
48 6
99 9
75 85
73 78
32 46
73 8
27 24
18 6
88 95
86 93
18 47
27 64
44 2
57 76
27 80
59 84
13 45
78 74
28 6
15 55
92 84
42 30
41 66
36 38
30 35
75 19
37 38
31 92
60 13
37 94
20 26
87 36
73 96
44 11
99 94
31 24
86 60
93 35
78 2
67 4
7 66
100 76
18 82
72 69
94 88
87 22
69 22
77 21
83 32
31 46
92 23
69 37
30 54
41 58
42 37
44 5
65 39
4 11
98 8
70 30
91 32
32 96
87 88
55 41
99 53
32 92
52 1
26 4
68 35
95 44
30 50
9 6
14 47
44 72
72 99
60 73
30 64
33 13
14 51
12 99
51 39
52 66
52 69
83 9
44 35
14 62
27 15
77 14
14 48
91 51
63 42
98 71
3 71
62 68
75 50
50 17
13 93
23 59
2 16
31 17
16 40
8 84
18 75
99 50
92 87
38 72
39 29
58 99
61 86
76 66
36 32
66 13
78 55
38 9
97 14
88 23
27 43
1 95
50 62
92 11
40 60
42 36
72 41
56 65
8 58
82 40
89 62
87 53
43 64
98 44
29 5
8 75
35 43
71 81
51 27
18 31
62 95
44 7
50 69
15 77
35 51
31 76
51 57
52 51
49 21
84 25
68 2
15 83
86 62
70 84
26 55
34 18
91 82
81 34
7 49
80 23
30 44
55 61
66 64
31 98
27 75
22 89
44 76
6 75
16 87
92 89
68 69
82 85
17 96
99 67
18 81
88 61
15 23
6 49
84 27
99 34
64 86
63 11
29 22
61 97
72 64
97 94
99 39
38 74
6 95
70 1
53 41
30 19
95 54
6 11
67 68
57 13
93 3
12 83
44 53
38 52
11 61
49 13
53 72
3 36
4 92
22 32
14 31
93 70
50 73
6 84
92 90
80 13
98 27
53 81
87 68
59 32
46 97
63 27
7 30
27 10
48 90
29 66
78 3
33 41
84 68
11 69
81 44
18 40
8 33
72 51
86 35
59 36
61 91
19 78
39 94
77 51
44 60
86 16
26 52
34 42
56 8
10 61
59 17
20 68
61 79
40 66
78 36
7 61
13 88
5 94
90 61
31 56
84 42
87 57
70 19
75 35
14 4
57 86
87 84
7 26
83 56
28 78
18 23
27 71
92 97
89 43
71 43
99 74
34 64
100 96
51 98
9 23
60 62
78 89
17 19
27 11
67 1
28 48
80 40
6 90
42 77
8 18
19 44
51 36
41 10
36 15
16 90
65 46
87 99
39 62
36 66
56 29
7 53
17 56
18 58
42 98
1 82
89 59
15 52
22 88
68 80
64 37
71 97
62 33
34 62
83 59
45 21
63 86
63 8
33 30
37 52
24 94
44 42
49 30
60 80
94 11
13 25
98 72
19 84
52 92
52 48
3 61
52 3
85 18
98 11
11 75
73 18
19 68
36 77
51 28
25 8
17 55
58 12
79 24
62 94
18 3
22 21
68 14
55 4
99 100
9 92
70 60
92 72
74 72
75 55
19 35
30 56
28 14
28 11
25 62
10 71
70 87
95 78
18 80
46 5
13 87
32 33
87 23
7 96
71 7
73 98
6 15
42 66
78 53
95 47
47 35
28 60
48 58
10 82
90 84
36 65
50 40
9 66
37 30
24 69
1 31
10 34
32 80
47 51
94 31
2 50
5 42
91 92
80 82
16 24
27 42
91 56
64 99
48 92
12 37
3 1
20 95
43 51
40 14
47 69
59 34
65 96
35 95
7 78
84 10
16 70
44 39
47 12
61 48
92 40
90 24
26 85
43 37
25 81
77 69
23 97
83 85
41 100
83 16
100 46
44 15
95 28
66 46
57 30
7 29
91 45
7 24
91 40
84 78
83 74
35 90
85 68
15 20
35 81
90 99
3 45
90 17
97 50
67 24
84 32
16 11
8 61
97 79
74 43
40 90
93 39
72 40
31 8
9 13
53 95
98 66
6 58
71 53
48 36
58 62
80 48
84 33
58 40
12 68
86 24
10 17
83 49
46 9
37 74
68 58
80 49
52 86
41 45
17 72
61 75
14 37
89 14
62 61
77 80
83 28
97 48
43 87
24 83
6 62
23 44
82 2
50 64
90 100
8 13
23 76
77 43
83 23
79 46
82 67
93 74
90 50
8 24
53 46
95 92
67 90
6 77
12 38
89 84
77 82
86 51
59 88
84 52
98 49
63 88
51 22
23 68
7 91
82 20
94 17
75 40
10 37
38 23
88 100
97 40
12 78
59 53
10 16
68 71
95 36
85 99
76 72
87 25
96 63
89 1
90 95
36 81
78 25
60 76
63 38
62 77
45 49
21 82
83 54
6 86
17 6
79 88
80 55
52 6
31 26
81 85
36 21
36 9
69 21
95 42
60 75
89 94
76 58
47 75
51 48
32 77
83 29
79 38
27 26
44 69
1 36
84 62
65 8
34 50
54 81
90 5
6 93
34 74
64 44
27 48
38 69
41 39
71 20
54 35
93 65
59 39
57 45
73 32
63 3
66 96
93 71
75 80
14 80
51 4
99 65
47 64
19 5
61 83
90 97
16 62
79 86
67 78
73 54
12 5
34 30
12 15
15 18
77 2
7 14
67 66
15 51
25 32
95 12
26 71
36 92
84 100
2 60
12 61
91 93
1 77
47 3
1 51
54 43
62 88
64 82
1 78
91 98
11 10
74 6
88 77
91 50
62 71
94 79
30 36
33 5
83 57
69 30
5 76
87 78
54 52
87 11
91 58
4 54
77 35
23 24
80 11
95 29
22 25
9 22
23 66
25 80
31 23
73 87
26 83
69 26
17 24
83 65
6 99
30 99
30 75
7 20
15 35
1 62
6 10
39 13
93 50
76 79
73 9
27 73
25 10
16 25
89 81
77 54
38 28
52 77
52 11
27 83
2 27
66 48
26 28
66 60
16 89
78 56
20 35
76 8
13 92
85 74
47 26
51 49
73 56
17 89
45 6
24 32
31 89
35 91
28 93
38 95
55 3
78 5
69 60
63 91
75 76
97 77
99 68
51 9
58 59
95 64
93 58
71 86
33 3
26 77
93 97
63 81
66 56
60 79
38 44
57 22
34 27
40 69
88 45
44 78
74 4
62 48
46 96
83 79
46 30
4 89
66 50
87 59
43 36
100 58
47 80
43 7
87 38
36 55
74 89
46 83
50 11
48 85
20 27
17 78
46 38
13 44
43 76
71 5
83 64
23 14
17 52
92 65
91 85
89 15
90 52
65 62
33 82
39 16
8 78
50 89
85 4
68 36
49 33
8 12
17 11
84 86
25 63
93 17
7 58
40 48
84 17
9 5
49 38
60 1
12 2
5 37
6 88
98 13
90 3
91 80
97 34
18 52
72 78
69 90
41 21
74 12
7 31
31 86
80 85
27 59
7 51
81 51
60 38
20 4
88 39
3 23
27 93
61 70
35 73
44 63
66 3
16 82
70 50
48 55
96 13
53 3
37 68
56 95
34 71
64 1
98 40
85 90
17 23
80 92
68 70
24 100
54 28
46 41
76 9
100 53
24 38
11 91
21 65
36 12
85 87
63 41
50 31
49 92
82 5
69 71
85 19
11 58
36 74
56 3
49 55
71 59
40 8
49 89
45 82
76 82
48 23
77 12
73 21
3 26
38 82
27 87
95 96
60 91
11 81
30 21
56 37
31 30
92 79
21 99
81 45
89 86
96 72
50 19
37 33
98 59
61 71
29 9
14 12
31 87
85 64
23 40
27 61
23 91
76 19
24 50
57 79
27 77
84 44
5 83
63 89
84 45
49 65
61 95
61 20
89 68
94 38
7 60
93 1
23 93
66 86
5 3
5 75
26 5
38 3
85 61
89 71
34 67
50 95
38 100
53 24
91 28
78 70
36 34
100 34
91 67
71 37
33 36
35 5
61 4
48 47
11 26
57 95
29 96
31 99
65 3
87 76
66 53
17 8
80 89
18 90
51 75
53 97
81 95
85 15
7 88
71 79
80 31
35 76
61 40
77 25
61 77
68 61
22 42
4 58
20 12
65 82
25 71
39 6
20 92
85 49
37 54
25 69
34 31
76 3
44 97
66 34
68 50
72 67
70 69
88 83
93 80
50 20
40 20
48 19
34 6
28 44
21 100
69 10
80 6
82 84
82 47
8 36
14 6
61 80
16 80
62 53
93 45
68 51
49 59
72 90
60 81
51 62
51 67
82 78
43 31
16 35
86 40
50 80
23 35
78 69
57 40
46 11
70 26
66 85
92 17
1 28
3 21
36 75
97 95
22 41
66 16
9 77
62 37
6 3
96 16
39 100
17 28
26 36
26 97
38 85
99 20
80 79
38 10
6 13
91 26
79 33
45 42
12 55
72 71
60 27
37 20
95 83
30 79
60 61
98 58
58 39
35 72
53 92
65 80
92 27
96 81
65 25
76 84
7 21
51 89
20 36
39 55
78 96
77 55
95 23
92 6
11 86
69 6
89 67
85 44
82 31
20 86
39 86
75 68
17 99
54 20
25 23
58 52
41 88
72 79
88 36
30 59
37 49
32 78
93 98
4 8
89 56
14 84
81 65
58 32
58 69
30 84
29 59
20 11
94 36
28 61
85 58
22 84
8 26
60 82
46 37
75 70
81 69
56 57
8 72
71 67
61 46
73 12
73 36
79 9
63 72
99 7
7 48
65 76
30 58
20 60
36 96
93 54
76 67
86 21
88 16
3 86
58 42
16 85
93 38
48 75
16 26
95 9
79 41
45 38
51 56
40 3
77 47
96 57
66 92
35 62
7 92
61 84
91 90
5 86
95 19
67 84
20 18
80 97
1 30
46 60
38 7
23 4
83 37
95 43
82 35
37 24
59 82
6 27
17 22
19 43
92 50
6 100
16 92
75 38
24 71
34 39
47 2
21 71
32 6
11 64
67 31
92 88
57 91
44 3
76 6
49 28
98 29
93 2
17 68
39 31
88 73
42 38
37 75
37 31
53 37
13 63
76 10
84 83
92 45
88 46
51 37
80 38
47 44
94 41
50 14
97 73
81 2
72 88
33 60
44 48
2 92
34 63
24 91
49 24
90 29
31 25
37 2
11 72
93 36
8 85
54 71
71 99
33 7
66 30
23 69
72 93
79 32
40 68
69 15
18 43
62 20
68 43
67 23
47 81
10 95
33 90
81 75
91 12
20 14
60 34
80 94
77 49
86 75
67 6
44 17
79 51
89 98
78 52
3 9
74 75
51 41
63 6
5 70
89 69
42 9
76 21
72 5
12 17
78 77
91 62
35 97
34 49
10 79
10 60
8 29
87 37
41 98
83 100
69 41
69 99
100 51
23 77
81 50
62 7
27 33
10 9
57 25
25 58
55 63
83 7
74 1
13 90
81 5
53 69
21 66
55 62
42 60
38 54
38 1
25 45
88 76
46 51
73 39
99 23
92 81
4 16
47 34
34 4
97 65
58 13
32 63
36 57
61 94
40 15
56 86
17 87
22 96
4 43
23 46
36 31
69 64
59 45
45 98
9 16
28 35
29 78
10 13
82 89
58 60
72 30
72 85
28 97
33 42
54 26
64 58
68 24
38 91
2 74
79 49
49 39
36 54
95 100
9 93
65 98
66 95
36 5
76 50
59 61
46 58
14 60
8 16
31 69
24 19
70 40
82 61
96 92
32 10
58 97
20 93
30 60
38 19
98 79
93 10
98 92
23 10
10 78
27 52
46 92
37 28
39 91
82 46
31 61
90 4
55 2
1 20
37 99
30 68
62 8
70 80
19 58
97 41
47 99
60 12
99 66
56 77
39 57
94 57
52 82
39 63
44 93
26 1
37 93
55 29
38 35
18 28
67 97
72 13
11 77
18 19
87 64
24 73
72 18
16 65
21 89
72 20
100 37
65 40
7 46
90 27
99 75
13 27
40 51
63 57
76 41
70 3
62 87
75 14
31 13
53 40
51 87
53 23
46 94
48 8
23 50
28 90
11 7
33 61
71 95
5 50
14 49
92 63
54 5
44 10
27 29
52 19
26 64
27 31
40 1
41 36
21 91
23 85
49 12
72 6
69 79
97 2
60 55
69 93
84 91
5 49
87 89
69 46
94 23
47 40
5 93
80 78
54 23
54 8
37 58
83 81
60 54
71 90
42 21
90 32
11 97
30 22
49 44
42 41
28 19
80 96
1 47
80 9
94 42
29 33
16 94
8 23
68 73
78 81
54 48
10 66
60 65
76 99
31 19
8 77
6 96
39 66
25 29
64 19
30 40
62 56
20 52
10 22
31 51
44 51
28 36
30 87
81 42
83 48
65 23
89 97
59 62
79 56
17 35
89 28
8 9
80 95
72 9
17 3
30 98
46 21
79 13
28 86
69 33
9 7
55 25
23 60
56 55
67 75
83 93
58 94
38 57
72 4
93 87
24 96
48 31
61 5
57 23
39 92
92 29
20 24
80 30
78 68
89 99
22 27
81 41
39 46
65 59
18 60
2 70
11 31
24 44
32 37
14 74
3 7
34 88
74 73
41 86
26 66
29 100
77 79
33 71
74 51
93 55
54 78
65 71
5 16
81 97
98 96
37 41
3 96
87 39
73 82
97 66
83 25
86 97
78 88
10 90
4 84
81 27
70 97
55 43
6 68
52 34
76 17
34 29
64 38
1 19
57 58
63 51
57 65
72 22
32 23
71 82
31 90
98 46
61 66
66 81
49 2
66 89
28 77
14 5
6 23
33 78
4 99
34 83
54 40
62 12
61 53
37 72
32 100
10 80
26 87
15 90
79 34
22 58
34 90
27 37
18 50
82 58
65 55
18 83
76 39
80 15
40 63
25 36
84 28
68 28
11 42
43 47
49 63
86 76
62 11
23 84
64 4
65 32
17 100
83 75
20 70
27 14
91 49
31 22
6 33
81 79
13 30
71 74
69 42
28 2
53 39
65 53
100 61
49 75
80 34
11 96
42 87
74 66
6 44
55 38
51 60
30 93
63 23
37 6
92 43
47 50
76 42
32 29
77 75
99 25
91 4
26 74
28 7
14 8
52 99
61 42
71 88
10 57
70 4
32 42
78 46
9 100
71 28
90 11
83 45
87 72
4 18
84 9
60 19
73 51
22 16
86 12
28 3
32 44
33 99
61 49
95 73
4 40
3 95
38 86
37 92
22 44
49 67
92 76
45 65
17 98
35 50
25 97
66 93
33 63
52 14
62 67
2 34
16 99
17 62
38 25
87 7
12 4
71 39
57 92
19 11
91 2
18 66
79 63
56 93
8 81
62 18
8 1
55 37
34 19
1 87
12 27
16 53
89 27
5 41
87 45
85 31
62 81
77 16
90 8
15 78
33 38
77 3
14 19
42 88
69 57
56 84
37 44
49 60
4 95
4 27
22 6
43 48
22 38
14 18
58 43
78 79
5 28
18 74
48 15
72 86
65 5
74 70
31 88
49 88
11 100
65 42
71 17
82 44
93 21
81 46
36 89
96 71
98 24
18 61
85 2
7 34
73 3
55 79
38 13
84 21
85 50
58 2
75 15
97 76
16 29
84 40
16 12
27 82
89 37
17 65
48 3
18 12
85 34
95 33
71 52
16 34
73 49
4 69
59 42
47 73
17 91
85 35
1 84
27 16
63 99
38 48
86 15
81 28
97 57
82 39
65 7
82 43
25 91
44 26
86 70
96 51
17 18
1 43
8 30
71 14
54 19
56 40
84 60
96 56
90 38
14 85
75 92
84 94
82 29
78 85
33 98
73 44
98 99
50 36
9 27
36 60
48 82
17 64
26 60
96 99
51 94
73 69
91 15
55 68
45 69
99 32
80 86
81 23
60 71
83 8
78 34
84 35
40 46
36 91
51 65
94 59
72 3
63 73
40 95
47 55
24 14
9 32
2 71
75 34
26 17
42 31
33 92
97 22
63 7
29 51
77 63
24 63
60 88
22 91
60 72
41 59
55 9
79 87
77 73
22 73
70 14
96 82
46 34
45 29
10 81
40 11
2 8
95 41
66 1
27 46
39 81
5 89
100 93
52 5
98 78
11 38
13 40
36 80
23 72
98 80
3 49
22 76
31 81
37 76
40 26
95 15
95 32
37 66
97 31
32 7
91 88
36 14
31 96
94 77
47 28
97 45
57 80
82 62
49 84
66 28
77 96
24 46
43 80
17 1
30 18
90 49
61 43
79 62
70 91
75 97
25 79
8 52
5 23
33 23
10 100
34 35
88 82
70 44
8 92
91 78
11 34
60 9
55 99
11 76
59 57
82 36
3 84
91 79
18 27
11 48
13 24
96 84
62 66
24 2
100 57
11 56
54 24
80 67
99 40
36 69
92 19
35 52
31 28
38 32
93 68
30 29
98 100
86 47
14 86
24 28
21 39
55 52
82 34
70 24
9 89
82 99
59 99
84 63
22 82
36 71
61 56
76 47
4 76
15 97
38 67
77 30
97 13
58 56
78 45
80 76
27 91
97 37
71 66
81 55
15 4
1 49
84 16
1 69
42 90
89 12
93 94
23 75
91 87
91 33
25 53
34 57
4 7
87 48
36 35
82 55
46 89
69 51
50 87
91 1
94 45
92 42
75 12
52 12
38 16
9 69
94 10
63 87
9 31
91 9
93 41
8 87
19 8
10 62
35 80
97 30
84 34
72 89
98 94
19 2
97 38
47 60
23 42
1 15
99 79
86 7
39 3
4 38
5 84
54 99
45 89
71 11
28 62
80 69
30 4
95 13
41 62
1 5
55 74
100 71
31 63
92 30
51 78
5 95
78 60
69 39
47 93
26 19
11 53
42 86
85 51
66 8
66 91
57 42
17 21
84 71
90 62
3 35
94 33
16 60
72 47
61 22
11 5
34 65
98 53
54 69
3 15
32 30
7 100
5 64
97 54
83 43
46 63
21 29
45 34
53 17
3 41
71 41
46 93
83 41
59 38
80 5
100 36
22 53
80 99
29 13
93 32
23 28
35 7
59 22
55 95
7 89
93 42
62 54
97 99
33 51
55 7
3 34
60 52
87 77
4 87
3 60
66 44
50 27
30 67
8 44
61 89
32 3
6 19
47 49
21 53
3 92
6 64
53 93
94 81
83 33
67 58
75 84
100 40
92 59
87 47
29 6
56 82
17 58
27 41
8 53
74 20
63 53
82 11
6 82
61 32
72 26
73 17
22 60
1 81
33 100
83 55
96 5
84 99
59 6
3 57
31 5
78 90
45 10
22 66
95 39
43 72
57 5
31 10
68 15
98 81
8 71
58 51
73 10
22 93
51 50
60 50
58 87
25 7
12 92
96 39
56 33
34 48
89 25
17 69
30 83
47 15
92 14
94 86
16 30
75 91
60 41
23 7
55 44
16 71
30 10
96 87
29 41
81 91
76 49
93 95
7 67
55 13
64 81
52 85
39 83
77 18
18 68
47 66
32 88
89 100
58 89
37 86
34 69
13 34
7 79
48 70
72 55
15 16
90 77
77 17
30 45
58 49
73 67
88 25
36 29
92 73
33 17
41 23
57 73
13 59
63 66
82 9
81 4
13 94
62 70
80 39
11 59
72 56
81 26
66 68
49 27
36 99
62 9
81 40
95 86
69 91
54 72
82 97
81 43
40 32
48 72
48 50
4 19
22 36
88 55
33 39
83 73
62 92
67 61
37 91
26 73
33 65
16 76
76 46
43 40
19 36
2 48
19 61
79 3
94 100
44 12
5 91
2 64
85 71
37 81
11 95
61 29
6 24
32 89
6 7
52 70
14 15
28 55
46 10
54 82
82 63
20 58
82 17
41 25
49 17
99 22
45 95
49 86
76 25
39 77
66 79
58 1
55 86
42 72
56 25
10 77
79 31
37 39
24 95
46 33
54 27
78 42
84 37
24 55
17 47
78 13
27 88
12 7
3 29
93 19
55 34
72 100
48 71
60 68
61 6
81 57
31 73
16 56
58 5
40 22
78 71
77 7
18 71
80 90
33 25
94 32
78 41
14 16
24 39
98 77
99 29
28 52
15 73
89 29
40 9
79 44
77 29
85 37
93 40
30 52
64 15
38 83
6 38
1 76
67 77
91 94
10 63
10 58
16 100
71 77
27 74
91 44
91 34
18 55
53 30
71 87
57 31
32 81
40 2
83 96
51 12
95 8
42 25
8 91
9 44
41 77
26 78
44 99
15 43
63 9
38 8
28 67
40 29
18 70
65 38
21 88
17 37
17 42
23 86
15 24
11 32
57 88
34 54
48 67
67 86
49 16
29 24
27 85
95 94
25 82
69 65
20 43
7 72
92 94
58 96
88 40
30 43
80 7
35 87
68 95
73 46
84 64
60 31
98 90
96 97
47 91
5 38
83 50
85 3
60 67
24 25
16 75
65 58
98 23
79 21
24 80
89 79
23 27
34 21
64 54
78 18
67 2
7 50
14 11
76 70
24 42
82 98
43 62
5 15
48 64
77 46
34 20
6 57
87 18
92 26
76 54
70 43
57 99
78 62
44 57
67 3
44 88
71 94
24 87
82 68
66 80
83 6
40 49
31 47
20 5
77 91
77 70
18 86
69 27
72 58
97 85
25 39
42 62
35 31
11 12
21 8
76 36
14 26
77 40
3 12
44 33
92 47
61 9
85 30
75 1
18 89
76 93
38 14
42 3
48 18
88 3
81 61
52 81
93 57
34 76
26 58
64 68
15 54
50 6
96 60
47 30
58 73
50 82
92 25
10 8
76 38
7 90
1 35
30 41
83 99
96 90
75 66
10 65
58 15
95 70
80 33
59 37
86 59
16 45
6 73
86 19
76 56
26 80
86 73
69 92
51 17
17 79
58 79
24 72
92 51
98 63
32 57
55 51
3 91
99 77
59 96
27 99
74 16
25 49
35 26
75 4
40 59
71 75
55 6
54 84
37 63
59 5
92 64
21 80
8 97
36 40
34 40
29 11
38 58
65 72
24 65
79 93
59 93
90 37
57 7
97 12
3 100
19 87
31 78
99 56
16 44
26 89
74 52
6 25
70 27
36 45
90 20
30 65
5 68
5 45
24 88
7 69
45 80
62 23
87 14
90 82
51 99
78 14
31 40
1 86
61 23
13 11
71 92
23 70
68 92
82 3
62 74
24 33
86 26
38 78
45 33
81 68
7 70
20 91
29 81
34 14
60 83
1 71
91 83
51 71
53 83
