100 4300
30 14
53 95
86 81
26 16
27 3
43 72
44 30
44 1
84 4
44 62
59 30
23 94
37 47
26 20
21 41
64 59
72 56
82 59
72 33
76 21
6 2
65 17
65 4
21 47
31 7
1 83
11 8
16 47
29 52
78 20
84 77
71 92
11 50
69 99
94 54
41 15
61 44
30 50
86 60
84 87
60 40
24 47
39 9
55 40
98 12
48 4
94 55
79 32
24 87
35 44
92 35
5 58
6 46
1 78
51 81
77 95
80 63
88 1
30 6
6 39
40 20
83 93
92 95
82 27
74 86
46 33
99 78
31 29
62 68
90 100
94 40
87 42
44 50
50 42
100 58
15 63
5 86
44 55
65 31
18 37
35 16
57 96
56 18
67 54
11 25
27 67
20 69
62 57
54 86
6 97
39 27
14 100
18 14
93 18
59 89
63 26
46 30
3 74
87 33
59 92
92 4
67 87
19 51
9 2
38 65
40 91
98 18
7 62
15 50
9 88
34 35
34 8
78 71
48 14
24 80
55 73
97 7
81 87
4 20
97 11
47 77
50 19
47 14
58 42
11 19
36 25
88 65
47 94
43 64
11 14
44 87
48 75
83 4
33 74
40 4
82 93
85 92
28 56
84 40
58 74
87 75
40 77
2 16
5 50
56 66
67 25
50 88
47 4
41 74
71 57
49 8
7 33
36 41
73 76
34 27
92 52
1 4
98 23
75 49
90 94
51 20
9 1
52 14
57 93
14 87
11 5
22 48
30 58
86 13
1 67
37 93
82 66
18 49
88 32
88 18
55 85
31 6
74 77
71 82
56 49
39 26
85 52
49 64
63 71
56 20
99 68
63 77
49 55
38 15
70 7
47 64
63 74
75 11
90 33
2 58
64 29
78 39
21 61
17 12
45 58
2 32
68 3
5 94
94 77
63 67
80 48
65 19
7 42
91 41
8 93
77 58
79 15
99 76
56 100
30 15
2 42
56 7
52 78
80 82
98 100
63 60
84 25
79 16
60 59
41 56
27 64
20 53
75 85
77 38
3 19
81 62
73 12
92 7
47 34
75 16
73 83
25 12
73 18
14 95
88 62
42 97
91 34
100 57
71 12
64 33
100 87
7 28
62 9
90 34
21 8
31 87
74 40
27 81
1 10
26 31
56 89
26 19
45 43
5 99
82 9
99 86
60 4
70 100
39 10
44 75
38 61
5 6
3 48
80 88
40 47
21 11
27 14
17 84
57 30
47 73
96 22
83 44
38 63
47 76
100 11
94 27
4 34
60 33
7 17
32 71
96 41
27 46
27 80
36 51
33 86
14 16
82 26
30 11
55 14
78 18
32 75
15 98
76 37
60 90
62 34
39 67
79 41
91 7
80 93
69 56
38 98
77 91
99 95
55 90
46 8
23 44
10 14
44 85
14 43
68 79
96 33
65 75
88 6
8 66
18 90
84 47
35 100
85 18
54 5
21 29
45 68
98 39
38 18
53 70
22 86
17 38
9 100
12 1
4 23
53 67
63 11
83 18
88 81
78 91
54 25
97 41
67 71
48 94
50 75
41 82
7 14
74 50
94 37
33 92
3 14
32 63
94 44
82 83
67 19
34 53
35 4
1 25
90 85
27 74
26 93
26 32
56 87
96 62
6 22
68 37
71 27
45 67
22 77
51 45
21 38
1 31
59 39
7 27
40 67
73 22
15 23
39 77
72 42
68 100
16 56
39 81
15 49
23 10
79 51
10 94
80 19
45 91
23 75
47 50
66 44
62 89
38 83
72 48
55 26
73 78
6 95
17 16
7 75
27 36
3 24
15 39
40 97
74 48
47 36
2 33
11 87
48 35
87 78
34 71
58 34
33 93
46 1
47 29
62 87
48 40
8 62
33 62
40 81
58 14
34 59
99 94
1 91
45 57
95 65
67 70
39 92
96 69
32 74
3 13
77 67
41 19
68 66
1 69
80 5
51 39
31 93
95 70
39 46
45 4
11 28
100 74
91 14
28 74
20 61
8 10
41 90
8 15
40 11
41 60
38 73
59 73
55 25
78 12
56 71
98 50
15 42
72 44
33 32
25 50
6 78
82 55
64 84
12 75
36 59
40 22
57 38
17 91
31 44
67 28
38 29
25 62
20 14
11 62
56 11
85 57
71 54
11 82
23 59
34 76
38 71
47 56
100 5
99 64
89 52
55 24
37 66
95 20
30 16
74 67
30 91
35 52
8 3
35 41
24 34
86 96
17 34
46 34
35 39
18 92
65 71
66 54
47 51
84 6
68 55
100 61
79 81
32 1
52 62
41 63
7 85
57 8
39 54
42 27
28 86
47 59
90 8
17 44
8 17
83 33
31 73
56 35
72 92
88 95
47 35
37 67
44 7
89 88
86 25
90 7
42 62
8 61
40 78
25 44
15 6
22 1
7 87
11 20
75 38
95 64
31 61
14 54
40 3
37 79
90 40
41 61
50 86
77 48
24 22
97 16
1 38
98 81
9 27
36 7
64 28
97 63
100 7
100 33
26 74
72 4
94 16
65 53
38 39
75 25
4 90
65 69
62 91
55 50
2 1
50 51
95 91
98 80
24 39
7 2
86 14
36 77
58 3
60 7
76 35
12 6
98 11
12 20
60 55
55 16
100 17
38 2
83 71
62 14
54 9
31 17
54 46
10 72
11 66
54 7
38 13
20 30
12 85
58 1
69 53
32 60
22 51
25 17
8 59
8 70
71 100
43 49
89 73
30 93
44 69
63 35
27 4
6 45
46 44
90 68
11 80
36 95
71 91
8 65
73 71
14 2
13 4
77 1
3 31
74 68
16 8
53 14
18 39
67 90
15 83
35 53
61 37
20 39
76 64
27 58
99 62
68 97
63 93
88 39
14 78
87 59
9 77
18 31
91 21
86 58
83 90
37 29
20 52
68 86
64 58
50 10
3 12
69 21
46 55
5 7
40 99
84 98
44 41
35 72
37 31
73 96
98 64
9 74
20 64
33 84
95 11
55 21
23 65
34 18
48 65
3 66
96 37
57 47
36 29
58 19
50 71
55 11
31 85
52 58
94 72
6 54
20 67
85 35
94 39
55 99
76 15
98 76
16 95
10 26
3 6
54 35
64 63
69 40
29 58
61 29
20 71
1 82
28 25
15 26
22 93
83 9
66 72
5 33
93 68
5 90
48 82
45 42
84 55
70 75
29 89
71 99
93 48
53 31
81 82
80 75
56 13
61 33
84 92
67 29
20 87
19 83
48 44
91 8
89 78
93 62
58 93
26 47
24 66
45 44
34 11
73 21
98 59
60 50
8 19
27 88
87 68
66 94
45 18
23 2
92 44
16 21
73 67
85 51
51 59
95 84
44 4
83 45
82 32
17 40
64 7
6 92
15 92
89 20
40 1
16 22
64 36
53 73
93 61
41 10
71 28
99 72
15 84
68 28
19 14
9 19
37 35
99 8
67 46
76 25
7 93
67 5
83 69
17 20
89 87
87 12
45 5
90 17
38 49
51 26
31 90
48 100
58 53
69 72
74 11
55 30
86 43
86 85
50 97
79 34
74 69
4 55
3 81
16 9
14 60
76 74
100 88
82 62
74 13
96 26
38 92
8 33
99 90
23 19
38 89
81 54
87 23
30 97
82 72
75 31
6 7
62 76
30 84
48 50
83 80
27 93
41 75
15 27
24 64
47 99
8 43
74 34
67 7
2 79
44 5
69 15
87 76
89 61
24 4
36 54
19 93
16 90
1 15
82 44
3 53
54 1
45 95
40 53
88 14
81 46
79 38
38 19
40 44
10 27
37 44
9 23
44 70
1 27
49 58
13 32
97 5
56 68
4 36
27 79
74 97
86 62
40 63
91 93
89 12
49 72
41 77
56 70
52 38
62 1
64 37
41 68
95 1
75 62
44 20
66 59
82 13
28 40
83 29
93 64
16 82
90 75
47 87
22 62
36 31
14 59
49 59
77 88
11 46
46 24
97 66
81 58
58 89
5 48
40 56
90 22
84 59
43 62
9 14
54 65
42 90
99 49
14 35
66 48
51 80
30 40
83 68
55 36
43 70
17 58
78 34
49 16
22 85
62 15
20 55
89 18
88 90
67 32
62 54
46 23
31 56
13 51
6 47
68 81
4 30
51 89
64 19
10 7
4 75
98 24
77 34
98 25
92 11
57 55
44 67
99 75
59 95
74 15
36 1
51 32
95 89
40 27
95 98
99 74
72 87
11 93
89 93
87 10
25 90
91 88
86 71
87 38
18 29
26 28
51 86
62 72
33 71
98 9
44 91
57 88
81 2
30 45
77 18
30 100
52 71
30 63
25 2
12 96
9 44
1 90
86 46
73 72
37 3
6 16
55 58
43 51
65 76
11 4
39 33
71 21
30 64
14 85
74 57
7 30
2 62
21 74
50 99
95 71
15 94
5 41
94 24
38 48
34 64
11 47
96 14
21 62
34 57
72 27
30 34
35 40
97 35
43 4
14 69
5 98
88 73
88 42
86 41
1 93
89 74
1 29
58 99
86 72
100 52
18 51
35 22
32 38
4 14
88 63
78 95
44 90
66 74
93 95
29 100
12 4
42 44
30 1
62 35
81 26
89 3
87 1
100 62
65 27
45 16
75 63
48 64
47 89
35 23
50 14
74 37
33 51
52 61
60 93
53 55
1 100
41 62
59 18
7 79
26 78
87 45
67 56
78 74
54 2
44 63
54 64
42 80
58 12
40 31
63 94
75 9
49 45
33 30
49 100
40 93
76 11
35 86
7 21
70 71
24 16
85 67
62 58
11 37
20 35
31 69
4 49
2 67
58 61
96 77
18 76
55 32
40 36
51 27
72 3
36 45
66 22
81 55
59 5
95 52
63 23
34 38
26 23
18 41
62 90
24 51
23 64
39 29
6 48
18 22
58 38
89 83
98 82
15 47
82 45
88 87
41 29
46 4
51 1
92 34
87 21
85 95
6 27
15 10
57 72
75 21
85 11
4 57
99 82
22 23
81 66
39 90
62 48
34 16
38 88
74 53
93 23
28 30
23 80
30 35
17 67
9 45
85 15
20 92
92 86
11 18
64 46
50 8
30 82
51 21
59 38
55 86
8 14
16 70
33 68
85 76
79 66
37 48
29 45
68 32
15 11
51 64
67 35
3 57
49 11
33 73
99 20
78 45
7 40
17 61
98 54
82 64
35 31
13 46
89 35
9 99
91 64
68 14
25 66
95 31
21 57
81 23
97 19
68 10
21 40
83 50
75 34
15 34
26 6
13 33
40 96
75 91
29 14
79 47
56 46
63 62
1 76
37 26
63 56
15 60
6 72
81 47
39 48
60 6
60 16
5 25
31 59
98 4
75 51
10 32
50 65
100 86
14 1
82 86
63 48
65 70
18 55
37 87
13 45
81 56
28 72
8 79
27 11
72 12
83 100
98 52
23 45
37 46
64 13
53 52
40 15
99 32
22 69
47 93
1 64
79 13
71 94
4 8
8 24
82 47
64 5
57 92
1 72
38 62
10 37
96 88
48 58
37 55
14 45
30 36
7 26
22 11
30 89
38 76
37 9
68 26
14 24
100 24
85 47
76 71
15 59
16 43
90 65
75 92
18 72
68 9
2 50
13 54
86 98
52 43
71 90
52 99
71 49
100 37
71 29
21 53
36 91
92 77
48 1
76 29
22 13
68 88
82 37
46 75
17 96
46 5
49 77
44 51
26 29
61 15
88 60
99 63
88 74
14 15
16 76
39 100
28 37
78 49
67 31
50 33
54 88
79 9
77 17
55 28
59 62
35 6
20 34
36 22
13 68
67 55
32 47
36 81
98 14
98 53
57 18
29 87
70 69
18 16
45 52
30 98
3 98
28 77
70 74
57 36
85 87
49 31
41 54
83 76
94 75
18 86
87 90
38 60
74 18
21 65
31 99
11 70
70 47
18 64
68 19
63 7
65 67
71 80
81 33
94 67
73 90
71 64
21 12
82 10
87 79
72 53
57 87
16 10
35 93
20 45
46 100
4 74
98 37
95 96
42 55
90 9
96 43
32 65
56 75
62 36
86 26
13 81
91 67
38 20
12 62
11 6
88 61
73 65
56 37
96 65
100 34
51 56
63 86
81 10
57 33
20 100
11 68
73 99
36 79
12 91
61 91
65 22
46 19
80 26
35 88
58 60
74 12
85 70
36 8
53 18
31 41
47 30
52 8
72 88
54 59
75 2
38 53
59 55
42 66
14 90
51 7
65 13
75 68
83 7
89 31
70 58
8 84
91 57
87 8
18 8
100 19
97 22
6 8
77 78
63 10
100 36
7 95
82 65
58 46
61 53
27 100
10 86
22 59
42 14
10 24
89 36
74 8
45 66
4 81
21 20
8 51
82 34
97 39
1 42
76 78
67 61
96 49
9 36
79 10
71 84
59 85
74 24
17 45
59 94
15 31
5 72
38 69
62 94
50 94
30 73
70 86
60 66
6 90
65 42
40 73
14 84
61 26
59 70
20 3
38 43
97 77
40 85
79 82
41 6
76 44
29 74
35 74
100 89
83 24
22 31
94 8
41 27
18 67
55 35
93 76
62 79
22 7
98 13
27 45
20 33
91 55
38 40
22 55
95 44
1 8
31 57
60 3
12 92
13 11
29 90
15 72
8 9
74 25
71 59
98 56
41 88
17 56
64 40
1 23
39 82
35 29
59 28
81 15
80 65
100 82
98 69
48 88
63 90
4 22
63 5
13 1
91 76
62 78
33 52
27 54
41 58
21 37
75 36
87 98
48 97
66 40
47 20
30 56
26 11
72 19
37 99
28 100
91 85
87 6
77 86
13 35
65 81
79 45
1 3
23 77
46 79
67 30
92 64
40 33
97 26
47 55
100 10
51 62
81 9
51 5
21 90
18 21
32 94
68 36
16 39
77 21
52 34
69 78
58 87
94 6
24 56
43 88
48 87
92 73
54 74
67 97
16 77
22 84
93 70
96 72
10 22
33 82
87 80
23 13
32 56
45 63
53 88
71 19
49 34
2 55
51 54
77 66
62 71
60 37
73 1
64 83
14 56
82 51
52 44
21 39
30 9
66 90
2 8
58 32
30 80
31 12
44 33
7 86
37 27
3 38
16 66
89 85
64 8
93 16
63 59
47 62
59 43
66 5
93 20
92 89
64 42
60 75
17 93
29 59
79 35
32 46
35 78
55 5
100 42
30 70
53 25
68 64
64 17
35 42
78 55
90 38
34 9
77 62
16 13
38 64
12 83
65 68
65 66
7 13
29 44
49 7
15 66
39 41
5 39
21 83
90 78
9 87
96 30
37 58
3 49
48 59
31 30
27 90
4 39
62 49
62 95
100 59
56 88
33 69
24 82
70 55
19 90
93 32
4 41
35 90
64 3
24 35
4 16
15 89
98 75
100 81
4 91
31 21
42 40
96 31
46 51
28 46
43 33
39 87
70 90
86 66
29 12
29 6
40 12
92 87
17 89
18 61
97 64
33 67
47 25
57 53
88 47
77 14
83 75
96 3
38 54
36 52
55 93
58 4
25 20
55 23
17 53
49 52
46 63
28 24
75 89
69 34
6 58
58 50
67 26
40 10
5 79
56 12
69 17
69 90
12 39
33 80
65 33
83 84
64 73
58 7
67 100
88 64
43 18
63 13
69 16
80 10
47 23
59 97
56 92
24 81
42 93
52 84
68 46
63 39
50 79
44 15
40 65
83 66
54 50
26 24
28 13
18 36
77 33
67 4
56 53
9 40
50 13
64 70
43 31
86 24
1 79
45 48
71 25
9 72
10 3
28 35
10 44
12 100
95 57
26 89
93 38
17 59
26 59
62 31
51 30
80 7
60 97
84 78
37 24
67 59
47 61
90 49
31 45
71 88
5 47
47 33
55 65
61 59
80 38
75 81
98 26
47 65
78 17
20 43
53 22
16 51
45 39
71 16
15 25
61 1
72 32
51 93
87 86
76 61
38 4
9 86
56 64
75 47
8 38
97 13
6 67
56 59
71 87
79 40
31 11
79 6
40 43
99 66
54 93
90 86
63 8
6 99
64 4
42 71
41 1
53 30
97 32
36 65
11 35
2 11
93 45
99 29
58 92
64 74
63 36
92 8
47 13
15 12
94 86
8 22
15 53
12 55
93 67
85 25
8 26
17 22
11 3
3 5
30 71
45 62
43 3
90 56
49 44
85 37
68 34
85 49
43 78
68 47
22 83
80 28
83 59
2 40
67 21
38 9
39 34
83 16
36 17
97 71
36 98
38 25
1 6
31 34
54 30
27 86
32 27
17 41
17 47
96 16
38 26
41 43
90 48
31 4
91 99
15 21
3 100
35 9
74 44
26 22
38 35
49 37
46 47
87 61
91 87
83 3
12 26
22 15
81 7
2 44
37 90
19 4
29 78
22 56
30 49
70 83
55 3
10 42
25 80
1 43
42 75
30 52
40 86
70 36
19 82
19 5
76 49
11 10
40 8
50 46
85 98
56 78
16 20
14 80
26 90
48 23
57 90
5 62
15 96
47 7
8 54
88 8
71 3
13 66
99 38
70 51
21 93
72 74
92 30
52 64
36 97
8 39
49 57
8 13
22 71
99 16
19 56
64 35
96 51
22 99
66 39
12 67
13 94
15 56
81 41
51 57
8 76
40 57
28 47
83 65
98 42
84 70
96 25
10 59
83 53
22 34
48 13
75 88
59 1
95 76
76 20
43 56
94 41
68 54
80 1
39 99
33 10
43 98
74 46
15 48
64 44
30 68
77 8
40 50
30 81
26 54
88 5
92 69
72 64
53 93
9 94
88 83
42 11
89 34
42 59
69 86
34 28
5 1
27 33
60 81
45 21
87 97
41 53
9 48
15 71
95 12
49 39
47 98
51 95
37 32
58 83
60 94
64 67
59 7
28 3
45 32
36 90
65 5
51 92
37 88
3 87
56 61
26 27
42 25
99 3
64 6
36 23
66 41
55 33
26 46
98 93
24 90
59 4
74 79
93 99
11 78
79 86
92 91
42 3
91 49
45 64
37 4
73 3
84 49
79 3
9 26
26 64
65 99
41 59
97 25
94 25
35 27
49 25
77 44
47 10
70 4
99 10
46 3
38 46
11 65
5 82
10 35
91 73
25 100
24 77
43 99
55 83
38 44
94 87
35 69
77 80
99 81
25 77
36 26
38 55
96 59
37 73
93 50
58 23
55 7
62 97
68 42
85 83
8 78
98 72
92 61
5 10
69 36
84 65
49 20
4 88
24 9
27 19
74 16
53 39
83 74
41 30
32 15
88 25
47 74
14 36
70 26
41 45
75 35
54 55
96 71
100 18
5 24
26 87
59 45
38 97
6 10
26 13
23 33
31 77
59 21
6 98
59 2
7 99
87 83
60 67
80 15
83 99
51 12
59 88
77 75
72 61
40 26
48 26
77 81
4 77
42 8
74 59
61 99
97 4
55 76
87 18
42 46
67 82
19 75
11 54
53 99
24 67
8 29
7 4
33 36
34 94
41 2
52 47
15 46
42 99
26 88
39 96
2 28
63 65
64 11
45 84
2 77
89 39
18 15
32 100
67 81
16 67
59 76
45 22
24 41
3 21
94 38
82 23
23 8
14 31
16 92
70 25
23 14
37 41
7 32
21 52
24 50
74 81
24 40
30 88
19 47
90 45
73 93
43 30
41 40
38 56
76 88
52 22
23 90
97 88
85 43
62 46
88 20
75 74
91 16
34 55
32 86
41 69
22 30
100 99
12 77
61 43
48 55
78 33
25 45
47 95
26 85
44 39
43 55
1 56
60 36
88 78
13 58
60 47
72 90
74 30
78 85
84 7
27 87
1 26
83 25
10 55
54 44
33 98
58 67
86 42
27 2
55 74
43 17
85 4
90 13
34 2
41 93
74 82
96 70
58 54
14 67
36 83
73 36
64 69
8 31
4 96
7 23
83 32
33 18
47 54
77 7
93 71
79 77
13 55
72 68
74 14
94 35
100 69
53 64
26 94
45 98
27 30
33 21
37 45
15 54
21 25
34 32
87 25
33 19
94 68
46 90
33 6
95 34
9 60
79 25
1 81
64 79
35 21
69 62
28 33
35 83
28 15
10 54
2 56
56 94
80 3
62 85
97 75
98 73
63 2
63 16
84 38
96 92
37 52
23 24
5 38
66 71
18 6
1 45
19 79
83 48
11 52
79 94
67 88
22 27
46 7
70 61
4 10
12 57
80 66
50 37
27 55
65 56
65 41
51 4
91 58
51 87
68 25
22 92
11 79
13 2
37 95
72 50
75 93
67 92
19 77
40 98
41 42
41 49
64 60
47 71
48 32
8 47
10 9
97 44
92 26
60 42
85 96
90 92
87 54
43 100
74 93
6 9
22 94
18 70
44 86
3 88
86 75
84 67
23 39
80 2
70 87
49 83
31 47
69 73
6 32
51 2
56 23
10 25
20 29
32 80
14 81
85 71
69 26
84 99
36 5
89 71
100 76
94 42
69 89
72 25
75 28
49 35
69 18
97 34
29 72
48 47
25 22
61 40
29 69
42 39
42 28
50 77
100 63
26 66
57 22
75 22
84 1
20 83
11 44
7 8
12 35
38 67
47 1
37 72
75 29
17 26
100 40
31 88
48 81
6 65
96 45
70 6
70 77
25 29
99 17
41 9
55 96
44 65
7 96
64 12
65 51
96 47
6 91
63 87
9 63
23 67
85 77
49 1
73 25
28 82
88 21
79 80
44 43
48 7
41 73
7 98
95 17
44 18
3 34
77 27
41 95
82 42
63 25
6 68
26 18
1 57
33 89
66 1
71 51
4 32
73 39
60 1
65 28
62 65
89 11
3 82
10 60
78 30
78 59
33 85
37 19
94 83
91 96
68 7
25 56
98 22
62 3
85 3
23 41
54 34
1 37
71 37
25 60
11 41
63 51
89 4
55 61
61 65
68 50
99 4
16 89
39 91
35 45
8 28
37 34
16 44
88 70
35 15
58 97
39 17
86 39
89 7
4 95
83 8
89 72
46 82
54 48
86 93
7 74
52 40
59 53
25 82
10 71
36 72
78 31
64 89
29 55
41 47
9 66
90 32
35 82
45 86
28 19
38 74
55 69
15 67
94 98
36 6
87 60
98 1
58 15
3 23
59 75
93 6
24 42
16 57
72 81
2 15
24 44
73 4
14 49
96 75
75 18
67 86
41 76
5 16
37 81
40 87
28 38
76 3
91 43
26 50
56 95
1 92
35 73
100 79
57 39
80 34
58 95
59 81
72 8
38 70
62 39
25 27
57 6
39 31
99 13
51 94
96 83
15 24
25 34
70 15
23 38
80 64
95 75
73 84
44 68
16 58
54 42
76 52
71 58
51 6
86 76
28 5
96 56
79 23
100 97
64 2
78 51
85 16
14 21
37 42
98 66
52 3
47 63
60 19
99 25
6 59
86 8
30 87
19 88
81 94
19 25
34 65
61 49
38 36
52 15
100 65
45 88
78 41
98 41
54 40
20 85
34 72
100 75
84 76
69 37
12 61
67 10
45 54
98 55
79 22
78 65
5 8
43 39
58 63
91 70
57 65
28 79
42 47
74 22
61 3
59 57
65 20
2 72
28 63
22 91
8 100
6 83
73 85
91 72
38 16
13 62
57 86
53 87
84 21
14 64
12 16
79 90
17 98
70 29
58 69
12 14
17 15
70 49
92 78
90 58
69 3
7 69
4 21
64 86
15 45
14 82
7 66
26 100
35 60
44 22
65 45
44 71
35 70
7 34
36 39
66 51
87 16
59 80
28 50
8 58
36 74
79 97
67 49
61 84
37 59
83 43
44 80
3 77
53 85
75 79
58 47
8 25
97 10
98 65
61 35
94 74
19 54
72 78
96 76
21 22
35 43
1 97
26 33
17 70
90 50
74 71
48 60
16 37
42 51
95 38
55 51
84 91
17 33
92 21
26 49
64 96
45 47
84 75
70 37
45 75
37 12
22 41
16 32
33 14
20 41
8 73
29 17
17 1
23 60
94 93
3 18
35 68
87 74
16 84
4 61
83 47
99 56
69 43
7 37
59 32
13 5
50 22
32 5
48 98
60 30
44 47
78 57
32 66
33 48
93 43
84 36
78 25
75 10
89 41
58 59
54 77
60 98
46 65
55 9
39 1
25 51
54 37
80 86
30 2
95 69
27 24
39 47
38 91
77 60
92 43
99 36
91 56
34 41
98 27
95 26
93 77
17 76
23 66
37 15
45 80
56 60
31 51
5 2
52 56
18 1
88 84
59 93
85 64
58 31
56 79
52 17
62 27
2 19
28 14
52 83
61 11
91 18
10 2
76 31
11 43
56 9
81 80
53 1
71 9
96 21
48 42
99 45
38 82
7 61
78 86
35 84
51 10
62 19
16 23
30 3
3 54
46 59
24 33
89 25
23 97
83 39
6 85
39 85
56 21
61 96
32 9
79 39
41 13
98 35
63 55
80 74
34 12
47 2
20 7
57 41
9 58
40 59
80 90
47 97
18 58
13 60
54 80
28 23
23 72
1 7
39 19
21 17
95 73
14 94
18 96
48 51
85 29
62 24
99 79
15 36
33 15
49 92
39 76
56 77
11 57
23 74
33 75
29 22
33 99
46 25
32 77
44 8
36 66
92 83
38 42
72 47
2 87
15 68
19 1
84 37
40 39
39 25
20 8
82 56
1 94
90 59
67 57
11 53
22 28
58 24
98 21
46 83
54 83
99 24
66 33
26 72
54 79
59 9
74 10
44 12
3 7
29 98
54 23
25 31
47 90
55 92
22 32
59 12
99 28
10 38
23 86
96 35
11 38
22 49
4 82
98 71
89 49
78 67
51 90
58 20
94 30
39 13
27 99
75 14
95 67
97 14
67 41
79 58
66 62
43 76
12 22
30 12
62 23
95 30
26 83
52 96
56 97
44 88
92 41
46 45
28 94
1 16
5 27
100 21
36 80
47 43
67 96
20 73
73 6
4 78
17 35
34 70
100 6
18 62
14 83
45 71
3 84
46 97
58 51
90 91
38 45
53 62
5 83
64 78
28 16
43 57
24 48
78 83
70 78
77 87
56 55
16 33
27 56
55 100
41 16
39 68
44 14
24 11
18 30
62 20
30 25
56 85
98 92
43 34
51 38
100 13
14 5
75 20
15 100
36 37
100 16
60 83
63 1
7 53
15 99
80 50
48 30
10 93
9 15
36 71
9 51
64 55
65 58
63 72
75 6
37 78
32 23
77 6
40 19
17 49
26 99
22 38
60 99
65 91
72 76
2 98
96 98
15 13
61 39
44 19
5 30
19 10
19 86
67 48
17 73
30 19
93 25
93 92
72 97
42 81
14 63
97 54
97 82
63 24
38 68
37 65
97 80
48 56
35 59
14 32
71 18
44 21
10 83
2 66
11 81
2 45
69 39
64 90
67 36
85 58
14 99
95 21
2 60
90 53
58 76
58 36
8 60
42 30
36 21
5 42
4 9
72 30
29 7
60 11
96 44
22 82
65 43
98 62
12 38
51 28
88 10
4 6
72 31
81 44
56 10
89 86
3 29
43 21
34 60
34 98
45 12
8 82
34 45
70 52
39 71
6 24
91 51
75 61
14 39
43 89
98 74
56 34
93 28
46 2
9 64
100 93
4 56
33 9
99 44
10 90
58 98
46 22
18 95
100 4
32 98
71 41
16 29
42 6
68 48
51 34
30 10
65 86
72 16
7 88
65 49
94 97
59 86
14 17
43 75
62 40
50 7
50 82
81 19
91 11
24 1
37 92
5 15
6 61
6 80
50 100
46 72
17 86
65 74
8 89
83 81
50 59
74 91
59 13
88 51
64 94
84 96
93 36
64 16
72 71
62 56
84 44
45 94
16 50
76 89
98 89
91 98
12 86
93 52
65 2
90 97
45 81
66 6
45 97
72 83
68 24
4 25
57 73
79 93
71 4
85 36
99 87
23 5
81 71
9 46
24 36
26 53
46 99
41 46
63 42
60 62
78 75
51 40
3 44
78 22
33 41
69 77
3 45
13 24
98 88
72 21
8 95
46 98
65 15
60 39
85 74
69 49
42 4
59 79
29 91
5 75
32 28
89 70
81 38
29 53
86 61
74 20
52 73
86 73
48 11
4 94
40 13
18 12
60 5
1 86
72 60
96 100
30 17
47 66
70 31
87 55
29 49
40 32
66 14
75 72
22 70
19 59
56 83
24 54
50 35
84 62
17 88
37 14
38 30
87 50
71 5
18 65
4 54
100 53
28 58
28 44
11 96
45 55
16 3
11 88
15 95
20 90
13 67
72 45
26 41
47 86
43 6
41 84
55 88
66 63
47 53
3 92
6 34
68 40
38 100
78 3
24 25
97 2
46 88
51 69
53 44
23 51
44 78
91 35
76 7
51 41
87 28
76 56
4 66
77 42
22 61
28 88
22 14
30 21
7 39
42 16
100 51
94 36
30 69
100 94
23 37
72 11
7 65
41 99
38 24
74 61
6 86
67 22
22 72
90 89
92 36
21 58
73 43
19 42
9 7
8 37
55 72
15 57
50 56
11 83
39 80
22 64
69 6
30 79
65 16
31 20
69 11
49 95
44 100
62 17
68 22
15 19
51 35
4 50
26 52
13 88
88 23
2 3
71 24
43 87
90 54
63 27
88 94
71 35
34 10
73 45
37 38
36 96
77 71
36 2
45 89
60 28
61 69
74 1
43 67
17 74
55 77
13 77
61 16
25 14
12 99
4 68
3 35
63 54
27 50
34 19
95 86
98 70
98 28
98 20
22 9
52 74
33 97
91 31
87 41
72 40
84 58
43 29
14 92
28 9
8 30
91 69
4 80
14 46
73 70
24 59
7 11
53 45
7 73
54 22
65 39
67 68
39 2
16 48
88 69
2 37
99 97
55 89
82 60
65 35
34 85
76 92
12 36
53 4
39 22
11 29
92 45
35 2
33 37
5 93
23 40
90 76
15 86
33 1
97 81
3 67
44 34
32 44
2 22
98 49
20 36
79 44
87 52
13 9
86 30
91 33
26 73
56 84
38 14
71 6
37 30
25 6
13 30
50 23
84 39
11 16
57 83
46 10
96 20
35 7
91 52
34 48
45 100
65 14
14 41
78 36
54 28
28 66
65 79
82 2
31 38
65 25
84 31
26 3
100 2
19 55
26 45
43 36
8 96
32 64
88 16
20 86
41 8
97 27
72 39
94 3
7 43
27 68
93 39
22 76
33 29
57 69
69 84
28 1
23 71
68 51
75 15
74 45
19 99
73 11
72 58
98 90
71 79
34 88
60 54
40 89
43 84
53 96
1 89
77 52
84 90
22 80
55 39
49 21
69 8
12 47
99 67
72 84
79 83
22 5
64 10
73 29
54 100
87 4
80 46
85 99
91 89
25 52
16 46
81 28
65 87
77 61
11 59
32 3
77 5
35 19
55 79
100 31
62 10
83 62
100 78
81 34
8 55
91 47
64 62
76 53
42 34
35 5
29 93
42 74
2 90
3 25
15 87
4 26
84 12
34 83
4 86
51 17
53 51
76 33
80 35
40 37
57 70
86 38
23 34
11 99
8 45
99 96
26 30
45 69
11 23
41 7
96 38
58 35
60 65
42 32
59 65
71 55
84 34
25 26
28 45
29 57
12 76
77 46
29 92
51 73
57 98
16 7
91 25
33 53
51 29
92 17
45 50
35 32
100 66
75 26
92 88
54 16
29 95
84 74
45 10
14 70
35 57
49 73
89 77
59 69
74 62
46 36
15 7
13 6
14 13
45 24
38 50
44 6
78 16
28 39
86 53
4 3
26 5
11 67
22 88
4 5
59 25
53 37
74 19
93 88
88 12
63 6
88 2
67 47
82 90
33 88
83 63
93 12
39 37
57 17
35 1
77 64
60 26
30 32
71 31
49 86
77 37
27 8
26 58
65 93
15 88
62 67
99 80
15 91
93 97
25 57
93 44
84 20
26 79
72 54
34 26
11 71
56 93
52 51
98 78
6 40
7 52
65 92
67 83
80 9
55 80
78 53
56 80
3 47
56 36
83 27
68 82
12 7
80 68
58 80
88 52
25 61
51 77
63 98
26 65
80 100
75 13
9 67
21 34
29 86
92 40
73 87
32 36
94 80
72 52
61 34
80 40
7 45
20 6
75 55
14 57
59 27
95 72
25 18
72 85
91 3
33 38
93 13
13 36
67 79
22 100
41 48
96 90
75 71
37 57
52 41
74 49
10 48
94 46
52 69
65 85
83 40
96 58
25 16
50 62
34 40
51 15
49 88
87 36
2 71
50 81
63 4
11 12
43 95
17 11
82 75
29 96
5 56
26 2
30 66
33 95
40 5
18 47
50 34
9 47
64 25
2 83
78 7
1 55
29 56
77 82
60 71
27 16
5 68
98 77
64 81
93 81
77 68
87 64
3 36
95 35
64 65
62 16
83 91
86 21
61 71
24 88
28 41
62 70
52 31
97 51
99 92
20 57
62 32
51 72
95 3
56 73
88 66
88 29
65 30
96 89
47 27
50 67
67 51
11 1
17 18
77 30
68 60
25 9
93 85
53 36
39 70
55 15
7 19
51 60
5 34
11 33
52 18
34 14
57 44
7 94
69 71
38 47
79 4
83 17
27 75
27 66
48 99
68 58
44 89
93 84
48 19
20 18
19 13
99 77
83 37
2 94
71 40
1 65
53 12
50 66
77 76
74 39
93 34
63 37
60 45
65 97
43 74
79 88
84 11
71 53
18 4
66 87
38 7
27 44
77 59
46 35
85 17
12 41
99 59
30 62
31 83
35 26
25 92
83 98
58 40
89 22
76 57
100 91
91 26
78 96
58 33
82 54
2 4
59 44
33 94
15 97
94 58
82 40
99 23
28 27
49 87
61 57
12 70
73 77
6 76
74 95
90 74
41 50
6 17
56 57
58 10
44 60
3 33
35 66
48 27
85 8
14 73
93 87
56 3
87 82
2 74
38 78
43 71
51 74
36 61
42 33
51 99
53 75
97 28
8 67
29 40
3 51
86 48
45 56
95 87
17 37
24 60
20 70
92 70
42 83
1 85
82 63
83 97
25 37
70 21
76 14
48 28
79 42
75 52
3 15
86 11
60 46
38 66
85 41
60 74
94 11
72 7
70 45
24 97
98 67
59 72
45 11
88 40
18 99
57 58
25 7
42 26
6 28
74 73
70 1
99 21
7 18
53 89
7 71
53 84
28 10
25 23
22 19
84 51
80 62
19 87
36 86
69 25
96 74
93 9
26 76
50 6
65 52
25 13
5 9
22 63
86 34
80 37
14 26
56 33
47 49
90 12
90 81
13 34
94 19
2 48
11 36
82 6
51 76
29 4
6 62
16 68
73 16
4 15
97 3
13 42
67 80
24 72
93 2
43 26
18 35
64 15
45 61
63 79
89 14
59 52
82 88
49 93
30 39
40 75
95 61
37 43
84 57
43 53
11 32
92 74
27 23
41 70
91 37
15 20
47 22
25 41
91 86
55 17
61 51
53 91
59 91
21 1
33 31
17 3
25 32
77 45
90 15
67 72
14 72
72 70
77 53
8 68
16 81
73 61
54 33
39 11
72 13
53 16
15 78
28 83
33 12
26 21
77 11
93 69
62 61
89 21
6 19
81 25
100 60
55 31
68 59
93 90
95 40
72 100
13 80
47 92
22 33
89 6
99 88
36 10
66 10
48 36
33 35
50 1
15 16
61 85
89 84
62 37
23 42
39 32
6 56
68 71
66 55
49 33
6 74
83 30
4 69
6 49
81 6
55 95
58 75
51 37
50 32
99 1
19 98
63 50
56 86
36 34
36 50
60 22
36 42
98 68
67 34
40 16
31 92
44 13
75 66
71 48
90 52
8 71
22 58
75 76
8 56
98 61
66 58
41 80
31 98
93 3
24 7
19 45
38 85
34 96
13 10
41 83
78 93
28 90
86 31
86 3
16 98
16 59
100 77
3 50
19 24
15 73
98 51
73 100
38 41
57 75
89 37
90 61
28 4
4 52
79 72
34 1
80 72
36 19
93 24
51 14
14 93
66 67
12 69
80 60
98 99
24 32
83 51
73 75
87 5
92 53
85 88
82 58
13 37
99 89
36 16
91 20
41 32
30 76
20 37
90 95
98 97
65 3
65 94
14 6
16 80
12 8
31 74
6 52
30 29
28 36
52 1
76 4
69 85
15 82
93 72
96 1
50 9
45 33
86 97
100 23
34 87
57 77
67 42
63 81
64 39
71 1
86 16
95 25
67 52
49 51
93 4
71 26
32 8
6 96
23 68
31 64
87 13
48 25
49 12
7 57
84 85
85 30
67 89
44 98
59 33
58 88
9 11
25 33
3 75
44 56
12 43
17 87
99 57
86 37
75 67
20 77
68 2
45 85
22 43
40 76
100 64
81 8
86 83
65 29
100 84
6 23
95 100
35 77
57 89
58 25
48 8
41 72
24 65
25 35
80 47
5 74
72 20
37 97
8 53
71 46
43 77
34 63
6 21
22 37
23 30
35 81
11 58
34 73
52 55
53 6
69 67
44 58
4 62
46 40
16 31
64 57
57 26
65 89
77 26
10 98
30 90
40 18
35 8
29 77
66 34
98 8
79 60
68 63
49 40
19 32
73 44
24 2
33 34
75 54
86 88
47 69
69 76
100 85
50 64
20 1
45 76
83 23
87 32
79 24
52 16
3 59
10 65
78 21
36 35
70 3
77 83
71 17
65 9
13 27
53 49
22 20
78 61
58 73
96 87
36 88
52 57
75 17
22 42
9 97
20 59
33 79
40 70
5 81
26 62
95 39
26 84
96 93
19 66
61 14
90 11
62 28
73 62
72 65
37 6
78 58
56 39
97 8
98 79
34 29
8 75
70 33
75 37
54 32
36 44
93 15
75 30
47 100
6 55
77 10
38 27
99 54
46 66
29 15
99 70
81 22
75 69
22 3
40 25
24 75
66 64
9 3
87 22
56 54
43 90
3 39
92 100
41 55
4 33
56 74
33 63
26 44
84 86
82 94
41 3
48 46
19 63
51 11
1 68
77 90
39 52
79 48
14 79
30 61
42 56
76 70
72 17
29 84
83 61
16 19
76 67
13 83
13 71
14 40
42 9
55 97
62 55
2 99
99 34
86 52
64 21
43 58
64 61
14 71
75 39
77 65
38 72
4 17
64 41
30 24
75 1
22 95
30 99
95 83
2 86
39 58
36 49
36 82
90 3
56 26
63 3
7 82
56 58
76 36
62 92
45 40
5 37
35 87
50 39
43 15
78 47
52 12
93 66
32 81
75 64
62 29
15 77
8 80
43 25
12 65
72 77
84 18
21 85
69 87
93 46
27 60
87 46
100 41
35 99
6 38
