100 2479
22 31
28 88
34 55
98 31
20 65
75 99
66 50
16 41
83 51
74 91
85 60
35 24
30 70
50 74
71 46
53 38
14 24
76 69
28 47
15 7
71 43
17 70
24 40
83 53
88 74
12 49
54 95
26 92
39 34
5 75
33 32
97 6
40 54
38 73
31 84
9 49
67 62
15 99
10 46
48 93
96 32
37 14
35 95
96 100
17 47
32 79
16 27
29 14
20 84
13 25
13 53
6 9
97 5
47 75
56 90
77 50
73 26
63 28
24 76
75 69
70 74
47 23
21 13
36 40
86 68
90 94
95 73
12 3
58 89
1 76
36 9
62 65
51 69
70 50
33 91
1 58
98 65
96 21
46 79
95 58
1 22
5 6
94 61
37 45
93 47
36 51
82 16
20 40
38 28
18 33
15 40
49 99
36 42
17 42
79 12
57 50
4 21
64 44
32 16
6 7
62 5
32 99
46 87
81 17
83 72
95 80
21 68
53 45
18 7
50 32
94 9
94 92
100 6
95 28
11 10
46 86
43 79
80 21
25 55
53 63
50 34
62 57
97 17
26 49
20 95
31 55
5 12
89 21
37 81
31 77
16 11
99 41
91 16
65 8
55 32
58 9
64 84
72 75
26 21
17 62
63 14
26 43
8 94
66 67
19 60
97 72
73 40
99 20
97 76
22 56
61 75
40 41
47 88
27 71
63 47
39 19
79 63
88 11
13 48
35 65
85 66
6 33
4 17
84 46
37 27
69 18
25 93
25 33
40 88
50 63
97 91
94 87
40 33
81 38
61 15
48 15
25 45
59 41
83 87
40 37
48 21
21 78
37 87
72 64
29 47
99 12
16 38
34 46
43 94
78 69
65 55
39 67
35 38
16 12
45 57
73 94
41 8
59 18
53 19
48 3
20 97
59 79
79 94
72 91
26 37
56 37
15 11
91 39
61 91
4 32
23 95
21 99
29 93
91 52
24 13
97 1
100 33
65 53
67 65
98 5
72 62
42 86
72 9
28 62
23 6
57 71
98 57
14 70
6 67
29 31
40 100
8 84
34 90
79 65
21 2
58 90
58 70
54 52
22 19
9 99
84 18
50 100
9 74
84 94
40 79
32 39
74 33
42 75
97 32
45 66
83 73
8 90
34 42
99 85
19 45
69 86
2 94
78 13
24 75
13 71
76 79
40 1
25 61
83 67
39 92
64 39
87 90
1 99
75 67
26 96
26 98
58 83
44 100
86 62
65 66
38 58
1 47
13 4
3 92
58 40
53 55
8 12
57 52
46 24
46 76
43 81
56 40
5 83
46 55
27 98
70 59
76 9
24 37
6 59
36 88
45 47
38 93
78 38
21 69
34 30
91 96
77 38
88 56
15 62
72 15
92 66
27 75
5 4
43 28
81 9
30 96
47 81
14 69
39 11
83 36
45 65
41 74
89 40
18 39
61 95
80 52
10 18
15 51
17 1
70 40
23 74
28 10
28 9
9 15
39 70
20 37
26 82
25 71
72 58
81 79
10 74
82 32
74 85
19 99
73 14
100 59
43 19
90 64
2 64
48 31
99 67
62 76
43 22
24 87
16 64
86 38
86 74
3 61
34 57
84 34
34 97
81 72
11 58
59 46
6 18
82 99
23 43
20 27
91 24
51 57
62 84
25 1
95 86
32 22
9 47
26 74
16 26
32 15
64 89
89 20
41 88
39 47
41 94
49 52
22 96
17 82
13 45
79 68
2 45
9 2
43 59
10 58
20 83
65 21
41 98
28 6
28 72
64 36
34 41
8 29
19 73
45 58
51 88
68 1
54 93
88 84
41 90
55 87
43 53
2 77
57 70
63 97
49 46
41 70
32 24
53 33
17 11
79 45
75 2
91 29
12 53
43 60
8 78
76 4
30 21
5 54
29 60
52 4
74 6
77 83
28 40
40 86
31 94
79 49
18 41
59 78
50 35
10 48
85 95
18 8
67 76
95 8
13 12
60 3
77 92
7 45
1 54
93 44
75 3
79 97
65 70
31 51
43 85
54 65
92 54
93 50
9 80
44 61
69 6
82 84
46 93
94 67
95 57
62 99
33 61
34 40
12 28
18 37
57 78
8 97
71 42
77 86
32 8
19 4
13 85
55 80
25 68
54 34
10 34
51 21
40 30
32 56
23 57
88 76
48 89
17 74
32 58
62 33
4 58
22 71
25 81
29 100
69 91
52 27
78 43
34 17
29 30
70 6
91 59
60 30
98 93
65 63
42 57
61 52
96 71
84 81
18 90
74 79
27 68
98 42
18 13
31 99
31 75
31 23
16 21
99 27
61 30
36 34
1 79
66 64
39 14
89 12
67 100
8 6
21 84
11 65
94 54
46 2
25 64
100 27
82 22
85 92
45 49
40 91
31 12
66 81
4 48
17 86
76 91
2 98
20 29
37 50
15 28
40 52
88 26
87 67
27 58
79 87
74 78
87 2
28 41
67 23
78 39
90 40
24 9
97 87
12 56
50 4
77 14
36 52
87 96
92 1
36 84
67 60
35 43
23 2
64 97
24 44
67 42
44 3
4 72
56 17
72 51
16 75
19 85
15 97
5 23
22 2
100 19
3 56
82 83
11 22
53 50
34 49
12 63
79 18
32 65
14 35
26 61
71 87
84 63
47 3
32 10
96 4
33 11
37 46
50 1
96 15
17 77
46 44
57 10
57 9
35 19
7 42
70 15
65 60
86 1
72 55
90 33
58 69
70 8
55 59
94 57
97 74
53 23
43 21
75 51
66 68
99 29
91 73
53 67
59 60
30 92
60 89
5 46
5 30
61 13
48 29
34 52
91 48
41 29
55 66
51 87
75 93
41 46
83 44
93 58
79 13
36 22
24 79
76 81
96 43
2 67
41 83
91 87
32 52
26 52
24 7
81 57
31 71
17 95
56 27
10 3
24 80
39 61
84 19
91 94
14 28
99 52
85 55
56 73
87 19
61 87
25 35
91 68
40 67
63 23
68 23
68 17
56 87
43 86
96 98
39 93
64 4
58 20
83 38
84 47
44 88
45 6
45 56
99 92
98 47
75 85
54 66
15 22
68 41
71 17
3 19
61 82
25 10
47 2
65 99
7 56
39 25
94 96
5 84
30 43
21 92
84 1
50 97
34 3
70 47
89 99
63 86
42 19
1 35
77 30
47 42
15 27
57 17
33 59
98 1
72 57
81 7
69 16
8 98
48 30
44 48
25 67
52 7
94 5
21 41
48 58
51 50
37 11
94 95
74 99
50 71
39 8
19 17
63 92
89 90
97 42
66 52
2 65
69 7
55 67
83 61
59 14
25 40
93 6
16 76
99 56
100 24
24 47
68 56
42 32
42 49
14 65
42 92
49 71
99 38
72 53
89 77
69 9
51 59
3 8
56 44
99 14
29 70
15 2
21 15
68 18
25 85
24 30
93 17
18 22
20 93
34 51
92 74
27 96
47 40
57 35
42 12
15 77
100 36
53 6
65 84
57 28
7 93
72 90
76 53
87 86
97 45
5 89
96 40
57 65
31 95
85 49
60 45
4 91
93 19
16 23
67 57
84 50
77 65
88 73
98 63
16 49
19 78
48 94
89 68
11 19
43 55
49 69
9 78
44 25
29 88
2 28
45 40
78 63
48 74
84 29
69 57
69 93
67 32
56 14
92 44
22 68
8 58
76 11
31 7
98 64
32 88
23 13
43 15
58 15
65 74
37 64
96 68
8 68
96 8
54 35
27 14
60 37
74 30
41 54
22 62
15 12
83 40
99 11
6 38
82 50
12 6
54 98
68 67
15 93
83 23
64 83
89 42
4 44
90 52
66 2
97 86
55 90
36 2
75 84
3 46
66 27
51 1
69 38
13 10
27 10
96 93
27 77
76 60
20 73
51 42
5 37
60 64
37 68
84 93
15 82
73 77
7 68
92 29
1 34
34 29
62 49
20 51
92 60
88 71
63 71
75 65
35 21
9 87
35 100
68 42
79 30
74 40
77 67
70 67
1 39
62 98
26 40
84 96
95 60
51 60
12 18
95 74
64 34
35 44
41 12
87 63
91 17
78 76
90 53
74 45
54 46
37 66
11 9
94 38
56 83
47 87
65 81
6 55
65 58
52 87
31 68
49 29
1 96
1 88
63 26
10 87
2 20
20 55
2 93
98 14
27 32
26 69
19 94
95 55
52 50
99 45
74 89
65 25
31 28
48 11
32 90
22 61
2 71
73 55
9 42
96 47
91 25
32 3
90 78
36 14
69 100
53 48
84 86
22 10
64 62
6 99
62 56
98 84
56 20
77 79
29 21
4 12
50 56
86 92
24 56
37 42
18 24
35 28
48 16
93 35
18 34
58 16
81 96
28 4
66 49
42 39
85 87
27 82
11 23
4 85
15 83
49 60
82 56
64 27
17 27
37 84
62 6
55 75
58 51
86 13
41 53
33 12
29 35
60 96
87 21
31 76
46 67
33 5
48 84
47 89
94 1
47 35
83 37
41 26
95 79
41 93
9 4
83 66
62 29
52 15
81 33
2 1
98 70
73 23
78 16
45 73
56 60
10 76
61 93
60 46
34 63
41 95
72 85
5 1
2 44
3 6
73 37
72 88
83 39
54 64
73 27
9 56
44 41
39 57
1 29
8 20
12 83
53 51
41 91
81 23
58 56
54 33
10 67
36 90
85 44
58 13
81 71
14 60
25 87
17 66
64 100
57 49
32 46
41 42
30 32
18 95
90 43
73 79
53 61
79 26
24 60
87 66
2 95
34 60
23 36
8 28
49 95
61 90
9 75
66 78
50 95
54 6
79 19
56 52
29 95
26 53
80 81
86 76
48 26
99 79
45 12
95 1
92 14
93 88
45 29
6 65
7 57
6 68
93 31
18 26
56 21
96 95
14 34
18 72
40 87
21 64
99 8
69 97
7 35
76 57
91 71
68 12
92 68
58 53
75 41
85 86
35 70
93 86
87 99
79 21
9 92
98 29
59 21
40 14
2 79
26 5
56 64
51 11
22 55
71 45
64 87
10 71
29 50
95 82
24 22
62 60
98 30
51 54
79 83
83 78
73 42
42 82
37 67
28 21
4 30
57 58
91 83
62 8
31 96
7 78
27 85
52 43
92 15
1 61
13 62
58 63
50 62
30 51
75 11
41 73
64 70
65 96
80 97
90 57
37 19
44 51
52 71
73 28
81 67
30 80
90 38
57 1
1 45
76 26
36 69
75 73
87 78
26 58
49 33
29 85
44 20
62 83
20 100
25 32
39 88
59 47
74 12
3 76
25 70
87 84
24 43
24 25
7 28
58 74
99 2
44 6
21 22
88 49
53 29
30 57
6 98
38 22
29 10
10 80
6 64
3 90
97 70
36 29
91 75
6 16
36 31
45 86
100 45
42 6
41 33
82 30
72 63
19 77
15 42
69 98
28 27
88 79
28 91
49 43
62 45
73 35
77 81
11 79
76 23
40 49
57 87
77 9
50 60
71 68
81 90
76 55
43 33
27 23
95 4
6 91
17 40
3 85
73 15
15 76
23 55
17 55
70 77
70 80
88 60
18 88
36 26
87 54
24 59
43 100
23 29
21 37
62 12
42 28
87 75
7 55
17 33
6 36
70 13
72 98
8 36
75 1
72 32
9 43
63 6
37 4
13 36
9 65
98 53
89 37
63 30
13 28
35 51
11 72
64 52
11 29
37 44
23 33
75 45
13 97
12 38
98 33
56 15
89 80
53 74
27 84
59 80
59 10
78 3
65 48
51 26
5 27
25 52
93 99
2 80
10 86
51 55
77 39
59 93
37 23
39 53
85 10
23 91
68 61
98 82
18 4
32 40
43 8
23 4
66 7
30 59
80 38
63 100
70 22
76 84
3 9
41 50
95 24
93 70
61 11
18 29
60 66
63 70
98 100
2 39
40 4
40 93
26 66
81 26
77 7
13 17
2 18
96 90
60 9
16 39
15 16
94 77
71 59
5 77
10 78
92 58
37 79
30 58
87 27
86 60
100 77
37 35
99 16
31 83
54 37
37 78
1 33
78 14
79 71
65 46
51 24
62 3
69 35
20 26
46 99
16 33
63 25
100 1
25 97
50 7
59 13
8 46
45 90
63 56
41 48
4 70
39 68
2 84
65 94
22 8
87 80
7 21
45 63
7 37
83 25
56 23
2 3
66 69
71 23
59 20
11 59
18 32
100 55
78 88
39 52
75 100
90 16
9 39
69 5
72 38
13 34
60 94
73 1
27 79
62 96
59 87
32 78
52 6
85 96
77 63
47 90
47 55
29 38
9 22
4 93
23 34
75 21
10 89
25 42
13 76
90 59
70 45
7 82
3 26
40 22
26 11
25 29
30 28
77 48
72 82
76 45
51 73
60 6
91 2
7 40
72 3
95 39
62 20
50 94
73 65
1 14
72 93
9 44
61 80
96 2
76 2
77 76
1 74
69 64
8 4
99 10
14 13
8 83
52 11
63 75
70 20
88 65
38 27
44 38
27 80
2 12
100 73
97 59
7 96
76 72
81 87
62 4
6 21
88 68
40 21
17 30
17 67
89 59
48 86
59 1
25 26
21 67
86 6
46 27
36 15
32 34
54 48
59 62
42 74
16 43
92 35
76 68
51 71
44 17
55 16
50 27
50 38
79 91
37 85
71 26
42 90
23 89
10 43
73 97
47 58
98 56
28 61
54 22
16 5
47 83
78 62
17 69
3 71
19 69
38 87
18 91
27 8
30 65
39 90
89 53
29 3
44 33
25 22
21 45
28 78
10 14
72 52
73 50
77 10
78 77
43 89
94 62
61 51
60 16
35 74
28 98
5 29
1 83
76 65
30 42
17 9
83 69
41 9
46 85
8 75
67 26
59 82
36 30
73 16
85 70
29 68
19 41
80 99
21 81
61 67
2 74
71 15
72 73
85 17
94 16
70 26
39 6
46 26
58 97
12 96
100 66
62 9
99 36
49 17
29 94
86 7
17 29
11 94
75 97
23 30
64 9
38 57
68 60
75 56
81 50
81 53
55 21
18 28
55 9
6 95
56 67
38 31
61 70
33 13
71 34
55 2
15 31
87 15
75 53
98 97
63 22
81 45
4 20
72 47
69 65
18 17
26 6
2 90
16 74
12 85
80 11
82 77
96 72
98 44
37 72
46 35
68 99
89 32
94 81
38 33
44 7
100 37
1 27
94 36
46 57
34 15
74 59
82 48
68 84
19 48
48 36
83 89
74 63
45 59
46 96
66 39
5 96
39 22
9 31
97 53
43 32
57 61
24 20
86 66
38 79
71 6
78 95
79 85
25 82
81 70
37 76
74 80
61 64
81 97
16 45
8 44
41 43
39 59
54 55
92 16
8 50
99 5
19 47
13 27
15 98
20 49
63 91
29 79
9 33
31 86
6 1
83 76
80 41
77 29
19 88
57 8
96 41
51 45
28 25
30 69
93 52
47 15
34 87
25 38
49 58
77 53
32 9
67 16
29 64
59 99
42 2
20 35
14 42
61 46
31 63
60 8
42 65
8 56
63 27
49 82
56 11
62 100
85 23
48 28
55 44
71 90
72 26
24 74
8 17
94 28
53 70
86 8
89 71
58 2
90 30
3 40
18 97
90 62
34 95
38 59
31 74
70 71
68 87
48 99
22 7
84 14
80 84
77 22
5 95
29 6
67 96
14 97
5 10
25 16
56 18
66 30
38 85
74 55
4 29
7 34
1 77
76 59
63 67
95 70
58 81
20 3
86 14
58 67
91 9
40 85
83 57
24 28
66 16
59 68
97 49
5 58
28 55
75 20
66 94
68 30
88 21
78 41
16 96
6 37
91 50
84 58
46 95
31 81
94 3
12 30
2 13
74 37
37 58
73 9
72 86
62 75
7 20
98 23
15 29
79 31
58 18
70 91
94 34
58 12
34 75
91 56
81 61
38 96
95 64
77 35
63 85
3 25
54 8
80 12
23 15
31 89
11 71
53 84
6 57
67 98
32 76
23 58
87 50
40 82
96 20
45 94
86 15
28 19
95 92
22 95
44 94
12 52
16 30
14 64
38 97
97 54
78 55
59 54
83 97
3 88
64 22
83 45
10 26
13 75
31 45
19 46
9 82
82 75
69 3
70 48
56 39
12 35
25 60
98 55
15 45
17 50
100 61
17 72
76 21
38 60
58 76
20 52
12 86
12 29
32 60
9 14
36 50
1 66
51 81
46 52
83 54
13 95
86 33
34 79
82 62
66 82
81 59
60 87
60 31
75 4
28 33
77 43
81 49
35 9
49 65
14 43
90 95
100 18
42 52
34 9
16 81
82 86
72 40
22 94
25 90
28 37
68 51
64 55
62 89
80 78
72 2
1 28
70 99
37 38
26 89
59 64
38 55
56 5
41 56
95 71
65 26
41 23
23 38
35 39
4 99
98 21
44 36
16 59
92 27
74 98
24 49
69 46
60 97
76 66
85 61
27 60
80 49
77 88
53 22
38 67
26 93
77 24
43 46
89 50
91 82
8 40
79 70
33 51
16 51
46 47
81 28
13 64
74 18
81 64
2 26
74 76
17 65
44 26
27 55
81 4
79 3
5 60
93 90
4 6
95 15
90 67
98 59
23 59
69 8
64 12
1 49
16 88
76 98
44 15
48 9
30 35
61 98
91 55
96 6
36 49
96 82
82 92
43 50
44 82
41 31
82 29
60 2
78 12
44 95
53 88
10 62
64 92
69 1
75 15
11 41
80 66
52 8
5 74
91 22
37 51
7 89
27 95
10 51
29 16
16 71
55 37
24 19
77 13
34 76
7 12
52 98
69 85
94 80
8 7
32 86
76 28
36 39
36 66
31 26
21 54
24 21
19 71
61 37
89 41
8 38
73 90
15 10
14 100
9 45
92 41
56 28
48 47
31 52
19 13
42 79
24 17
97 88
27 41
24 52
66 99
77 75
48 49
59 4
55 56
34 69
97 57
62 23
19 56
15 39
21 60
9 52
91 67
68 9
32 85
21 73
9 8
18 47
83 2
75 44
83 65
7 3
37 52
89 98
40 50
26 38
27 21
88 30
65 93
50 61
50 98
74 4
71 99
21 44
51 91
26 75
73 59
8 67
56 43
13 11
88 57
30 62
46 7
83 50
66 51
92 87
63 44
10 55
45 84
21 9
67 4
97 55
18 73
79 93
88 90
50 5
97 95
28 68
36 47
62 87
38 68
100 17
24 57
51 14
36 21
12 66
40 99
34 33
8 13
92 50
40 68
66 23
85 33
67 49
3 87
85 24
68 50
66 58
30 95
11 64
20 34
64 42
67 72
58 24
57 100
83 55
28 83
74 8
51 12
86 51
63 51
10 91
85 64
34 24
43 29
100 65
45 42
18 61
75 74
16 40
13 42
77 47
53 31
51 6
22 74
54 44
66 24
75 30
83 29
12 36
96 29
5 42
86 22
92 4
13 87
94 52
95 81
88 10
38 89
20 17
95 7
16 52
22 52
3 4
24 90
5 17
99 72
5 88
61 55
55 39
89 73
31 20
42 54
83 49
38 11
90 26
53 42
60 81
73 98
57 89
47 65
57 40
59 42
30 99
3 16
90 1
60 33
94 78
85 77
25 92
31 66
4 15
14 74
65 33
88 15
3 81
41 36
48 97
48 62
46 82
24 45
51 49
47 99
91 19
44 13
86 64
65 23
18 76
77 66
34 12
16 20
19 14
75 37
50 69
45 28
97 28
82 14
47 86
75 14
99 84
4 61
49 87
39 27
47 79
49 70
92 53
17 54
18 83
59 75
62 21
18 30
64 71
59 96
12 70
46 58
51 29
33 58
72 33
84 43
93 42
78 31
21 49
70 32
40 23
31 34
32 62
71 78
37 12
90 74
11 92
71 76
35 23
27 59
45 92
21 20
5 65
81 62
12 84
89 19
69 29
98 58
72 21
60 82
84 9
82 70
11 27
63 37
47 95
88 31
100 80
27 35
23 84
91 77
37 15
96 53
57 27
6 17
19 54
75 18
65 97
87 76
85 21
30 85
44 60
65 56
78 100
9 98
17 53
97 99
58 6
88 42
45 46
38 84
62 31
24 12
73 7
81 99
26 99
88 87
66 72
13 57
43 83
50 23
84 61
67 15
19 34
63 8
50 96
85 11
1 82
93 8
8 35
63 17
93 62
72 61
14 72
10 53
98 88
34 53
50 59
71 30
84 66
39 43
71 100
78 24
31 3
82 18
47 16
31 35
62 74
69 54
11 34
94 59
55 99
18 50
82 33
9 88
91 98
90 91
15 94
84 44
86 94
83 7
36 4
58 14
30 55
4 68
79 54
47 97
96 10
39 72
9 59
31 24
73 78
97 77
63 46
61 69
61 49
32 68
80 45
99 76
83 35
37 17
62 73
73 6
66 89
80 79
57 93
14 11
85 82
67 28
83 95
90 4
65 38
42 96
91 3
20 63
95 45
22 5
100 56
46 29
7 29
43 82
93 34
13 74
78 93
52 63
3 65
46 89
63 2
75 66
68 24
100 16
22 80
42 91
32 63
12 11
98 35
59 67
88 69
76 75
97 22
19 55
28 82
62 77
45 36
13 84
5 20
69 94
3 18
100 22
24 89
62 63
99 51
57 75
62 97
99 24
25 27
65 41
10 19
27 19
61 19
55 50
58 17
57 22
32 100
17 25
94 58
63 73
52 65
15 46
61 20
10 61
92 37
56 48
79 64
12 23
45 32
5 34
94 89
18 80
22 76
4 25
92 18
83 59
35 22
5 82
54 70
12 1
38 42
22 30
34 70
47 100
85 45
4 60
59 12
63 29
30 91
36 46
89 79
50 11
74 20
24 8
30 25
39 33
46 91
31 67
93 80
23 96
83 96
27 45
8 82
33 45
36 7
58 31
56 95
35 88
15 84
69 32
30 1
38 74
12 43
41 57
54 73
82 87
32 84
17 12
50 72
20 76
29 26
84 30
62 92
29 40
16 68
15 17
62 69
86 75
66 95
94 27
41 10
40 60
87 18
61 27
94 74
18 9
17 3
40 46
40 84
17 90
81 13
18 49
72 80
95 63
64 41
35 34
73 93
7 85
35 82
61 41
86 89
3 80
34 27
27 12
65 78
5 44
77 59
32 73
90 80
23 69
40 2
85 57
96 61
32 1
73 80
35 80
100 54
34 56
1 3
