100 2493
57 53
36 6
86 24
86 90
13 80
61 7
9 90
29 81
41 15
52 2
1 93
64 35
15 23
42 34
88 5
75 30
25 12
87 77
10 1
48 15
72 87
55 80
52 28
12 56
50 43
50 4
32 67
40 69
68 73
19 63
17 50
44 99
41 18
26 3
75 29
11 12
49 41
28 86
53 91
80 26
57 81
66 74
60 80
49 98
81 31
41 75
16 56
75 48
91 77
78 85
33 91
84 74
17 15
65 8
37 54
100 99
27 51
12 93
50 48
61 4
83 3
41 80
43 74
15 12
35 1
77 3
2 11
61 10
33 20
73 94
56 57
33 84
89 46
75 4
14 78
81 99
85 4
67 90
39 86
50 99
22 41
16 23
60 28
93 62
61 81
61 45
21 36
1 72
29 5
50 77
70 74
16 80
39 21
26 38
25 45
79 99
30 57
50 30
21 64
28 92
78 33
72 95
30 65
81 78
63 58
65 58
76 67
12 29
75 14
34 5
36 69
20 40
53 100
39 80
87 8
4 73
50 66
27 9
81 3
23 85
78 89
12 76
97 43
98 79
28 8
36 38
2 84
100 95
76 65
3 36
72 73
64 42
47 68
42 44
7 68
78 94
92 50
74 63
47 69
51 53
28 22
38 98
91 28
96 89
72 80
51 62
87 75
66 79
83 21
50 9
54 2
85 77
7 97
82 66
43 6
17 28
2 80
23 54
96 12
100 34
30 58
85 64
34 50
38 91
19 44
64 60
22 93
49 15
44 98
19 22
100 89
78 92
56 32
77 27
15 24
100 64
65 84
29 18
54 95
24 91
96 22
10 18
37 62
18 81
41 45
62 36
35 69
85 18
54 44
46 78
39 85
69 3
66 30
95 94
76 54
13 60
4 74
48 26
82 3
5 89
95 83
4 5
14 96
91 79
38 24
97 84
100 38
100 92
34 84
36 46
79 89
96 92
20 16
74 36
39 62
32 33
81 79
99 62
35 29
21 26
72 30
19 72
93 4
97 19
46 44
24 78
62 75
9 97
4 63
77 55
17 23
60 58
35 93
24 92
73 85
62 61
9 17
54 62
75 33
26 57
99 87
33 90
34 45
65 63
98 71
19 34
45 29
97 94
50 53
93 90
33 5
5 1
44 50
73 61
18 76
98 63
66 45
74 60
50 27
8 73
70 35
36 90
78 57
43 39
87 80
42 54
95 36
24 17
54 20
31 75
91 85
78 74
17 61
38 95
10 56
24 34
65 2
64 56
19 85
25 44
100 33
48 44
33 95
68 4
82 15
48 66
58 71
65 45
39 99
56 6
98 84
43 56
23 19
98 16
69 22
64 19
61 96
69 46
47 60
87 42
96 98
50 88
63 62
40 76
28 55
10 69
93 17
61 57
30 52
75 34
7 1
50 36
98 3
23 91
81 82
15 22
67 82
41 10
49 33
76 74
41 48
21 38
13 5
31 45
43 87
52 54
16 26
22 54
38 18
92 16
1 19
45 6
32 28
95 42
39 67
7 23
84 18
61 31
27 56
38 50
93 24
39 74
40 57
26 53
23 63
19 55
46 34
100 19
16 7
78 58
2 75
45 38
39 2
56 45
82 93
2 82
22 18
67 10
33 82
61 74
62 74
91 36
47 27
10 2
74 94
49 29
90 46
12 50
55 85
76 6
60 19
66 12
1 76
32 30
60 14
77 89
7 70
9 35
12 88
41 68
61 94
47 76
40 17
71 12
46 94
27 91
100 54
96 50
50 15
89 38
59 1
19 56
74 45
67 62
96 39
26 30
100 96
11 38
49 66
34 41
82 22
32 10
94 33
95 39
27 5
61 49
56 54
76 48
50 25
99 32
99 90
35 48
83 35
95 21
76 41
38 17
78 84
29 42
39 73
24 97
46 92
82 52
35 43
20 61
48 14
9 85
79 60
65 17
8 49
28 37
90 40
92 42
51 13
92 37
8 96
76 86
93 63
15 79
21 47
31 17
68 44
12 64
11 66
84 53
100 78
43 85
74 85
55 39
18 47
35 22
60 67
93 2
72 15
81 45
27 2
11 4
94 41
88 16
69 94
29 17
30 22
58 72
38 23
95 32
81 53
89 61
19 2
70 71
89 57
62 8
33 31
92 34
85 63
15 39
40 27
41 1
42 21
22 90
67 11
68 5
13 95
12 80
70 48
24 69
92 41
79 76
45 36
77 2
34 81
9 78
29 54
4 27
38 54
15 38
40 96
7 100
93 5
85 60
18 65
10 50
79 43
29 82
17 42
4 92
95 90
52 89
24 83
66 54
23 97
96 94
12 79
26 33
83 22
47 15
86 5
77 41
43 78
51 78
94 49
12 7
38 83
67 30
47 96
52 59
91 48
96 48
53 64
8 43
86 23
94 85
96 3
83 71
85 6
55 90
93 76
61 48
96 76
81 27
26 64
13 67
79 29
69 51
41 95
42 6
71 55
7 88
54 49
85 82
46 28
86 16
80 51
1 86
51 31
75 97
70 92
80 21
98 19
69 60
72 81
26 50
66 36
96 82
84 90
77 9
61 95
48 81
70 8
37 40
11 48
78 68
15 91
98 82
20 42
50 98
88 35
56 33
83 48
60 24
54 67
71 33
95 8
68 9
14 2
37 3
33 13
35 38
28 94
29 48
35 67
100 27
72 7
61 69
61 9
98 99
12 65
1 26
4 96
5 97
59 32
78 91
5 75
18 90
88 58
1 51
29 4
43 26
45 40
92 49
85 67
71 80
72 33
62 59
67 22
46 86
80 54
1 91
52 21
80 91
90 59
17 4
43 4
91 32
18 87
12 5
42 52
2 23
39 18
19 28
92 82
22 81
72 6
50 87
21 88
12 59
59 44
14 91
84 55
40 88
99 16
91 81
63 50
70 99
55 61
29 46
61 5
49 83
39 34
55 14
28 53
51 89
46 73
17 54
61 88
4 97
29 44
48 86
36 32
79 17
73 78
5 22
61 43
39 58
34 21
11 77
96 71
31 37
13 83
67 21
27 94
18 14
99 5
27 42
59 95
97 66
83 15
43 31
61 23
39 3
23 18
32 57
35 99
79 48
20 88
35 32
63 91
91 12
89 49
15 10
10 7
96 7
77 34
84 59
70 46
18 3
87 25
62 6
26 89
77 40
43 34
62 11
63 47
9 11
45 58
71 34
8 10
9 40
5 76
7 35
12 83
22 91
54 6
95 28
60 61
97 81
55 27
25 24
29 56
84 81
76 30
44 49
19 48
62 48
89 43
80 5
48 98
81 12
48 74
61 2
77 64
13 94
6 44
77 13
56 28
37 36
56 88
88 23
85 89
68 64
83 92
80 70
67 5
85 14
54 79
87 6
82 23
6 93
13 7
48 58
6 84
6 61
1 2
15 7
42 46
73 88
43 19
40 71
77 23
78 76
79 100
62 90
9 89
75 61
13 15
63 32
23 72
22 25
1 84
62 81
64 20
62 57
41 13
8 9
59 79
75 9
16 60
72 12
82 49
59 17
63 86
100 84
34 66
56 90
42 85
77 62
77 42
94 52
48 18
11 5
78 79
58 27
6 79
40 21
81 60
83 85
70 37
40 95
99 53
1 96
69 27
20 71
22 68
86 25
77 14
92 67
98 43
99 49
92 32
9 22
19 16
91 30
3 29
5 6
84 82
80 57
84 14
77 79
63 80
27 83
2 90
73 2
72 21
73 32
67 18
32 84
72 42
30 82
7 77
62 91
24 23
21 90
7 99
10 52
92 59
26 15
25 66
99 28
78 22
60 49
10 16
13 17
73 1
39 8
91 19
56 37
66 92
68 17
78 23
18 36
32 64
16 84
81 55
4 62
20 57
94 32
68 57
37 30
88 77
38 74
88 11
2 20
27 20
75 27
52 83
5 24
97 95
81 69
96 95
96 65
7 18
50 49
27 22
47 39
62 60
43 27
21 62
11 23
9 86
73 11
25 23
78 19
86 36
50 2
39 98
89 34
35 40
34 11
39 11
84 40
63 64
17 88
96 79
25 97
51 33
61 37
23 4
92 58
14 34
80 14
68 94
41 43
54 75
83 70
1 32
59 97
16 58
77 72
74 12
6 75
17 47
18 40
34 2
42 90
73 24
12 82
76 8
28 4
53 18
87 30
94 10
78 18
82 36
96 31
53 39
85 92
6 12
99 83
1 12
35 42
25 91
86 2
2 71
51 83
90 97
77 98
70 68
97 33
55 2
2 47
42 100
51 74
20 22
14 21
64 46
89 25
41 89
19 50
94 83
20 84
47 30
82 100
40 92
14 47
39 30
59 48
71 18
29 61
83 46
35 25
64 71
93 78
54 50
96 59
14 89
79 46
29 76
10 29
14 24
88 41
9 12
21 89
48 56
4 8
70 79
10 87
2 74
66 63
76 38
40 53
63 56
17 63
87 47
9 18
27 89
68 92
71 56
70 85
17 60
69 90
92 10
97 52
42 26
93 69
29 20
43 71
36 94
7 36
56 85
100 44
26 60
82 79
76 3
59 3
6 66
42 36
17 83
26 6
35 72
41 29
54 51
85 13
96 45
44 20
28 54
50 47
77 80
41 60
3 16
78 96
68 58
72 51
98 23
42 30
1 14
95 43
46 63
67 45
80 98
36 17
95 18
83 42
2 89
52 74
76 81
58 19
30 64
27 90
51 96
27 52
85 100
48 72
20 85
89 47
67 68
58 95
68 84
96 44
79 42
96 64
13 87
54 5
50 8
54 14
42 32
28 88
72 52
88 27
66 93
73 50
75 63
62 25
4 98
39 90
26 37
100 30
49 5
33 28
99 84
74 75
72 86
25 94
86 82
35 41
78 90
41 26
24 45
36 96
98 37
25 3
34 99
96 41
45 4
94 37
73 26
93 92
13 43
22 2
61 92
62 55
8 25
45 91
39 63
82 94
7 24
84 11
5 63
48 5
66 96
26 10
53 48
29 93
92 74
76 92
1 17
15 70
81 7
24 64
2 41
5 39
83 69
44 83
72 89
43 66
99 78
79 68
92 13
75 56
23 9
99 68
15 21
13 91
95 1
14 97
23 49
43 30
71 4
100 8
31 3
74 34
45 37
66 77
33 67
85 28
40 16
96 81
87 12
6 32
71 95
39 88
22 61
1 63
92 31
52 5
4 39
99 80
12 31
21 18
99 73
20 30
94 50
57 52
95 10
81 21
42 43
44 85
35 49
99 67
78 82
72 49
74 86
28 61
76 99
40 29
18 12
95 7
20 86
96 25
54 63
88 53
71 67
21 54
71 25
9 66
72 4
24 30
98 70
100 5
3 91
7 78
21 71
34 90
1 40
13 56
26 25
53 46
17 73
78 32
15 5
60 82
59 34
44 15
99 47
51 35
32 81
83 4
13 21
21 70
35 55
66 47
22 43
79 50
28 73
87 54
69 88
43 23
70 47
68 39
51 21
100 3
43 100
77 59
39 7
25 11
19 65
27 15
81 68
17 6
32 80
10 28
17 75
77 83
19 3
48 1
72 78
28 50
30 70
6 23
3 46
96 21
59 30
38 27
60 7
27 23
20 41
83 31
68 29
79 94
63 34
90 85
41 40
27 76
79 40
2 8
63 13
91 2
58 20
88 67
94 29
74 82
6 52
12 24
3 74
70 58
44 67
42 39
11 13
92 73
66 3
59 60
11 42
37 38
93 84
57 37
87 78
66 95
96 77
50 32
73 56
48 51
73 62
20 72
14 33
79 9
41 58
99 85
48 49
31 73
92 20
15 42
74 69
71 100
61 46
37 99
72 96
38 62
4 44
62 49
20 69
40 80
58 99
57 50
24 27
73 35
73 89
6 9
1 83
40 8
76 66
34 64
41 83
76 36
12 26
49 97
90 20
16 82
84 92
86 29
28 65
28 63
40 55
83 6
73 13
22 71
16 94
37 65
69 100
51 95
36 85
27 18
75 20
33 27
79 18
30 63
96 18
59 24
84 13
68 40
62 34
1 34
55 32
67 83
48 69
62 88
13 53
77 57
93 39
80 79
67 24
91 82
24 29
10 90
76 51
70 95
44 86
44 57
80 44
66 46
54 64
64 97
65 97
15 56
38 16
75 93
1 16
68 63
65 3
41 19
32 27
34 91
29 30
86 38
89 4
54 1
23 36
37 69
48 95
25 49
28 45
84 43
66 90
25 18
77 81
7 31
56 74
44 91
80 9
26 29
58 8
37 89
9 19
51 84
11 43
23 5
58 81
29 9
31 32
74 87
46 56
54 83
44 64
2 57
8 32
37 66
74 27
97 80
66 88
11 72
72 57
91 68
55 4
30 83
38 68
16 17
32 3
22 13
33 98
47 48
14 59
98 31
33 45
91 20
87 60
60 8
96 27
86 7
75 67
21 75
41 78
47 85
78 34
33 58
30 1
5 28
27 31
63 60
18 26
75 92
7 66
72 90
83 68
89 45
19 53
36 13
88 13
40 61
51 90
95 78
74 77
95 46
19 74
86 62
12 73
32 60
65 66
14 58
21 99
19 73
2 26
95 65
42 88
48 67
32 18
20 70
75 57
66 89
12 54
52 99
82 20
15 68
6 15
82 24
49 53
59 38
26 51
77 68
81 20
75 11
57 90
75 16
97 68
97 53
36 54
56 24
44 88
1 42
9 31
51 67
78 8
13 74
82 88
63 79
12 86
95 2
5 14
92 77
7 91
74 35
87 34
22 29
46 81
96 90
56 14
23 1
32 47
20 60
31 93
56 35
41 64
65 99
40 13
68 49
69 76
55 50
95 67
10 27
54 31
19 51
35 91
3 5
32 86
83 23
67 79
99 91
55 30
87 22
3 45
25 16
95 50
47 16
18 61
53 37
9 13
74 50
9 4
3 53
58 37
31 55
45 32
2 33
33 92
92 15
99 82
28 21
34 47
38 43
93 52
21 32
13 93
43 1
52 73
23 14
68 55
15 85
29 13
21 20
25 64
94 51
5 94
39 25
25 34
27 53
99 66
33 22
6 55
6 13
27 37
40 12
60 72
90 4
83 60
29 47
40 26
37 88
89 54
55 49
7 79
69 52
31 16
17 72
57 79
8 23
38 52
96 43
50 62
82 87
13 23
46 72
71 32
78 62
16 39
31 86
41 93
57 55
54 68
41 82
84 49
75 68
18 24
12 22
5 74
59 88
47 75
57 43
98 95
35 12
13 39
44 28
94 80
40 38
56 86
6 19
99 13
80 45
29 78
52 51
4 20
34 76
4 12
62 47
43 48
92 14
22 31
73 98
97 39
78 30
36 27
66 75
10 100
10 55
59 86
7 85
63 71
21 85
63 7
23 37
20 68
94 6
48 88
91 69
6 53
68 80
53 70
28 25
64 45
70 31
38 13
66 98
26 58
1 87
23 30
85 3
68 1
34 40
41 81
99 64
61 65
40 65
3 79
78 71
46 52
77 52
23 80
17 14
57 92
8 71
60 73
22 99
2 85
41 66
74 89
48 36
69 21
54 47
32 79
43 91
91 66
84 3
79 19
89 42
11 3
46 80
91 59
35 94
99 36
77 24
34 10
70 28
86 30
45 92
81 47
38 8
12 67
10 38
14 95
59 45
79 27
38 66
42 8
92 55
20 97
84 47
26 88
59 55
98 89
53 35
67 69
30 14
41 73
52 48
40 72
63 12
1 60
65 23
58 46
97 73
62 98
34 86
41 6
56 72
66 53
93 80
37 33
28 89
28 96
38 29
21 93
51 4
66 85
71 1
4 52
88 97
41 99
19 39
8 44
98 10
68 2
15 77
15 16
79 64
2 28
26 39
67 52
93 64
62 26
32 41
4 18
21 35
47 6
28 41
34 23
84 56
27 17
87 24
60 89
69 77
36 29
89 70
72 88
43 52
100 66
66 78
53 7
18 19
56 41
62 42
74 68
11 63
83 74
40 28
58 21
15 40
15 53
45 15
2 92
13 61
55 82
6 11
27 6
32 96
11 99
57 76
33 48
94 9
29 1
1 69
64 88
76 90
71 79
62 87
7 27
58 6
45 35
2 51
58 18
76 44
25 95
55 20
58 61
55 64
86 43
100 68
83 16
6 74
31 13
21 57
9 20
97 77
8 31
44 14
93 40
58 74
89 93
79 30
45 82
92 29
71 61
2 35
55 60
14 15
59 72
95 19
7 29
13 81
12 48
79 49
63 95
83 96
23 70
65 24
9 48
10 60
16 77
72 97
44 87
14 66
2 49
31 40
90 82
44 47
84 31
16 54
51 88
13 79
25 79
39 91
72 25
79 21
58 4
59 23
72 26
82 4
81 4
84 48
89 6
45 90
28 100
8 16
17 53
17 80
23 46
56 66
25 7
12 46
37 90
86 98
10 65
4 53
7 22
20 78
78 42
3 38
43 55
82 51
93 53
50 60
55 87
56 31
86 68
69 11
84 64
20 96
67 43
33 10
15 90
91 56
4 1
38 20
61 79
19 89
76 11
50 91
54 41
4 14
82 73
39 57
63 42
7 34
26 47
29 6
17 67
34 32
72 84
8 30
89 94
23 56
45 88
56 51
62 85
3 23
47 10
71 10
83 89
66 17
91 58
7 84
57 48
85 65
57 36
17 98
60 27
63 52
23 74
32 2
54 11
35 68
70 94
19 87
96 13
90 52
85 41
66 62
73 71
96 56
78 17
87 79
24 50
32 26
52 41
14 99
65 4
44 5
48 93
66 26
54 77
5 78
34 85
28 15
24 43
43 83
10 23
81 52
47 24
65 7
58 75
14 67
22 59
9 28
75 36
89 22
26 55
89 99
65 26
62 27
100 51
15 9
9 92
87 67
50 22
11 27
91 57
38 49
87 84
94 86
42 2
99 38
23 26
15 93
27 80
17 11
63 57
33 59
1 3
4 56
70 27
4 69
13 71
99 26
42 14
21 74
40 82
46 6
33 46
58 7
51 58
71 45
73 57
56 69
1 55
20 87
74 40
36 80
13 55
22 60
78 28
65 31
65 52
6 98
82 32
22 36
16 14
81 66
36 60
80 31
69 86
12 53
31 58
99 71
96 87
96 63
53 21
59 16
70 73
70 72
92 60
66 28
99 20
25 93
87 73
55 12
52 79
14 29
21 100
45 9
63 81
57 3
31 4
51 11
70 54
45 21
43 69
46 74
63 9
20 11
35 5
77 46
28 62
39 46
6 14
90 23
2 59
36 98
23 66
82 28
1 92
94 2
65 64
53 75
33 64
1 20
10 42
84 66
68 61
55 99
42 7
96 75
19 84
44 93
57 9
100 46
72 14
21 7
61 76
35 62
91 54
73 84
7 94
89 32
25 55
30 54
69 9
66 42
92 54
54 99
94 53
100 47
71 65
6 8
11 70
81 19
94 15
42 93
6 97
24 53
77 31
90 8
100 73
20 95
4 67
62 2
11 36
42 53
96 42
61 33
90 88
97 91
89 62
13 58
51 32
51 49
48 30
32 43
2 100
48 13
70 10
15 1
27 92
100 67
29 77
43 88
28 24
5 16
48 23
19 7
74 95
79 51
87 58
9 100
31 66
11 64
96 9
16 70
52 15
65 54
18 77
17 62
59 50
46 57
67 64
30 80
37 91
10 53
60 4
42 3
28 48
92 44
16 100
68 36
82 13
11 74
92 21
62 15
64 61
64 50
91 8
20 32
61 25
40 94
14 57
27 49
3 12
20 37
98 76
19 31
80 81
5 87
9 71
4 88
50 16
77 90
8 45
79 33
20 51
88 2
80 75
33 62
98 55
62 16
62 18
12 28
24 13
9 30
79 41
48 16
38 5
99 31
9 98
95 26
72 55
49 77
15 73
72 79
53 30
93 54
53 41
91 73
33 83
100 59
78 50
94 100
46 82
55 5
39 52
89 10
43 70
67 29
53 25
68 13
96 49
40 25
16 95
85 30
43 92
54 35
54 72
80 38
90 89
36 40
11 92
35 50
88 46
70 88
15 25
19 90
16 51
36 63
36 2
48 65
30 2
85 76
99 15
25 30
3 10
37 86
92 72
58 25
7 83
78 52
80 52
51 70
64 38
88 52
42 31
63 43
35 58
27 29
78 1
5 42
96 30
2 81
20 28
99 88
86 49
78 16
25 63
81 51
89 50
2 6
49 88
30 99
20 14
48 71
64 6
22 72
44 17
27 65
45 44
36 77
65 34
1 85
26 22
44 22
60 99
14 81
26 11
16 33
35 71
2 15
77 5
97 15
77 78
27 54
68 98
45 78
12 52
65 5
4 70
37 87
55 63
35 79
41 23
13 20
68 59
76 55
64 36
77 4
30 33
1 37
74 17
51 44
100 35
100 75
62 68
32 48
28 38
9 32
46 71
46 85
91 70
27 21
16 43
100 31
85 8
6 67
69 99
42 75
1 79
72 63
32 66
76 100
91 16
13 44
58 47
21 30
66 33
89 59
33 23
18 50
67 38
81 98
32 62
42 47
47 36
86 61
11 60
79 45
63 100
6 30
39 28
33 18
38 12
65 90
13 54
12 61
95 75
37 7
62 65
88 18
39 92
48 38
76 4
86 100
63 87
21 6
43 33
30 93
65 93
47 5
31 63
11 83
40 89
57 8
89 39
69 95
53 63
43 5
97 27
54 59
100 74
75 86
85 29
45 52
10 37
70 82
10 57
26 74
68 32
58 55
4 95
7 74
67 23
91 75
12 69
97 86
87 93
37 17
9 53
73 7
37 59
32 97
87 29
41 4
4 40
80 73
6 3
8 37
27 67
2 5
94 75
73 3
36 34
93 94
9 74
29 91
14 7
97 83
42 19
26 81
18 28
19 33
68 16
44 30
94 88
40 98
57 67
85 49
69 49
92 6
48 87
76 28
25 32
56 52
98 25
54 45
64 86
40 64
15 54
34 8
20 50
63 41
96 10
79 47
90 92
59 65
20 89
37 83
3 21
16 85
57 11
49 70
33 69
62 44
33 89
85 37
57 6
47 92
31 89
77 17
24 19
7 75
91 93
94 18
3 4
33 53
75 51
87 86
62 3
11 18
57 87
44 27
34 6
6 71
36 88
81 5
49 21
93 61
2 63
56 100
78 26
84 27
73 14
46 99
20 6
96 2
79 28
33 21
78 25
32 19
25 80
22 58
9 46
72 28
88 71
42 76
85 75
14 25
42 45
23 89
54 84
100 1
4 6
92 18
71 11
83 63
40 44
84 69
23 93
55 37
94 84
2 69
98 75
79 97
17 70
80 24
16 71
