100 2471
57 76
55 66
63 13
57 80
1 85
30 33
78 91
79 18
52 79
62 19
53 66
27 7
51 48
70 89
52 17
51 83
24 96
99 42
18 90
52 13
68 65
68 83
97 22
12 93
85 68
96 29
89 5
56 24
30 32
40 55
80 13
70 57
89 35
71 21
93 58
44 55
92 41
55 2
79 7
11 4
90 95
43 94
17 23
12 6
93 39
5 53
91 98
18 49
85 41
43 75
21 52
93 62
59 80
73 39
20 100
60 5
99 26
11 98
9 61
24 74
51 50
35 85
59 38
3 5
36 19
34 76
75 6
71 20
75 65
50 11
91 8
52 6
14 30
54 98
3 11
78 19
12 99
50 68
99 35
26 30
91 28
80 49
66 5
18 82
88 27
90 39
61 31
38 95
97 80
39 1
78 26
44 36
46 86
44 47
12 11
1 66
19 52
41 28
31 18
78 25
59 58
88 5
78 15
40 47
23 15
26 1
26 15
83 42
9 25
25 11
47 9
67 66
41 78
17 31
75 92
67 59
65 96
63 29
26 77
22 11
99 34
69 43
17 71
95 71
83 35
61 10
65 42
82 42
39 11
3 62
67 64
49 55
73 67
37 12
31 87
63 3
34 57
91 20
57 45
5 11
100 54
38 30
8 18
100 10
88 99
98 95
78 6
53 69
19 81
66 96
4 84
67 89
73 91
47 75
27 39
19 79
97 61
65 49
65 88
46 62
3 91
19 20
91 41
48 57
44 100
68 80
73 34
40 100
57 13
3 73
37 55
24 46
71 66
34 16
80 19
45 25
71 2
24 65
44 88
80 92
76 81
94 33
49 87
71 7
36 2
16 36
30 9
71 91
5 41
39 37
85 34
60 52
76 71
36 86
78 49
8 42
72 45
80 65
78 14
95 5
96 64
77 82
17 79
44 7
17 93
4 47
52 93
4 32
56 2
37 95
88 3
43 34
97 52
61 33
95 54
11 65
30 57
64 95
71 24
26 12
29 95
64 88
2 52
4 75
5 58
88 80
10 49
26 35
6 37
77 60
55 65
17 10
53 75
75 82
75 94
60 15
3 97
46 20
47 42
47 26
58 49
54 89
93 67
34 52
91 76
45 94
40 13
29 61
61 78
75 87
29 11
85 13
90 82
28 58
59 86
60 82
53 60
61 2
86 40
77 70
55 9
42 1
38 67
80 45
74 64
58 44
81 36
89 95
3 59
53 4
73 5
19 58
15 33
79 38
53 8
45 33
9 17
86 17
46 98
29 26
61 45
35 13
51 67
44 9
97 20
8 79
4 90
19 60
7 47
92 52
64 17
47 79
89 18
17 68
56 44
49 2
72 38
61 98
16 18
71 43
10 36
71 47
59 43
70 60
79 74
34 50
86 13
52 22
96 53
29 20
11 63
61 91
39 58
58 66
51 18
73 81
9 93
81 41
44 13
83 75
100 89
22 67
44 29
28 14
31 38
90 52
100 93
32 66
48 46
33 54
19 98
40 16
69 48
31 91
35 87
75 86
35 53
27 84
79 82
35 18
1 46
88 14
59 16
17 42
68 42
4 100
18 70
80 3
27 72
64 23
84 12
86 47
39 33
48 59
46 51
57 41
68 23
45 38
19 82
91 79
54 62
62 76
91 35
35 15
100 64
98 33
79 95
69 10
51 31
2 87
64 52
75 33
21 100
60 38
7 21
35 73
82 46
23 38
90 25
47 88
24 80
76 29
17 91
31 95
61 93
34 30
46 31
74 46
54 65
42 13
69 66
41 22
15 55
23 56
94 100
50 40
90 19
98 18
60 73
80 31
21 60
72 7
89 72
66 10
39 36
20 75
83 7
99 77
54 25
80 34
22 59
66 75
40 3
99 21
42 91
8 5
93 90
69 68
74 82
92 99
53 19
74 12
27 58
84 71
43 67
48 87
57 100
44 10
38 26
64 91
24 21
59 29
94 87
65 13
48 15
12 98
21 20
46 23
98 79
95 73
29 53
88 51
63 58
47 6
70 11
56 100
8 39
31 70
18 91
13 9
94 10
32 86
12 5
96 100
33 25
56 82
69 93
89 2
46 96
62 79
29 68
86 54
64 37
76 42
10 74
32 1
100 26
15 100
85 8
82 57
84 26
6 48
12 67
66 85
39 77
51 70
35 46
9 38
57 60
22 27
43 98
42 95
94 72
53 79
94 29
86 80
5 87
63 7
16 4
74 87
12 16
60 81
6 81
72 99
1 58
35 94
99 13
49 85
85 73
85 60
90 9
79 85
35 95
78 65
3 42
20 10
27 94
93 92
25 81
79 97
21 14
47 35
76 66
56 62
97 72
79 37
44 41
12 90
29 67
67 79
41 15
23 24
4 18
3 50
28 51
55 5
56 21
14 100
19 2
66 68
64 90
41 77
49 46
95 18
42 51
81 1
40 95
72 24
84 80
73 75
34 26
41 4
50 94
82 37
71 49
76 7
80 2
22 77
100 91
92 95
83 97
50 22
11 64
84 54
52 67
38 5
6 70
25 85
33 59
29 55
52 14
77 53
72 59
54 74
68 45
86 48
81 31
36 6
82 36
32 89
35 39
72 67
87 16
68 38
86 2
11 66
81 13
61 16
16 89
55 88
48 65
13 53
74 28
77 95
45 34
30 19
16 66
36 13
12 62
99 69
25 48
36 67
8 94
65 69
40 78
78 2
94 56
12 85
16 45
71 26
96 20
12 40
84 62
40 77
76 46
90 75
28 29
79 9
17 53
66 33
58 20
95 47
39 41
100 88
82 85
83 3
73 79
13 97
84 63
27 6
2 35
76 1
1 52
17 87
94 80
47 39
44 51
45 92
6 55
98 25
40 41
28 82
55 16
91 93
29 18
87 66
32 25
19 23
31 62
85 58
51 75
70 7
10 84
9 2
74 21
3 52
68 59
27 15
87 14
88 82
16 33
77 83
100 29
27 69
33 83
39 70
6 99
70 44
18 92
69 54
70 58
2 31
64 78
92 58
56 4
53 36
77 15
90 83
3 10
59 56
67 95
37 7
96 67
55 90
73 63
73 8
62 34
88 33
97 70
83 93
32 5
9 29
88 10
88 74
91 2
31 96
60 9
83 17
86 57
60 2
69 19
97 16
21 38
59 32
22 69
89 9
6 77
96 25
36 14
59 40
16 85
65 3
56 25
93 81
93 33
28 65
84 13
88 42
40 17
87 3
84 77
11 31
89 93
58 56
83 20
70 27
83 46
4 59
84 19
26 11
17 82
2 84
24 15
88 1
35 49
42 16
90 99
4 31
61 82
80 5
81 21
22 48
37 68
32 85
34 86
43 50
9 84
95 69
68 18
68 89
8 74
83 61
81 57
56 40
61 7
90 51
12 48
98 37
57 8
6 64
6 32
65 20
81 72
53 25
71 16
38 20
95 34
63 66
38 91
79 5
77 25
72 75
4 6
97 25
3 68
82 59
65 66
71 88
50 15
41 8
65 16
44 64
29 83
5 25
37 66
47 20
53 86
94 12
77 85
43 13
87 92
15 95
25 22
37 20
66 13
2 8
39 13
46 94
90 22
23 76
86 68
58 25
45 13
88 45
86 90
35 17
53 43
49 54
73 24
53 12
16 73
60 7
47 23
18 59
79 60
80 74
65 23
49 97
97 29
55 80
67 5
12 59
90 1
43 29
17 50
51 63
56 52
50 73
41 98
70 81
47 21
75 71
58 73
1 50
86 56
25 43
2 51
35 64
83 81
11 8
21 34
33 35
47 51
15 59
22 63
88 97
3 13
81 46
8 88
28 3
2 43
92 34
80 17
30 93
8 23
19 74
26 8
94 53
58 79
69 89
97 63
98 58
98 65
89 97
98 24
1 28
98 63
15 56
77 19
34 53
80 46
20 31
28 97
34 77
23 27
80 69
43 4
66 100
93 55
8 15
14 53
45 19
22 31
94 51
33 52
12 96
74 86
83 58
77 79
87 99
53 41
11 10
41 13
13 96
81 26
44 74
67 6
46 47
18 54
39 88
52 11
3 70
11 57
73 13
21 83
31 94
47 32
44 72
15 9
11 46
44 67
38 10
41 24
7 73
84 42
88 23
29 33
16 80
74 47
52 50
78 34
78 94
58 11
29 70
35 3
47 60
52 47
77 58
65 57
39 31
94 38
18 76
24 70
68 98
81 50
49 70
4 30
5 75
3 14
81 16
97 96
73 21
76 56
73 43
1 92
87 9
77 74
31 23
83 87
46 43
30 18
74 57
19 14
57 50
73 41
87 69
11 77
74 35
63 57
57 40
87 70
41 20
9 96
73 77
24 68
8 86
32 75
81 17
74 32
3 98
57 23
44 23
20 40
36 88
57 32
98 74
43 47
34 29
93 71
94 28
64 45
13 6
11 32
100 80
91 49
71 4
30 73
94 37
52 80
38 17
99 57
32 51
22 62
59 39
95 48
68 5
12 46
24 92
94 48
39 30
57 59
64 83
96 33
14 92
39 48
41 43
23 48
30 29
24 85
26 44
7 34
86 1
32 26
38 63
5 54
79 49
100 16
26 66
61 62
73 64
77 9
60 75
72 51
39 99
45 17
58 17
69 74
58 97
30 98
43 44
60 30
70 41
50 92
88 85
56 66
62 37
75 38
100 7
85 55
31 82
82 92
99 16
87 64
85 78
66 90
49 62
28 2
68 11
31 35
4 57
44 84
34 42
1 11
3 36
82 97
4 50
68 61
89 53
45 37
27 4
14 67
1 47
63 82
51 93
71 9
79 3
87 51
54 17
32 49
85 26
99 30
17 51
20 62
4 15
14 56
34 49
100 74
44 39
68 74
21 80
50 77
97 31
82 7
15 80
98 28
35 60
13 8
31 25
59 26
16 79
31 71
42 46
88 9
100 52
59 23
68 12
30 2
43 51
28 13
95 19
30 46
34 25
64 80
78 23
88 76
30 59
91 51
33 80
46 53
23 98
55 95
47 68
95 14
72 77
87 86
35 51
34 67
80 1
4 73
57 22
26 16
95 58
56 35
92 29
51 40
82 16
11 38
97 73
82 54
32 16
20 32
36 73
56 92
22 34
95 86
9 62
89 84
86 93
27 75
58 30
40 68
27 97
24 55
1 45
47 58
60 28
63 6
20 76
11 13
76 93
5 23
73 51
58 88
48 26
98 89
14 2
88 13
67 2
98 5
23 97
49 90
100 98
11 61
60 95
24 5
99 74
47 81
18 6
20 92
32 78
55 75
48 62
25 26
59 83
47 2
33 26
60 59
41 58
35 57
82 86
45 27
66 64
33 68
56 6
3 47
17 36
34 38
33 40
16 67
90 70
63 45
18 87
26 75
87 65
30 44
75 58
9 1
84 83
16 83
38 41
71 23
98 31
24 33
8 33
11 19
41 50
11 53
26 63
4 58
53 24
12 58
16 46
13 15
8 49
83 56
5 72
22 44
61 20
2 98
76 31
93 74
16 43
17 34
67 99
39 91
37 35
94 88
8 51
82 29
26 74
89 90
29 13
44 14
67 90
73 82
19 22
74 38
46 39
8 17
56 81
100 46
22 8
24 88
30 70
44 71
99 59
71 69
49 41
52 10
7 89
84 82
28 66
1 99
80 10
96 21
62 74
32 96
21 72
74 59
38 69
59 81
58 6
8 40
94 47
4 65
97 37
9 94
25 69
39 97
12 97
77 93
34 97
64 21
36 59
99 75
80 51
84 64
51 84
35 29
82 10
4 55
84 91
94 70
30 95
76 98
82 4
44 8
46 72
67 26
85 92
95 99
56 32
2 58
36 57
94 17
98 69
49 9
39 38
56 85
1 33
96 72
3 18
64 14
47 5
45 84
77 52
52 15
98 64
81 75
43 35
58 69
41 3
14 31
14 69
70 33
22 54
28 61
31 40
60 56
11 7
41 84
91 21
90 33
30 64
35 10
48 43
49 57
56 7
88 20
1 36
98 17
16 47
39 71
5 62
46 61
60 62
25 66
65 64
14 35
96 61
34 24
26 19
42 18
49 37
15 88
44 96
83 67
98 59
68 64
97 74
8 100
21 29
59 73
19 56
51 56
83 31
76 6
49 23
33 92
5 42
84 65
3 29
18 44
1 70
5 46
76 74
29 91
36 55
100 72
3 94
34 55
43 72
81 15
36 34
28 78
35 52
67 76
47 69
68 36
34 44
92 21
26 61
94 85
37 69
50 7
14 26
79 72
18 85
63 75
7 33
11 60
35 19
94 54
19 39
62 65
15 67
52 65
60 92
73 66
91 46
32 50
39 95
66 31
22 87
27 95
5 36
58 55
39 43
68 95
54 40
49 17
43 5
71 92
90 62
89 52
91 34
27 33
89 28
41 74
53 6
55 87
15 21
64 82
21 77
30 79
76 64
94 4
12 29
88 41
69 23
18 55
2 77
1 69
83 9
61 44
41 19
96 40
86 73
50 19
9 73
86 100
81 20
16 58
97 68
84 6
40 35
65 34
1 35
14 70
4 91
3 86
24 60
53 99
6 31
28 77
38 82
6 72
96 95
62 58
98 35
57 19
17 96
96 57
99 78
9 97
13 22
81 54
11 67
75 70
7 18
57 24
14 77
56 1
74 37
11 47
85 97
19 87
69 86
1 16
66 91
44 17
40 99
48 91
31 3
10 41
15 5
42 2
69 72
81 45
30 89
42 74
42 66
29 99
79 10
39 57
49 1
75 89
82 62
12 38
9 95
56 79
8 52
61 54
65 91
57 15
61 87
71 50
60 37
76 28
4 37
98 70
1 31
75 40
24 52
25 23
18 71
28 27
15 71
53 3
74 7
49 3
88 40
20 84
99 71
86 7
68 22
21 12
96 60
66 4
20 85
22 64
99 43
33 91
83 27
44 6
97 24
92 86
64 86
43 92
28 88
73 74
66 12
27 10
62 13
4 44
37 75
90 47
40 36
6 24
47 36
17 60
9 65
29 77
93 88
7 88
87 39
59 51
86 62
79 80
42 73
79 15
79 1
46 77
57 44
69 15
43 78
16 27
12 64
65 8
45 29
3 58
84 87
85 7
17 4
79 40
55 99
17 25
43 33
77 76
97 19
50 62
18 64
60 93
55 83
60 68
15 96
56 95
4 87
63 64
24 50
72 31
80 37
25 39
66 20
52 84
36 49
53 1
44 81
68 10
36 22
81 88
46 64
100 1
76 9
8 37
98 66
11 49
11 87
80 61
51 37
66 7
35 4
97 43
74 27
26 6
45 5
17 70
15 30
86 83
63 31
12 41
98 62
72 83
6 45
78 50
88 70
63 74
19 63
68 49
76 80
31 68
74 91
52 88
45 7
10 59
90 17
88 53
33 74
20 34
39 4
66 41
95 78
59 65
79 100
57 67
57 51
8 83
100 9
61 56
49 28
96 77
69 61
5 10
72 55
35 65
41 94
56 55
89 43
69 52
48 58
13 69
86 38
76 16
23 22
72 1
79 31
58 80
18 74
76 97
34 61
18 57
30 63
64 57
48 32
83 92
87 89
14 39
79 24
99 22
10 37
10 1
86 84
92 12
63 95
68 9
98 7
51 29
3 17
69 79
89 42
84 30
41 32
1 37
5 90
70 28
78 48
22 58
86 51
5 20
84 56
42 69
53 48
62 51
25 60
94 67
6 73
70 9
1 29
34 83
26 86
55 13
97 26
99 37
89 24
7 93
75 97
55 82
12 89
17 18
20 79
18 69
98 8
5 16
80 67
29 31
4 13
30 5
99 98
38 100
87 34
69 49
42 29
76 15
90 3
22 5
74 36
31 78
100 11
16 14
33 62
1 6
88 98
17 46
22 60
56 93
15 2
19 88
46 71
13 20
26 51
71 6
33 86
86 91
24 26
22 43
71 97
76 84
88 54
2 75
84 38
23 13
26 50
55 20
4 5
24 87
79 6
89 44
13 70
67 28
43 19
73 56
19 49
75 39
12 100
47 62
84 31
22 20
68 46
33 84
97 30
86 10
51 100
69 94
70 82
6 98
19 55
38 53
62 94
55 42
11 89
21 16
14 23
64 31
56 97
17 7
77 62
37 73
11 62
92 59
35 12
55 57
21 98
71 67
3 2
29 17
5 14
14 72
22 80
63 72
58 78
34 59
26 18
90 41
30 87
10 23
59 35
30 81
17 56
44 35
32 55
82 91
2 29
35 36
34 28
23 42
17 22
38 97
1 67
72 58
42 27
46 15
94 76
32 22
33 6
33 44
2 83
11 91
98 51
81 4
2 95
95 23
36 20
59 69
69 97
89 58
91 58
10 33
44 11
17 84
73 40
33 47
84 93
18 32
44 16
74 31
77 32
60 6
76 10
77 44
6 68
51 97
77 80
45 42
64 8
82 99
90 71
64 19
19 94
75 46
36 80
99 100
36 87
2 18
50 6
63 70
47 76
84 79
66 97
6 21
46 19
10 22
33 55
100 30
42 28
85 31
96 70
21 50
32 64
48 27
12 73
73 14
51 82
59 27
96 5
80 83
16 8
97 6
34 74
81 12
65 63
24 22
83 41
66 49
58 23
40 98
41 48
10 8
93 57
80 98
65 18
42 94
22 26
56 96
19 38
92 32
71 57
45 14
76 5
69 32
80 7
99 93
76 19
98 10
7 68
3 89
75 19
53 44
18 99
61 47
80 50
100 58
4 19
13 19
12 47
98 34
91 53
55 59
5 7
78 96
53 76
1 25
71 27
63 89
55 23
16 30
71 3
72 65
21 78
100 73
82 78
30 96
15 32
68 96
32 88
72 15
69 51
54 60
89 19
99 81
88 31
64 39
47 38
60 23
66 52
21 65
23 83
85 9
5 100
79 12
58 35
58 37
48 83
20 78
70 25
34 69
55 22
52 38
12 54
73 88
64 89
94 24
21 54
65 81
26 70
24 67
20 93
66 82
18 100
93 14
79 22
92 98
83 96
3 57
21 49
18 27
72 8
60 86
8 32
30 8
40 52
83 24
75 76
18 61
69 33
11 75
69 88
47 66
99 96
25 30
75 34
3 39
81 27
25 51
67 98
54 83
85 96
71 74
7 32
27 65
55 31
21 76
49 56
55 70
30 62
13 46
100 60
86 52
42 19
83 74
24 77
98 94
30 3
43 30
19 96
64 5
7 54
92 17
97 86
53 40
95 100
84 21
78 1
43 40
83 73
25 2
71 85
69 5
66 74
39 40
78 59
70 53
93 50
68 79
15 53
53 73
77 56
36 12
55 1
79 71
23 11
83 15
20 48
44 32
48 52
71 53
13 56
90 53
75 79
48 96
65 17
83 50
10 64
70 62
58 33
74 53
71 19
52 70
38 1
66 83
31 48
99 28
27 67
71 12
71 77
97 60
51 13
90 59
26 90
75 18
97 77
64 15
93 64
47 64
91 81
94 21
48 99
19 17
30 49
59 71
59 24
93 35
6 41
48 14
21 22
56 67
99 76
39 2
51 74
34 32
85 30
35 76
61 52
78 75
9 80
73 33
20 77
3 7
71 33
25 72
70 67
55 12
72 93
54 15
60 78
50 66
79 41
31 90
91 37
66 43
43 77
63 42
7 23
71 64
12 8
23 91
47 100
98 20
89 81
40 19
78 37
17 69
32 37
17 24
14 29
72 12
56 29
43 76
94 68
24 75
42 56
57 47
11 76
91 13
79 33
74 50
28 26
15 12
60 26
56 80
22 38
26 91
75 14
6 5
86 45
38 96
92 57
98 27
14 8
28 37
32 12
79 48
75 22
37 30
61 79
7 77
2 74
37 47
34 56
31 21
72 66
1 87
97 44
57 85
28 69
39 82
76 38
66 44
43 1
87 59
67 13
85 3
14 51
92 38
27 35
58 61
11 99
41 64
82 2
29 39
62 15
45 74
80 47
16 98
48 64
64 34
70 93
81 63
73 78
55 17
71 41
28 30
96 74
23 20
20 17
8 71
22 12
35 72
7 15
43 96
73 54
63 28
63 59
62 85
71 48
72 86
62 91
8 68
7 84
87 6
15 93
70 85
43 36
96 79
24 51
56 43
1 75
25 67
8 28
63 60
43 62
80 75
39 24
97 11
22 4
4 60
96 69
66 39
93 63
31 92
86 16
30 27
42 12
43 10
28 64
10 26
49 96
10 51
69 78
15 45
85 43
52 73
89 14
75 74
12 1
21 68
92 97
91 44
4 79
57 89
99 49
63 14
29 16
29 74
53 84
29 38
5 91
51 12
87 38
64 25
93 31
9 6
28 93
85 33
20 4
45 83
6 38
68 34
3 26
37 84
53 82
51 60
68 26
89 26
48 42
61 67
98 14
68 57
79 76
63 50
1 97
33 65
92 51
98 15
81 42
67 78
28 38
14 27
31 57
18 46
5 86
71 32
69 84
24 29
5 31
4 33
44 52
18 21
86 44
48 55
84 66
17 47
2 88
99 25
45 93
84 32
49 74
6 66
25 84
59 13
81 71
83 10
33 2
87 47
45 30
89 49
63 43
79 57
93 38
34 84
19 61
95 51
43 31
45 11
9 19
17 12
95 94
10 62
56 30
96 45
30 1
81 66
88 92
58 57
76 83
88 48
61 27
21 36
35 5
66 17
84 90
81 58
15 68
30 40
33 99
41 52
32 36
14 40
79 42
17 48
13 49
23 87
87 10
40 93
90 16
2 59
5 56
63 77
77 98
49 77
14 58
85 86
92 30
73 96
9 16
61 64
34 47
46 3
93 24
99 47
71 5
38 16
59 19
98 13
32 2
26 83
75 3
66 2
56 89
51 76
38 61
65 41
36 83
27 85
23 16
22 94
94 74
27 19
83 40
57 1
86 50
78 7
76 92
37 36
18 78
17 26
100 78
80 11
28 90
53 54
97 87
81 80
98 29
49 45
79 32
60 90
11 30
40 11
20 52
17 2
94 44
79 99
92 70
95 80
65 14
41 16
54 19
45 8
91 19
68 93
61 77
12 78
30 69
68 52
25 10
78 16
76 36
6 57
42 38
55 43
11 21
75 12
22 70
21 27
35 66
68 72
8 27
25 86
99 91
84 81
24 62
88 43
12 80
52 51
41 35
23 82
34 2
37 72
39 15
19 85
84 94
15 6
6 69
17 57
57 75
79 81
54 79
9 39
47 29
91 14
52 58
50 18
