100 3507
29 58
51 20
16 49
59 50
99 97
83 99
93 81
21 53
37 54
81 15
53 61
30 83
29 97
50 53
56 61
20 75
14 75
46 93
58 4
30 28
61 49
54 34
22 53
48 35
65 48
21 17
31 23
43 42
64 39
37 60
32 97
68 69
62 41
10 32
70 32
41 89
55 19
80 69
46 61
91 36
23 12
66 30
10 7
46 34
49 40
21 16
54 6
12 85
14 40
28 41
29 1
90 95
43 88
12 68
39 40
64 22
10 24
99 30
67 97
42 76
4 87
16 17
37 53
10 38
98 31
5 38
67 21
95 81
67 72
24 65
85 88
61 2
90 15
3 37
11 37
37 86
6 97
70 65
88 33
48 85
71 19
40 22
78 80
57 100
42 83
25 85
92 93
78 84
57 72
62 5
10 61
65 22
20 71
43 84
67 77
96 51
2 46
90 29
59 71
52 9
46 96
25 89
96 68
23 22
34 33
83 35
19 63
65 27
58 86
68 73
17 51
69 62
3 12
49 17
56 33
52 3
45 86
53 73
82 37
57 77
4 71
16 10
94 61
70 96
40 85
44 81
98 80
50 54
57 36
61 54
100 3
65 7
87 62
63 100
71 81
74 87
60 91
97 31
19 12
44 83
56 29
95 86
7 86
85 80
11 94
6 38
13 78
7 1
85 41
53 45
55 11
90 46
63 83
51 75
37 90
26 12
40 20
29 84
59 9
37 2
57 63
74 34
29 99
88 35
50 16
60 8
2 41
3 44
74 70
71 3
8 62
76 3
41 67
77 98
13 74
48 18
70 35
60 65
74 73
59 46
75 80
5 74
65 44
80 70
91 6
96 7
65 87
6 81
62 19
12 76
21 22
90 39
70 20
88 82
74 79
60 81
38 58
51 71
81 46
25 23
89 48
6 66
55 49
48 32
70 78
60 47
1 59
55 8
51 63
56 62
44 84
97 71
2 32
62 96
100 46
26 16
62 91
77 19
79 10
21 12
81 37
80 46
53 49
61 27
36 89
26 32
70 77
23 21
5 56
18 39
97 19
59 36
6 2
39 8
34 35
40 96
4 17
99 23
29 87
81 33
67 68
10 19
23 69
99 34
25 28
19 84
89 34
4 64
61 44
54 47
66 75
68 71
60 30
14 80
95 22
48 31
63 39
95 48
35 74
62 68
68 29
91 5
39 94
30 89
15 97
59 69
26 62
87 38
89 60
61 38
54 40
1 22
37 71
30 80
82 10
88 17
37 76
41 84
58 47
9 18
82 5
52 7
40 13
56 38
64 36
37 19
57 95
32 81
51 1
44 36
44 64
17 100
60 57
33 70
65 33
56 23
36 92
95 36
98 70
44 35
43 93
71 86
23 1
13 98
18 15
19 26
15 8
1 18
92 51
1 20
71 64
93 75
86 41
51 23
24 89
23 3
62 86
24 54
19 15
59 62
72 68
63 95
56 88
50 43
98 55
94 64
53 28
75 37
82 58
40 48
46 78
57 3
96 60
56 95
27 86
26 25
14 62
29 54
86 99
97 53
8 75
95 67
57 84
80 82
76 84
84 69
62 83
5 45
100 65
49 12
85 51
33 85
84 90
57 82
7 89
95 49
73 12
6 31
69 42
33 75
2 64
20 10
31 16
73 6
51 74
9 14
49 20
87 85
20 29
11 20
16 46
9 31
71 16
49 96
56 15
70 44
53 29
63 68
40 75
86 46
59 15
18 97
33 58
47 64
87 54
96 80
15 30
31 49
67 38
27 32
33 57
31 15
54 31
53 63
15 68
82 29
47 89
4 1
80 83
62 79
84 91
58 73
71 57
76 72
63 1
23 48
74 19
41 40
87 80
22 89
21 72
77 55
25 88
38 43
60 11
31 80
27 1
9 94
43 23
21 56
78 2
8 95
96 15
75 96
42 47
10 15
69 36
18 74
21 5
18 80
51 7
11 52
97 23
66 7
59 38
44 48
28 84
91 38
38 13
77 8
19 50
12 25
30 35
70 25
64 5
82 28
61 37
32 86
58 100
49 14
72 10
71 1
95 11
25 96
41 10
56 42
44 87
23 9
20 22
93 100
67 6
69 76
3 13
64 25
92 70
7 35
35 97
53 84
56 3
99 91
12 69
60 49
38 49
12 4
25 31
72 94
60 97
39 6
29 57
85 16
63 94
22 67
42 63
16 70
88 97
48 19
4 92
12 40
61 59
9 69
66 10
11 9
64 83
37 31
72 71
72 61
99 48
35 69
71 96
89 95
79 8
55 36
26 9
44 20
60 24
31 50
53 13
51 43
42 15
86 11
18 43
49 9
54 11
11 53
25 51
51 5
6 32
80 65
48 68
82 83
19 43
26 84
39 9
86 55
95 35
88 8
28 55
43 3
22 7
1 67
34 97
23 11
63 32
27 49
70 82
33 5
82 94
25 63
2 89
48 30
22 90
18 90
15 77
47 79
58 21
74 85
85 22
27 55
81 11
80 13
61 40
28 62
77 76
71 65
80 42
54 56
32 33
71 78
56 26
44 62
45 83
62 17
90 71
23 40
47 77
23 80
93 19
86 56
23 92
95 17
68 77
58 91
80 62
52 39
17 57
24 69
87 17
67 36
39 58
66 50
56 9
55 62
3 91
33 100
95 93
36 40
47 21
94 59
43 71
42 66
41 13
12 99
58 10
86 49
34 50
95 65
17 15
77 92
86 88
25 97
73 93
49 39
44 32
42 28
24 40
8 25
76 44
30 37
66 94
17 54
73 21
5 79
93 8
2 97
27 88
73 70
73 9
73 50
24 12
14 41
68 3
51 44
46 51
20 56
14 70
95 91
88 96
53 62
95 64
24 99
50 29
15 78
24 27
25 80
55 71
62 74
58 63
47 40
81 99
70 6
72 30
30 79
7 15
46 75
61 70
66 79
66 71
64 27
50 46
91 46
61 96
74 32
48 90
47 1
54 45
88 74
44 85
29 41
20 93
69 33
30 17
99 22
72 56
41 100
1 96
67 93
24 76
8 27
26 67
84 17
68 32
45 19
64 97
96 56
83 89
39 22
69 89
65 96
40 94
53 80
72 99
18 72
68 74
33 53
64 53
36 84
79 71
100 68
13 19
75 56
93 29
93 14
21 91
17 80
36 76
27 44
76 32
92 90
63 27
33 99
87 48
5 80
50 39
64 90
43 97
19 88
48 61
12 1
20 12
97 1
24 47
72 28
62 30
81 89
98 25
52 43
55 60
22 63
68 57
40 31
12 11
100 61
82 50
66 12
28 17
22 88
96 4
73 23
73 42
35 15
98 91
37 56
41 63
8 37
89 18
36 15
33 94
42 95
14 74
1 80
56 44
19 9
77 94
63 81
12 22
87 23
21 57
77 62
99 9
96 6
3 50
30 44
91 80
37 35
9 38
5 67
8 43
37 25
6 69
73 28
22 48
52 48
40 80
77 49
53 68
15 28
63 84
1 40
50 38
29 45
19 96
35 41
27 97
58 70
32 91
5 57
97 26
71 40
54 64
5 60
15 94
89 19
75 3
60 95
93 91
84 13
26 38
13 44
27 87
97 82
72 9
53 86
100 82
25 61
97 94
3 64
53 6
33 30
28 13
18 75
12 2
84 46
63 17
30 59
44 49
71 11
58 56
22 43
39 46
22 74
89 5
14 63
99 68
63 46
53 10
12 42
81 65
31 55
76 30
85 31
61 15
46 35
48 49
83 65
43 81
73 54
49 83
21 41
68 18
83 84
45 64
55 82
81 77
75 71
52 22
65 57
42 97
73 63
85 100
28 66
52 89
18 94
46 73
88 31
54 9
86 3
4 15
91 49
1 73
65 18
70 5
42 55
52 30
89 90
76 93
89 91
36 30
46 65
34 72
21 33
8 52
100 39
23 94
52 50
11 65
2 92
32 23
65 38
89 99
73 91
100 48
34 11
61 95
4 73
18 7
29 44
67 37
16 68
97 65
69 40
82 44
65 61
84 15
23 81
39 79
81 55
42 10
18 6
97 84
56 41
97 81
65 66
79 85
85 58
94 91
23 14
44 6
94 74
30 9
31 39
49 68
17 85
78 6
11 82
90 16
30 87
9 51
19 25
94 53
29 77
42 1
44 24
44 99
30 86
21 66
25 54
3 28
55 79
85 50
26 5
2 58
30 50
86 33
62 85
40 62
72 97
48 37
26 86
54 39
11 74
43 66
33 16
62 21
32 53
92 61
100 97
6 55
45 44
78 32
16 83
65 23
57 28
69 53
52 98
5 17
76 63
62 49
58 89
5 11
15 52
4 29
33 61
52 83
32 21
1 93
38 32
82 6
63 4
6 64
7 4
59 65
69 46
55 50
4 59
43 11
19 35
11 36
46 32
60 25
13 33
57 73
66 19
74 63
26 20
41 48
51 87
80 9
68 50
46 4
37 99
4 2
48 71
6 40
3 82
48 77
24 5
6 16
68 2
92 76
2 36
20 8
11 47
28 43
26 23
8 47
89 94
64 87
15 37
7 75
9 7
56 93
8 84
72 74
31 86
71 74
15 43
29 98
2 42
99 70
17 96
85 75
88 91
58 18
72 93
77 54
39 98
19 82
94 70
26 59
55 43
47 96
73 18
38 47
99 47
48 88
29 89
30 95
92 81
18 46
99 10
16 78
90 76
92 37
1 62
6 63
51 91
46 14
2 80
8 63
18 23
1 54
15 87
9 63
6 85
87 67
24 11
6 4
21 34
26 50
60 93
67 75
92 42
28 60
100 43
61 43
72 78
92 15
62 54
69 87
46 22
39 45
27 2
23 74
96 22
75 82
97 56
66 74
55 78
4 77
33 27
84 39
14 61
59 44
40 84
23 76
6 36
91 27
16 27
1 43
82 87
43 44
44 28
60 19
2 98
76 99
2 1
82 56
10 34
31 61
64 31
24 94
15 86
14 64
19 7
39 4
22 61
68 21
32 54
79 81
84 24
70 93
76 54
60 84
39 80
88 18
43 41
23 75
97 38
92 16
62 66
73 89
6 79
37 52
18 10
89 65
44 57
34 51
13 68
41 80
58 98
15 22
52 58
72 16
39 86
88 51
6 27
37 16
67 57
100 66
55 58
40 2
98 27
25 11
27 70
20 80
19 92
82 1
34 78
92 45
83 50
9 78
43 82
64 23
82 63
76 83
62 94
76 50
92 89
72 73
77 37
55 45
13 51
64 40
97 33
17 13
80 63
55 20
43 35
66 69
3 58
70 23
46 56
32 51
74 100
82 93
26 78
64 56
73 90
20 82
49 88
62 57
66 9
5 39
9 43
85 73
26 43
67 19
27 18
2 54
80 27
96 90
89 26
9 84
11 87
13 86
99 84
25 71
80 58
42 94
54 92
22 24
4 27
36 1
87 90
67 34
26 45
91 39
35 62
84 98
63 29
37 13
12 46
1 50
16 42
3 88
57 22
6 23
22 71
9 92
6 100
18 99
50 17
71 83
9 13
87 99
26 27
50 20
92 68
81 30
64 99
47 90
35 2
8 78
63 43
45 59
29 9
50 99
47 16
91 41
39 2
99 46
17 22
37 23
93 84
14 89
45 91
9 12
89 12
56 73
96 48
23 16
91 69
26 61
81 22
56 60
47 45
68 14
58 64
79 20
78 5
44 18
40 100
24 46
67 63
51 28
24 90
26 13
41 74
9 61
54 41
54 75
59 10
85 8
79 86
64 75
20 64
3 98
45 94
88 66
84 85
73 43
25 77
12 92
69 98
78 45
13 6
27 89
90 45
97 48
18 29
37 91
33 46
11 73
19 87
54 66
66 40
25 95
29 92
2 19
71 34
91 11
88 39
59 96
95 87
57 48
93 11
75 70
86 100
76 14
88 55
18 92
82 32
24 56
30 6
72 32
57 75
47 68
18 55
73 95
78 65
17 98
36 41
4 83
75 19
75 68
44 39
16 13
84 45
72 27
37 18
77 72
67 54
40 30
6 49
91 92
59 3
28 7
69 17
100 11
96 10
59 84
11 44
59 43
64 18
8 19
96 27
86 96
3 17
60 66
87 8
29 10
14 28
65 64
54 69
94 78
91 50
9 96
6 45
53 38
91 56
76 40
14 38
69 64
25 16
88 42
93 66
66 84
60 70
69 19
68 85
48 78
83 69
48 59
55 54
30 78
72 53
52 29
75 50
47 78
65 72
30 61
53 75
34 47
100 71
55 32
20 52
2 67
79 96
47 30
63 45
5 61
85 93
17 64
43 45
82 36
8 11
91 97
29 24
72 33
91 22
84 95
11 72
85 13
19 99
70 15
73 2
33 22
1 98
40 43
60 53
44 89
18 11
95 1
72 6
46 76
47 46
57 11
29 17
41 49
28 33
86 89
51 99
68 34
86 85
70 86
83 73
22 79
90 2
82 92
2 24
4 34
67 84
81 29
33 20
13 21
96 98
23 24
93 39
59 21
11 58
94 35
78 7
35 18
76 13
43 16
66 90
13 30
50 69
60 73
18 33
26 28
55 74
21 69
59 100
88 6
31 79
63 2
65 47
75 83
35 49
62 23
16 57
72 69
98 64
16 93
38 23
70 56
71 67
47 74
9 64
13 4
95 43
5 34
3 48
86 9
49 24
27 20
52 56
70 90
51 57
38 25
92 56
52 57
14 92
75 43
24 45
21 43
35 1
51 49
68 44
91 68
62 39
100 92
89 49
1 9
79 87
69 77
89 66
69 25
36 52
95 54
51 37
93 47
46 19
27 45
55 87
33 31
59 79
54 80
73 22
71 70
64 88
25 43
68 4
17 26
46 66
41 18
35 93
67 64
54 60
98 51
65 74
44 78
78 29
61 75
41 17
33 92
72 17
5 77
40 77
67 11
6 26
45 8
14 17
67 92
67 48
43 96
47 31
31 94
86 17
60 35
16 87
1 84
7 58
39 68
66 73
88 20
61 88
65 77
5 7
2 69
35 52
97 5
3 39
68 6
98 28
53 83
92 30
15 21
59 16
61 39
27 62
10 52
49 23
74 1
38 34
83 87
75 39
4 25
36 3
64 33
22 92
49 56
41 93
27 95
4 61
94 67
80 92
3 96
58 94
3 40
4 43
64 70
41 22
39 74
13 96
69 74
24 95
80 22
54 14
76 8
21 96
51 72
18 60
28 52
41 23
71 62
10 50
71 54
27 69
73 33
52 79
14 66
7 97
70 88
25 50
63 89
72 4
63 87
27 22
16 9
61 98
91 78
79 75
62 15
94 99
100 89
73 64
67 28
3 7
75 5
97 93
12 98
12 31
36 85
14 8
27 28
44 100
21 70
37 1
60 94
51 12
43 57
36 29
70 100
66 78
58 62
67 12
91 34
27 54
73 87
75 99
65 9
17 23
63 24
13 39
45 40
63 54
20 17
78 64
98 5
38 85
46 89
3 89
34 95
61 34
81 1
95 98
11 84
92 34
25 9
98 75
10 87
54 89
8 40
41 53
2 26
33 52
49 26
88 75
68 27
17 74
7 61
27 43
51 36
76 53
60 83
71 95
69 30
67 18
38 8
64 28
80 79
72 22
93 9
77 38
26 22
12 8
19 4
25 46
15 82
9 5
77 53
97 9
13 43
48 5
50 74
27 56
37 43
29 8
46 40
62 7
37 87
24 39
51 10
54 81
88 10
82 45
26 90
9 8
94 51
57 94
35 75
4 21
52 19
58 49
30 25
46 97
18 14
20 31
32 18
29 95
42 87
68 83
69 57
2 8
60 87
94 50
53 39
68 78
51 38
69 41
71 47
76 17
53 88
5 54
87 25
76 70
3 53
66 87
48 2
76 82
42 13
13 25
38 70
47 86
20 86
32 62
28 5
97 12
28 88
4 99
47 59
31 77
94 69
57 55
60 46
35 28
33 68
97 3
33 23
57 25
77 80
63 33
18 49
70 55
78 67
87 31
87 92
60 82
53 40
74 10
74 36
17 56
57 30
16 54
93 54
26 34
7 64
20 77
36 50
24 20
92 26
29 46
73 97
89 53
29 40
37 70
75 63
38 80
6 33
13 56
16 65
59 88
47 10
38 98
74 33
15 80
29 23
93 50
68 41
35 61
61 93
23 36
51 22
78 79
74 53
76 62
42 44
21 95
65 32
31 99
66 3
44 91
80 11
1 68
86 81
30 38
94 6
80 50
34 25
62 84
64 46
59 60
7 6
48 24
82 68
41 81
21 82
14 50
75 72
26 46
73 92
96 64
67 99
26 64
76 25
55 17
22 44
90 40
36 31
43 10
7 37
65 68
79 100
20 53
12 94
17 27
80 56
17 36
63 35
38 96
62 75
87 47
15 88
38 20
84 18
24 35
53 18
45 72
15 12
69 82
53 25
72 25
95 41
8 51
40 88
22 8
61 69
94 73
66 52
58 40
33 79
13 65
71 80
35 10
83 25
82 54
20 100
86 91
97 77
85 63
100 29
14 12
17 89
94 28
31 82
38 35
94 3
61 42
2 17
26 4
36 78
90 82
24 87
69 28
55 89
60 4
20 15
58 42
74 59
48 6
63 50
10 21
85 96
99 90
29 14
89 80
43 14
68 36
13 87
89 42
92 74
78 41
4 84
12 70
41 59
64 100
1 14
90 61
10 70
4 54
52 47
100 26
71 28
13 32
87 21
18 26
11 85
87 43
16 36
52 53
5 94
1 8
62 29
12 74
22 83
88 90
63 99
51 79
77 90
55 35
87 34
53 42
49 73
25 45
99 43
36 13
93 26
29 34
33 11
39 47
6 90
34 49
82 38
19 70
64 50
59 32
49 57
43 32
54 59
24 31
53 70
33 47
47 75
40 70
46 68
99 8
13 89
95 6
49 13
41 96
96 44
41 75
52 88
31 95
97 87
86 50
25 33
94 96
43 89
67 82
99 25
38 7
58 50
4 22
21 1
30 26
58 75
63 55
92 72
68 86
72 87
26 94
29 51
76 45
97 86
43 67
87 26
100 69
83 7
88 89
3 46
77 26
99 66
36 4
46 28
12 32
73 41
81 80
77 50
49 79
19 81
47 95
83 86
91 96
48 55
58 81
51 62
82 66
2 5
3 31
24 33
100 10
65 12
10 77
21 50
94 2
10 49
66 92
11 15
28 87
61 77
100 31
22 58
14 60
87 2
27 14
33 38
63 92
57 50
76 87
71 7
81 91
15 26
84 92
56 87
77 33
21 31
11 27
90 13
52 26
100 28
53 19
74 37
64 52
59 40
28 58
22 6
36 7
77 51
61 91
94 30
2 22
45 41
96 23
77 9
54 58
75 17
10 69
77 36
32 98
97 62
4 95
93 68
11 63
79 2
66 77
35 12
88 9
58 72
79 54
38 31
48 9
11 62
17 93
82 13
89 15
73 99
60 41
29 91
73 69
82 85
28 81
12 39
36 73
74 9
67 8
49 94
61 45
42 64
60 17
66 57
13 54
8 58
27 82
19 47
86 6
48 51
59 2
21 18
92 48
64 48
42 40
40 35
67 4
96 57
13 24
2 23
35 86
68 42
9 40
89 85
47 20
79 97
35 39
9 32
28 39
68 5
41 71
99 62
5 37
14 35
16 44
34 6
64 74
14 77
53 36
80 37
93 27
59 51
14 82
79 24
42 21
57 6
25 79
77 64
86 90
18 47
32 49
49 47
33 39
13 75
5 50
20 89
94 100
87 94
58 36
70 95
23 28
97 85
97 98
24 100
30 49
4 37
54 86
56 31
55 61
79 37
71 14
70 29
59 92
76 67
87 5
66 29
59 6
7 92
39 89
43 92
46 17
28 96
47 25
98 36
35 98
34 58
71 8
55 83
34 8
55 91
93 32
82 64
8 30
50 22
62 12
73 39
46 42
58 99
36 94
66 53
90 67
96 36
11 69
27 94
16 99
72 1
27 3
20 99
58 46
43 56
5 44
25 21
67 32
27 67
63 26
28 68
72 31
17 53
70 49
67 98
30 5
16 98
97 20
59 56
14 11
42 3
82 22
83 27
68 87
83 19
12 10
34 86
51 61
40 81
77 39
29 49
94 71
6 3
59 7
43 47
50 18
41 4
12 90
2 74
33 90
31 26
90 75
50 12
20 84
57 54
25 22
42 50
42 84
48 63
68 79
25 42
76 59
71 63
19 80
57 32
52 80
78 77
35 99
38 29
90 10
88 16
14 31
94 29
58 31
77 41
97 68
59 13
22 86
46 15
27 76
89 8
46 54
8 94
56 6
66 76
67 9
71 45
85 34
62 63
31 66
10 14
90 11
96 37
75 52
41 55
52 85
74 99
12 87
87 88
98 76
5 52
88 93
35 92
11 76
97 74
60 58
36 60
17 99
69 39
28 45
66 49
18 3
3 8
52 84
16 82
69 45
74 58
61 52
48 26
57 89
57 59
6 24
21 93
13 60
72 79
37 29
89 74
34 24
74 38
11 7
52 72
45 65
90 59
62 67
12 60
85 64
67 17
23 4
49 93
93 89
10 26
52 63
18 91
75 84
56 74
95 77
77 75
34 96
92 60
35 16
65 49
99 54
85 65
70 22
31 59
62 82
47 32
8 64
66 61
47 36
36 86
15 64
81 66
31 44
52 45
61 64
100 34
91 8
37 64
8 18
92 86
34 79
44 66
43 34
84 31
60 16
87 14
83 58
87 57
85 54
56 25
3 32
12 30
36 81
23 90
85 81
33 84
2 44
30 54
73 17
83 32
34 13
38 54
40 87
86 23
75 91
66 59
41 94
11 26
34 60
94 56
18 61
37 36
23 57
39 81
8 17
82 26
10 84
59 24
28 86
44 8
64 16
11 38
34 55
25 17
63 38
38 75
47 37
80 47
65 88
48 20
18 2
3 30
65 52
35 8
70 24
84 65
32 88
45 66
30 7
32 16
52 54
86 19
47 69
59 58
9 47
71 99
49 21
53 30
50 23
6 84
89 33
67 88
78 21
71 56
24 97
98 74
92 95
61 20
44 21
38 15
98 23
58 61
23 35
86 12
17 94
75 9
8 28
96 74
16 97
29 75
70 1
63 72
9 79
7 82
81 69
62 18
90 32
65 75
43 29
8 70
12 79
72 55
79 43
16 75
79 93
82 86
38 68
39 30
86 43
59 39
55 2
3 85
58 51
25 73
12 100
67 59
48 80
27 40
2 86
88 26
79 28
36 72
96 32
35 6
86 24
3 65
83 93
66 63
87 9
80 10
100 52
71 5
91 13
76 15
81 94
43 65
81 98
58 93
63 97
87 61
93 25
79 61
47 56
51 39
16 66
41 47
26 58
2 71
78 43
60 1
58 5
47 57
42 37
8 49
84 2
24 36
33 17
28 76
45 16
34 41
35 71
61 99
67 85
17 81
83 88
11 35
64 76
3 15
95 69
75 78
25 91
45 48
35 78
92 25
28 16
54 22
38 94
5 6
92 39
80 33
57 9
72 24
57 31
8 21
59 75
79 15
77 1
25 32
82 39
70 62
63 21
61 17
14 96
89 62
98 56
91 77
98 54
45 60
29 71
34 42
95 45
94 86
77 88
26 66
16 58
73 27
42 60
28 92
65 56
68 25
11 49
62 3
22 59
92 8
76 18
39 38
55 92
74 30
52 49
49 15
26 79
32 64
17 31
77 82
3 74
61 23
83 34
65 8
61 83
67 14
94 52
62 42
30 27
74 86
58 77
52 67
87 59
91 10
9 10
5 18
40 26
15 50
51 55
99 7
7 50
10 37
18 25
24 96
8 46
36 8
57 13
73 34
58 65
29 47
67 44
20 32
11 13
28 19
59 85
99 53
30 75
40 74
40 28
65 14
73 71
39 83
79 19
99 69
55 76
28 54
84 37
6 9
79 83
32 95
63 30
19 40
84 47
57 78
69 15
57 93
59 55
59 27
80 7
93 98
5 16
64 57
83 56
21 30
18 95
31 11
37 72
31 28
34 27
45 9
35 42
53 54
24 68
53 67
85 10
86 65
16 29
60 100
53 16
67 83
78 24
76 58
95 68
76 57
65 50
66 98
51 18
22 34
78 83
49 85
91 9
30 34
94 46
76 71
50 35
82 9
72 23
13 35
78 1
99 80
38 89
47 12
100 88
82 72
96 67
55 56
60 62
26 75
81 61
28 95
84 54
13 31
20 6
6 46
71 13
28 78
27 31
98 63
15 6
85 43
94 25
65 73
13 52
75 15
93 77
70 67
8 96
68 64
23 84
51 47
74 16
10 55
2 72
68 37
80 6
16 52
41 66
49 19
32 89
55 100
19 72
49 4
41 90
24 82
92 38
18 17
10 86
83 9
95 23
83 3
96 99
86 5
35 57
51 31
15 47
51 30
61 80
40 52
42 41
20 16
70 30
92 69
20 45
86 78
5 85
74 93
96 97
67 10
74 48
25 5
37 20
6 99
4 78
2 49
34 84
23 71
51 100
62 34
37 28
31 32
49 84
10 3
59 34
1 52
34 44
34 32
38 93
83 14
33 66
3 49
44 74
76 74
73 52
52 18
97 37
44 88
42 22
9 36
37 21
86 1
88 7
49 28
23 34
93 2
11 39
74 49
83 85
92 78
37 6
51 68
5 10
91 24
67 31
77 17
16 55
51 84
42 39
61 67
23 44
96 81
95 82
90 93
74 25
38 71
39 48
42 90
91 43
81 76
12 27
5 41
92 57
4 93
56 90
89 98
76 35
5 13
87 22
40 16
49 50
98 14
33 19
63 65
68 45
15 74
87 1
13 92
16 81
83 66
32 58
10 83
98 100
37 33
96 12
74 6
44 40
76 19
78 40
78 33
36 34
53 78
47 48
45 49
69 71
19 59
56 39
7 2
12 52
60 74
58 66
47 92
10 75
98 10
62 78
4 8
70 85
33 15
37 27
66 39
67 47
48 66
28 6
3 33
84 61
99 3
27 23
74 26
11 77
6 76
42 49
92 1
91 17
25 59
73 16
6 93
64 49
11 4
50 6
24 58
14 33
61 12
53 95
19 54
72 64
92 49
85 27
55 26
13 61
7 23
45 33
62 46
93 18
8 82
27 35
79 63
50 87
47 50
50 2
17 24
7 70
68 43
37 22
59 91
54 33
95 14
12 48
43 31
75 32
74 90
12 29
82 35
17 47
76 10
69 60
39 87
11 1
93 24
28 65
13 100
53 58
78 31
44 10
66 4
23 42
69 16
52 92
22 28
85 57
95 80
3 9
59 99
92 50
35 65
84 96
24 73
100 90
63 16
21 81
4 57
18 79
6 52
8 53
94 21
7 46
66 36
3 35
41 44
49 59
63 18
4 16
30 23
34 31
95 66
9 22
69 4
65 34
45 73
37 26
99 40
86 8
64 19
28 74
28 93
72 40
44 97
33 67
71 44
57 39
98 44
75 6
86 66
27 41
44 93
42 48
68 56
57 42
48 14
74 42
14 4
62 98
65 98
59 78
45 57
6 65
98 42
68 31
97 76
3 16
84 72
98 59
100 56
51 11
93 51
70 42
75 34
86 51
77 23
11 64
38 60
62 88
59 8
88 21
47 13
61 62
81 73
74 54
63 7
93 7
84 48
73 5
58 13
60 26
11 70
97 11
89 96
26 7
73 40
71 93
85 72
58 68
21 97
48 34
57 46
59 93
49 46
43 7
44 47
34 56
11 98
25 35
22 10
21 24
71 84
15 48
78 22
83 2
55 96
98 43
20 9
35 20
84 70
76 88
10 31
41 64
90 49
16 34
43 69
21 28
89 56
8 57
96 29
37 59
37 55
24 88
52 93
69 34
25 6
64 91
53 12
92 96
69 63
80 86
76 68
19 98
21 79
17 65
12 16
66 91
72 90
7 14
99 92
10 62
91 67
35 59
15 14
67 20
79 56
37 39
66 96
56 35
81 13
88 68
46 45
64 34
15 63
77 3
77 63
19 30
46 92
52 71
9 62
88 98
62 81
48 75
42 4
56 18
37 85
54 15
38 66
67 55
65 55
24 62
46 74
72 83
98 48
93 31
88 36
84 86
97 40
10 89
75 36
3 93
1 33
27 75
80 84
55 97
51 16
14 58
41 7
61 16
74 57
93 94
26 51
80 4
97 4
3 61
97 47
28 24
54 20
78 56
33 12
78 93
77 96
53 44
7 34
13 66
42 11
14 45
36 83
93 33
20 14
9 76
21 46
23 66
55 66
55 23
12 63
29 42
77 59
51 45
66 72
14 79
37 12
55 38
35 32
81 90
81 25
86 67
15 41
72 59
65 39
8 83
5 32
91 7
86 93
68 11
64 66
41 57
50 33
36 18
58 30
30 55
13 64
34 94
98 26
28 11
96 30
87 3
37 73
63 96
48 70
95 58
87 36
90 68
45 17
36 54
21 60
78 27
30 84
23 100
24 52
83 54
55 13
60 6
85 24
98 60
10 46
97 50
40 67
69 75
2 28
12 17
18 70
6 51
69 90
44 72
97 36
29 30
4 31
46 82
47 100
43 72
79 40
92 6
63 47
75 44
7 45
53 34
92 27
91 83
1 94
17 70
40 7
13 77
85 23
70 3
38 21
48 7
35 9
38 24
54 49
98 9
87 98
23 83
66 11
4 91
85 76
14 52
53 9
18 20
72 62
73 96
44 37
24 14
58 88
86 63
8 31
66 5
77 87
44 26
70 46
45 42
20 34
45 74
16 39
30 45
29 73
96 53
8 26
82 2
17 79
66 51
82 42
41 97
77 100
54 7
53 1
26 54
64 29
90 44
62 20
8 6
86 16
53 4
48 91
7 98
61 76
20 83
54 68
16 22
37 93
88 46
58 6
43 74
72 35
7 20
58 20
70 79
71 36
99 82
73 76
32 39
2 62
99 32
62 90
25 2
43 2
45 12
97 51
20 96
18 22
38 28
59 42
99 39
36 39
38 100
69 97
16 24
70 31
99 93
64 89
96 45
55 39
62 45
24 67
73 61
30 85
74 31
45 37
32 15
43 49
24 80
1 76
67 69
94 98
87 78
5 12
21 7
80 8
41 25
82 49
69 37
71 98
73 67
67 50
1 15
84 56
46 23
51 15
43 77
12 82
66 24
33 8
61 28
89 97
29 65
57 1
19 41
79 90
12 7
17 58
25 29
84 87
43 24
34 52
80 43
31 2
61 21
70 28
7 24
72 46
21 27
50 90
16 30
53 93
97 80
59 68
75 21
3 90
65 19
20 13
57 70
77 73
61 6
55 29
97 92
32 71
8 69
69 32
35 85
19 14
95 33
7 49
7 79
85 71
99 78
84 74
43 64
77 84
98 86
4 35
48 82
98 30
69 44
99 85
15 60
79 11
31 89
48 17
53 81
56 16
69 78
28 32
57 86
75 31
53 24
41 6
22 97
52 2
20 74
65 54
98 85
50 71
84 79
24 9
19 23
28 97
15 34
63 13
53 92
34 57
64 79
89 76
48 83
98 46
17 37
25 90
80 55
65 82
66 8
100 54
78 82
98 15
92 85
76 94
68 22
20 69
18 69
90 78
2 76
20 28
69 86
58 43
24 75
71 49
37 57
84 88
79 58
61 24
59 70
100 50
59 52
79 48
54 78
35 79
20 87
56 69
35 68
78 18
72 88
59 83
36 32
30 67
55 69
8 68
99 49
21 76
1 39
92 83
57 61
96 26
34 70
63 78
59 81
58 57
10 48
86 60
30 20
56 57
90 54
53 46
25 100
29 21
42 93
89 59
32 14
4 50
91 76
75 74
45 75
16 38
43 48
88 63
68 23
79 95
72 96
6 98
5 20
55 47
68 55
83 97
3 95
4 76
51 3
96 33
60 64
22 32
78 96
97 54
