100 3551
94 48
99 2
29 32
32 14
25 68
92 15
63 49
19 96
57 77
54 18
84 66
47 39
4 42
19 27
10 32
77 16
90 97
70 28
8 37
81 46
44 84
78 21
30 8
51 5
71 75
30 52
35 29
21 2
7 37
19 21
99 82
33 9
57 71
43 35
9 49
41 53
41 16
49 52
23 26
3 12
79 16
87 94
24 52
9 48
73 45
20 29
70 36
31 97
92 52
31 3
24 30
98 11
83 10
60 13
16 3
62 94
94 98
18 1
34 55
12 95
94 64
56 94
39 3
9 99
54 6
61 89
89 94
94 40
70 44
98 89
76 58
19 59
47 86
5 26
80 85
78 46
59 87
83 45
81 83
49 60
12 23
87 4
54 38
37 11
51 23
75 72
18 51
8 80
8 76
71 20
49 97
71 59
46 84
53 55
76 56
5 35
47 49
20 49
96 31
56 40
18 26
9 89
89 19
81 27
79 6
49 83
40 73
99 73
18 22
92 64
80 29
44 10
63 60
5 9
53 67
99 77
31 44
84 83
8 16
43 97
21 26
87 39
78 29
90 96
46 66
89 45
36 2
52 60
85 75
77 88
89 6
73 77
23 34
21 41
90 13
17 19
76 6
93 26
36 37
19 41
66 31
43 20
77 54
89 37
27 54
37 30
60 18
41 8
5 70
89 70
57 82
49 84
36 16
64 3
89 74
11 10
95 52
8 95
48 83
34 1
60 90
77 74
66 16
33 78
90 52
14 11
97 18
24 74
76 80
13 6
91 9
99 24
95 46
4 25
14 67
41 76
70 46
21 76
1 88
2 73
24 2
69 59
40 83
41 90
84 32
7 8
43 40
77 21
82 75
26 82
10 63
71 65
72 87
27 25
36 35
97 89
98 71
64 35
59 8
6 36
94 34
90 57
56 57
16 55
71 15
71 45
52 66
49 25
51 95
100 26
68 55
8 43
81 99
26 55
29 70
30 29
10 58
76 44
3 44
93 71
89 80
54 30
68 61
92 55
71 79
94 32
35 21
63 69
55 98
96 9
81 16
19 60
71 94
100 65
97 64
98 65
36 33
35 74
63 72
50 51
27 53
29 66
36 38
79 32
40 50
59 53
62 63
62 14
57 19
86 19
93 75
20 31
5 28
54 7
75 60
46 100
58 94
4 15
91 10
97 6
49 57
30 17
34 37
58 97
60 28
73 16
15 69
78 93
46 43
28 90
30 78
3 84
95 38
43 11
32 99
35 10
58 79
10 62
38 60
40 37
5 46
80 19
80 63
87 51
31 45
79 46
81 57
35 95
56 5
50 56
78 13
24 36
53 15
46 88
55 47
75 23
27 35
42 94
41 3
88 89
61 23
3 15
86 16
29 56
12 14
16 98
100 25
13 92
51 29
21 40
42 7
78 71
47 64
74 98
5 68
66 81
78 36
80 31
83 56
93 53
53 42
41 6
65 26
100 1
40 28
12 83
46 59
100 50
71 91
59 41
79 14
79 94
55 36
76 35
38 3
51 49
56 1
78 17
12 1
46 61
51 2
60 22
1 41
16 2
95 80
19 66
38 97
89 26
84 89
74 41
86 70
28 14
1 49
16 92
47 8
95 59
24 68
91 78
91 90
36 86
81 36
1 5
31 100
58 3
88 42
69 81
67 98
54 86
26 31
75 95
70 75
74 70
49 82
33 3
92 6
69 94
69 1
39 36
84 6
61 18
78 8
99 93
81 35
60 93
24 5
85 97
40 46
73 46
36 25
88 100
76 85
77 67
95 18
63 54
80 93
53 60
66 10
81 53
82 32
85 37
39 24
82 39
50 52
41 65
75 39
23 85
83 29
42 19
100 33
17 25
29 91
32 90
93 43
12 70
44 57
80 36
55 87
80 87
31 16
32 100
71 24
73 63
4 12
34 33
61 36
97 1
30 45
54 1
92 83
60 21
35 8
17 73
88 98
96 52
1 33
92 46
50 2
70 68
36 11
50 95
89 71
83 9
6 33
50 89
22 7
96 61
24 83
45 20
28 20
8 48
52 20
25 18
31 70
54 8
59 30
26 81
30 5
91 58
43 45
33 58
3 43
82 17
89 31
45 75
40 68
38 80
39 22
86 46
53 87
65 68
6 99
85 22
93 23
37 71
53 17
19 83
68 48
63 76
76 62
4 19
4 9
42 49
95 93
52 33
23 95
41 26
91 42
77 59
18 50
64 44
73 48
62 4
95 92
35 51
93 76
87 76
28 33
54 22
76 72
41 96
54 37
35 1
29 49
44 92
25 93
8 93
14 85
63 38
21 43
7 74
78 5
14 59
56 10
11 16
78 62
72 69
36 1
46 19
29 63
39 97
76 90
37 93
14 13
69 9
67 50
87 77
57 31
37 96
9 23
69 27
15 24
62 92
23 17
49 17
14 65
71 53
29 26
12 32
55 66
28 32
25 8
35 100
41 4
50 45
70 100
6 37
14 81
16 51
79 24
93 72
21 73
70 56
48 26
66 64
98 75
90 74
77 72
99 15
32 86
17 6
78 77
85 52
35 16
55 43
37 39
87 19
49 94
95 49
94 3
2 78
96 8
88 32
87 15
21 83
16 82
40 47
61 71
35 9
36 96
23 64
45 38
45 59
97 51
5 21
86 85
47 58
16 61
32 58
39 61
90 15
11 72
73 12
81 18
94 97
77 79
27 31
29 46
23 7
14 36
5 63
68 35
64 86
21 47
95 25
8 23
8 74
14 69
75 2
2 7
66 75
65 2
35 48
65 27
45 15
46 36
99 49
6 3
35 97
74 95
78 76
11 85
65 84
42 3
32 75
50 80
72 65
59 74
19 5
97 24
21 38
76 20
34 17
35 4
7 86
77 36
37 68
4 28
41 38
32 53
37 88
35 99
75 37
38 28
70 10
51 83
39 79
70 20
16 18
22 65
97 92
93 89
87 24
27 1
27 93
48 70
81 6
54 49
45 88
90 7
29 1
60 9
67 30
7 13
60 58
66 36
72 85
50 39
21 99
88 31
35 88
68 75
21 31
80 22
29 87
1 77
91 36
71 11
3 21
82 23
36 58
49 91
74 62
43 77
32 7
40 71
11 76
80 67
68 89
8 81
71 60
18 24
82 85
58 29
18 39
70 37
79 63
91 87
98 87
15 37
26 24
87 48
34 82
6 98
48 32
29 41
73 55
79 91
66 7
32 83
20 69
6 53
14 7
95 86
26 47
22 24
73 38
9 16
95 24
69 76
3 59
80 68
4 10
49 48
92 21
18 98
77 53
97 74
92 94
26 86
20 92
7 36
58 12
71 7
79 98
64 65
8 66
96 67
61 34
69 40
53 72
48 58
9 47
14 37
68 67
70 16
94 76
36 83
5 7
97 81
47 41
1 95
83 39
76 91
74 83
43 89
95 31
62 71
24 19
43 13
84 54
52 25
93 57
14 78
12 69
95 29
2 22
31 13
33 41
88 30
99 80
17 57
39 5
99 61
80 47
51 31
29 81
23 47
70 94
25 71
33 67
37 29
13 40
41 14
23 56
70 62
27 3
8 10
12 54
37 64
16 20
34 54
43 94
45 19
25 56
57 98
12 60
41 56
19 72
42 63
18 14
5 16
12 81
85 61
29 8
89 58
4 92
69 78
95 15
81 22
32 20
58 16
64 85
69 2
82 5
41 12
15 1
46 96
37 57
23 92
2 82
23 11
72 27
12 17
13 5
58 85
64 32
12 82
77 35
51 38
48 63
32 47
67 86
62 15
67 45
22 66
99 97
99 53
39 73
56 74
14 72
60 97
47 45
89 53
74 88
22 28
10 59
76 70
15 58
53 90
56 6
85 4
34 15
19 88
22 95
63 4
18 84
80 40
63 27
100 49
32 15
76 57
44 63
53 33
12 86
35 45
23 74
16 34
59 84
36 68
87 62
60 15
11 82
83 88
90 3
66 35
82 87
59 25
83 77
89 54
14 17
44 78
48 77
62 51
95 43
46 56
5 95
63 66
14 94
7 77
20 17
89 35
42 40
73 91
2 27
6 60
27 13
83 97
18 77
35 17
63 3
62 89
3 40
19 54
98 99
82 22
36 69
67 18
91 63
15 27
11 39
31 56
93 7
21 39
94 93
79 3
48 78
18 83
91 72
97 98
81 84
71 2
45 81
91 39
29 75
19 79
18 27
85 38
77 15
98 69
48 39
82 68
21 95
88 40
3 76
38 57
99 8
40 32
46 82
75 87
71 8
34 59
23 19
67 8
32 9
45 66
86 4
89 95
94 45
13 19
60 72
24 90
34 2
26 8
76 13
30 46
81 42
3 29
61 17
84 92
19 62
8 52
73 70
7 55
46 60
34 39
18 10
84 97
86 56
98 86
75 19
10 61
21 80
7 69
23 69
40 45
9 13
70 19
72 100
10 15
57 67
23 67
91 85
89 36
50 30
67 46
43 80
88 7
22 86
67 85
82 89
59 49
69 21
51 60
9 61
80 92
99 20
64 62
86 59
5 83
43 90
51 68
87 44
45 23
16 89
26 45
62 37
73 64
64 48
62 83
33 35
44 32
38 24
65 96
49 98
31 4
52 22
50 43
76 49
68 71
68 49
72 22
23 27
26 19
100 39
68 85
29 21
74 51
76 2
87 42
67 48
3 82
66 92
79 7
85 8
75 26
29 33
32 18
57 72
11 68
39 20
33 21
29 88
10 20
7 52
60 76
69 38
4 48
36 15
43 86
12 68
21 30
88 76
54 90
30 23
43 82
86 31
95 69
87 71
79 90
42 46
78 41
82 35
98 40
2 72
76 16
83 46
47 34
7 38
55 82
41 68
30 42
83 7
10 69
63 47
100 80
25 13
69 25
58 14
50 37
77 68
37 21
30 80
32 92
6 50
67 94
85 96
53 4
8 65
60 26
47 98
83 73
37 12
41 42
86 49
94 39
25 53
11 100
13 80
79 21
65 85
96 34
16 21
30 76
69 34
97 33
23 1
2 67
62 65
8 50
39 26
64 26
76 46
66 91
56 61
44 22
82 72
8 94
57 22
92 19
65 19
27 79
29 9
22 5
67 36
48 12
79 95
62 72
40 100
88 99
25 30
59 92
75 16
6 95
83 87
6 24
27 98
28 69
34 35
33 50
98 81
86 5
62 3
87 61
46 55
41 72
28 37
71 74
82 98
52 54
25 33
99 31
48 31
63 100
28 18
60 56
27 6
42 23
35 22
85 47
85 7
86 88
78 11
95 99
74 43
86 58
55 83
10 76
19 68
10 30
58 38
65 44
9 2
48 47
14 2
43 59
23 2
69 80
93 97
60 99
79 59
12 21
26 88
13 72
34 40
71 56
15 57
77 26
88 84
87 37
34 4
91 61
35 52
58 54
15 39
83 82
10 26
15 94
68 22
7 87
76 98
57 39
73 25
8 73
10 29
78 34
93 2
2 28
53 35
92 90
21 20
87 34
77 8
1 3
22 48
24 81
12 7
70 25
6 39
83 57
67 11
75 38
20 27
98 85
21 56
10 7
52 3
65 11
63 99
90 61
88 91
92 11
35 61
62 75
81 86
76 33
4 81
23 66
79 42
48 100
12 85
46 1
43 44
25 79
49 6
32 55
35 72
23 57
88 58
5 8
35 47
25 92
18 88
20 89
36 12
63 7
20 90
33 90
72 9
66 65
78 82
88 23
84 76
72 68
80 79
50 73
89 33
37 26
52 78
39 43
27 33
65 20
68 64
13 50
28 44
58 75
77 30
96 47
14 50
42 17
94 65
15 23
37 23
58 46
75 51
10 9
68 100
3 55
50 9
11 88
97 16
96 6
89 81
69 50
82 25
37 19
81 94
25 41
58 55
56 62
93 1
89 3
36 27
10 37
92 48
78 19
35 84
64 17
32 41
90 1
84 48
30 49
90 4
59 27
4 24
92 81
81 47
69 33
21 93
24 21
38 59
64 96
53 94
84 34
86 80
30 39
6 5
76 89
31 98
94 21
1 22
72 21
26 96
54 32
23 52
14 73
65 39
21 15
80 56
58 28
37 63
9 84
7 33
68 52
99 59
96 82
56 100
97 71
94 5
41 50
84 30
69 29
53 8
79 38
85 55
76 79
79 72
3 87
26 83
76 43
12 5
45 42
70 42
83 30
81 58
59 17
61 98
40 67
9 63
66 73
9 40
97 15
12 71
77 49
60 43
41 93
1 7
78 24
59 12
66 48
66 100
37 78
39 68
46 26
5 75
65 37
4 21
81 77
1 64
86 83
54 74
74 5
4 29
52 1
40 23
20 5
92 29
84 36
76 15
58 43
69 26
47 91
91 77
60 44
45 11
9 21
36 97
42 31
43 62
50 78
74 37
28 21
20 51
27 87
5 77
73 86
23 68
30 35
24 98
18 56
24 42
58 92
48 17
58 100
82 21
43 56
54 47
72 38
28 81
11 21
50 29
27 85
60 66
79 22
17 26
52 9
1 98
1 81
71 34
27 26
12 31
12 88
52 5
53 86
61 75
64 75
64 95
31 34
42 83
39 70
73 94
65 61
48 1
48 91
84 60
28 75
90 98
78 22
92 61
30 11
15 48
39 9
75 83
80 55
21 62
93 83
37 53
98 83
10 46
87 52
84 40
6 42
30 18
14 39
50 12
91 15
52 71
67 69
78 83
88 96
19 63
1 21
67 58
55 12
16 71
18 40
75 14
1 19
89 44
92 10
38 14
19 43
40 20
76 7
30 93
72 4
42 76
23 90
66 50
44 52
83 37
6 2
49 44
70 93
65 47
57 99
7 82
22 10
16 54
19 55
13 58
89 11
48 59
24 82
70 77
85 26
79 97
51 91
80 14
43 57
94 80
79 87
20 36
85 46
61 20
2 63
52 84
99 64
16 4
11 61
58 20
65 80
37 80
65 54
81 41
21 48
100 85
38 52
27 55
24 35
54 78
42 69
38 70
33 87
78 32
52 27
73 62
82 28
76 61
45 8
34 11
59 2
34 18
64 80
40 64
20 66
47 70
50 91
7 49
66 3
9 65
39 7
81 64
54 62
21 63
100 38
66 14
70 18
34 36
85 99
99 17
76 59
33 92
44 61
89 83
36 98
61 12
65 92
17 62
53 84
23 70
85 29
92 18
8 82
26 98
2 42
92 28
11 57
73 34
67 41
29 67
95 19
76 64
79 92
43 75
99 3
75 41
24 60
92 70
87 11
96 25
86 45
33 74
77 38
81 91
20 79
71 73
34 64
61 95
71 76
56 69
59 1
11 31
17 15
16 85
27 10
57 32
76 45
80 77
63 82
85 63
44 88
31 73
31 9
73 60
18 43
97 72
56 72
1 80
68 14
77 50
16 60
90 58
85 5
23 60
71 26
87 43
69 55
90 81
52 28
11 49
69 71
18 91
99 69
84 41
25 98
25 37
28 78
32 65
20 84
57 73
19 7
88 92
35 18
25 3
77 97
78 79
90 86
21 100
83 79
72 81
4 14
77 76
78 72
97 30
42 13
14 53
83 50
61 19
42 10
11 94
59 83
74 60
5 49
1 4
32 21
19 56
6 22
41 66
30 92
48 72
80 12
58 4
1 17
13 53
72 70
92 86
30 71
33 71
52 21
8 72
17 55
75 94
37 41
88 47
13 26
100 20
88 38
55 71
28 1
47 100
67 3
1 47
34 9
84 15
15 14
67 24
23 22
49 34
37 16
16 27
57 9
54 72
62 16
43 34
63 77
85 77
75 49
21 65
7 9
7 4
45 98
69 88
65 67
31 22
99 22
51 8
90 73
39 17
56 32
98 73
59 98
17 38
66 57
2 86
51 47
21 70
19 16
75 79
29 99
42 39
15 63
9 64
42 44
73 15
68 8
67 16
100 52
31 18
50 74
24 66
20 59
31 6
18 93
77 14
69 19
76 83
45 24
87 31
35 6
53 38
96 48
31 52
92 1
62 23
42 93
68 50
91 97
63 35
62 34
51 45
90 29
19 3
41 71
97 23
59 42
89 4
91 43
27 51
75 100
21 46
96 50
48 10
79 45
6 85
50 10
82 81
69 85
14 89
78 85
69 77
91 38
56 26
87 81
84 37
15 35
32 6
5 92
17 80
100 24
9 28
60 5
26 80
74 80
90 11
92 45
72 49
6 52
12 92
87 97
88 27
61 21
35 93
55 57
34 32
4 59
81 54
94 66
4 17
34 38
64 58
64 27
35 69
98 4
89 60
60 32
13 48
95 96
90 45
26 68
15 52
89 15
23 63
13 35
74 29
32 4
58 57
95 76
97 63
70 14
24 80
97 62
63 71
90 46
24 96
100 87
59 80
69 93
63 6
41 24
26 25
14 88
65 24
4 64
16 12
71 67
38 82
77 41
72 73
38 90
17 76
1 13
2 55
31 65
90 51
68 93
70 1
58 69
94 83
2 62
60 45
73 47
6 40
67 92
28 39
18 8
52 65
37 1
14 30
72 3
89 73
37 4
74 68
70 15
91 57
50 25
35 40
15 80
76 75
73 27
28 8
70 90
14 86
64 45
41 9
5 89
4 95
38 37
67 39
11 52
39 51
75 96
88 8
50 26
5 64
90 47
66 11
23 91
53 88
65 50
94 95
53 70
56 24
9 51
33 20
86 29
35 85
33 64
90 16
63 26
42 55
64 31
94 23
59 26
33 32
32 91
71 50
64 54
63 70
17 67
18 49
41 23
66 47
47 92
46 62
84 82
92 7
99 54
25 31
32 8
27 28
7 43
14 20
8 58
78 3
71 31
53 46
33 46
85 48
28 68
47 31
32 69
71 64
84 24
61 5
11 81
33 77
85 28
39 58
17 75
61 45
5 65
62 82
38 31
57 28
62 24
74 100
88 60
74 14
41 60
46 22
22 51
100 60
84 25
52 86
62 33
34 88
48 42
27 45
13 67
27 67
18 86
93 13
86 68
69 91
95 32
41 51
20 35
81 34
30 98
99 46
1 51
81 48
91 30
51 66
23 39
16 42
95 2
52 48
67 34
64 55
17 66
51 57
91 34
96 17
100 13
49 46
70 41
71 82
16 28
80 4
24 29
98 42
93 19
75 7
24 51
77 82
1 8
50 62
43 83
2 64
54 79
77 93
33 19
24 10
76 55
95 45
3 97
25 42
88 65
19 35
41 39
21 6
90 69
30 36
3 53
14 23
21 81
58 59
29 68
43 4
56 75
81 55
78 20
91 82
37 59
66 5
70 34
78 25
67 22
51 100
46 3
80 78
1 87
91 1
56 8
88 67
1 26
30 55
44 9
36 85
67 52
29 40
38 27
89 13
65 95
20 85
34 80
59 13
43 9
53 43
39 62
35 75
78 65
33 75
32 16
96 2
53 39
43 73
13 94
64 56
35 31
68 31
80 33
53 31
24 55
9 6
4 77
21 49
59 91
100 64
72 33
9 78
53 9
32 35
97 100
87 89
43 54
81 43
6 64
95 48
6 8
26 62
29 54
50 92
99 56
66 98
19 84
94 68
75 21
17 91
25 16
42 5
19 90
13 24
84 90
87 60
95 41
44 26
93 55
81 100
54 60
42 51
31 8
86 9
67 4
72 83
79 89
90 67
63 81
58 26
20 12
28 51
71 19
45 69
61 79
23 54
48 40
84 67
70 35
26 40
84 7
37 82
69 64
86 96
94 19
100 45
19 20
89 23
72 67
85 32
96 80
39 99
78 47
69 84
82 19
10 31
34 12
25 39
73 28
7 81
43 22
12 24
60 91
13 68
6 16
79 86
52 13
44 30
32 45
30 56
36 95
20 86
21 89
26 66
79 10
96 29
82 76
44 51
1 79
1 30
57 65
68 38
99 38
32 61
94 50
44 17
54 94
52 18
1 40
14 60
73 68
41 94
83 60
94 74
70 40
8 39
92 75
47 82
88 97
47 72
91 62
26 16
62 11
45 4
81 60
64 16
66 72
100 5
11 6
56 87
86 66
29 31
58 7
95 66
99 65
97 4
30 16
92 71
74 87
91 41
36 94
16 100
20 50
98 41
35 50
14 31
44 95
68 81
4 54
97 8
10 21
10 73
55 60
26 78
95 78
59 96
22 56
5 50
20 97
59 18
87 58
43 92
44 46
36 9
6 62
74 85
79 56
58 19
100 57
80 5
18 15
72 17
24 75
72 37
96 68
94 6
100 44
28 41
87 84
74 55
43 85
61 93
2 8
29 36
92 8
43 71
60 79
32 89
92 77
44 56
45 22
51 6
7 59
90 36
21 74
100 4
66 40
99 26
57 92
44 66
39 74
16 68
52 16
31 78
76 68
20 98
46 32
49 10
50 7
86 23
45 25
6 18
26 2
91 54
32 39
70 95
40 61
28 100
100 79
52 64
72 36
32 38
14 47
52 55
84 16
21 17
35 55
51 93
25 51
14 71
18 73
69 51
27 83
38 71
57 24
78 74
81 37
47 75
58 6
65 97
33 73
74 38
41 36
40 24
29 14
65 63
3 88
40 5
42 89
83 65
100 8
8 27
83 69
42 37
44 1
43 15
55 79
78 58
86 38
34 72
25 2
5 93
8 49
81 95
76 67
20 46
81 75
35 39
42 22
33 37
92 14
7 17
50 21
76 97
9 18
58 70
27 17
22 98
90 2
98 60
64 11
31 61
42 66
83 58
14 35
100 36
21 90
13 45
11 84
48 55
93 32
60 47
89 90
13 57
10 52
71 23
18 36
100 54
61 42
31 24
30 6
100 96
41 64
96 89
66 78
31 85
100 59
69 70
93 20
9 87
12 39
56 42
39 71
6 88
51 7
38 22
18 58
97 37
95 60
5 17
36 56
8 55
75 84
14 63
79 8
48 62
64 87
49 65
87 92
76 25
4 71
33 39
42 95
36 49
93 59
86 39
100 86
97 5
59 78
49 38
58 45
9 25
51 3
25 66
6 19
12 29
94 86
51 43
89 55
22 64
66 85
6 45
83 99
89 49
15 5
19 25
93 34
83 68
27 91
20 56
54 66
15 65
10 3
31 30
31 43
6 20
74 31
100 22
47 36
36 43
64 84
27 77
74 20
54 25
31 94
21 87
87 23
60 57
64 57
99 33
26 70
64 60
53 7
74 79
74 69
4 5
78 98
69 22
64 10
43 37
52 99
66 70
1 38
40 81
71 72
50 47
13 11
19 52
62 38
15 47
84 4
65 79
91 35
14 33
74 40
54 69
83 80
6 90
53 36
18 20
71 47
43 67
28 67
57 68
54 28
24 69
16 38
49 69
12 22
4 78
3 69
32 98
55 5
47 46
54 24
90 75
12 78
88 59
67 37
82 86
51 36
24 3
55 25
81 49
91 52
46 91
74 6
26 53
27 49
22 19
25 97
19 73
93 11
90 27
72 45
68 4
17 50
99 1
66 9
83 4
86 17
42 26
98 93
67 62
14 40
82 51
36 23
10 74
27 86
21 85
62 35
69 46
92 72
67 42
3 91
19 64
72 6
36 50
23 80
28 88
2 38
28 76
14 98
23 84
15 85
68 10
17 2
6 57
29 15
48 7
55 100
57 16
27 94
95 83
25 12
91 25
37 47
73 24
62 90
44 69
25 7
88 68
52 82
12 8
83 16
45 93
9 3
70 51
14 55
11 63
86 10
93 14
39 4
19 39
41 35
32 1
62 55
34 24
10 57
89 34
64 39
87 85
98 54
51 17
44 40
92 100
70 79
14 22
67 82
42 35
59 16
58 96
96 38
61 74
95 72
15 98
18 41
29 71
84 100
54 51
61 81
61 25
2 100
28 26
50 34
82 20
5 18
47 24
36 82
59 60
56 93
46 54
10 19
53 19
88 24
9 79
49 35
90 37
51 81
51 46
44 72
89 27
21 84
62 59
91 92
20 88
53 50
15 72
42 96
23 5
73 29
25 62
39 29
57 75
72 12
3 34
62 79
19 98
28 6
13 16
71 100
39 78
66 82
68 17
12 66
74 26
74 63
36 99
87 65
10 99
35 71
26 72
7 15
91 11
31 2
54 87
42 72
42 78
11 46
82 73
60 42
44 38
7 67
78 61
44 15
35 80
33 57
54 3
44 20
22 75
33 51
46 98
54 88
59 75
46 94
20 47
30 48
7 89
98 80
22 17
26 61
85 18
73 74
63 12
93 84
9 56
62 68
59 47
93 36
39 85
86 50
94 72
28 3
80 45
30 20
18 90
5 36
21 36
62 22
95 53
71 1
12 57
77 46
26 12
20 8
49 50
39 69
89 18
67 89
10 96
63 50
93 38
68 43
88 21
7 27
3 20
27 29
22 25
88 16
19 9
94 37
57 21
32 68
48 33
39 81
83 15
85 93
53 29
7 78
27 41
57 41
30 60
1 74
93 44
84 80
28 95
18 12
37 69
18 72
35 94
24 17
10 36
83 66
18 82
96 22
29 64
96 60
41 69
41 31
77 51
69 6
86 60
60 20
63 87
42 47
61 72
79 33
88 85
71 95
60 11
19 38
31 17
84 56
15 51
19 34
85 2
14 99
44 34
64 74
17 18
77 9
83 33
12 76
87 2
88 63
2 10
67 10
75 63
99 74
51 65
19 29
99 25
24 27
14 54
29 5
80 32
32 26
64 59
70 98
45 65
98 50
96 4
40 36
14 45
100 27
9 68
49 16
55 6
84 74
25 40
82 41
61 28
35 87
91 40
29 17
94 63
37 91
14 90
23 43
10 94
59 23
57 62
7 72
79 99
15 86
13 63
90 59
45 9
14 52
92 38
77 39
22 50
78 27
59 40
71 83
80 20
34 29
73 87
44 19
69 5
95 40
18 64
79 57
1 53
88 95
12 11
93 64
70 3
76 99
23 100
4 51
15 16
21 42
84 61
30 81
37 55
86 55
26 54
29 61
61 7
76 36
46 6
94 29
82 29
61 80
10 95
77 22
100 98
13 83
56 92
75 52
32 96
49 87
24 70
99 7
76 73
72 64
79 11
39 80
72 96
58 30
7 35
29 57
7 65
99 44
90 39
99 45
67 59
41 58
61 57
38 4
11 97
54 10
61 24
47 28
73 41
12 77
77 62
60 70
28 10
38 15
99 18
96 56
73 4
60 39
86 69
70 43
97 28
51 71
65 90
85 83
75 9
4 33
33 63
21 66
58 72
11 33
7 57
3 77
70 64
68 21
51 94
87 68
65 69
5 76
54 17
96 83
17 8
98 95
16 78
53 28
15 31
54 59
94 57
48 65
8 42
79 88
37 52
34 58
24 58
79 37
91 94
93 90
71 49
83 2
45 84
30 57
48 20
30 26
41 45
52 36
86 6
30 12
24 91
87 36
65 74
1 58
27 14
26 90
75 1
12 98
12 40
39 45
46 35
52 70
85 62
18 100
92 93
91 84
53 49
8 89
88 55
30 19
75 3
52 77
6 66
86 62
22 4
25 10
94 52
43 10
70 88
88 71
36 28
33 47
94 77
37 58
46 74
98 35
12 67
62 9
47 25
71 17
8 24
84 57
79 67
24 86
38 55
89 17
13 41
94 84
99 27
72 29
13 98
15 11
30 70
71 66
96 93
22 15
37 95
35 38
77 89
45 56
52 73
55 90
30 96
86 25
20 67
78 68
95 33
80 27
79 50
31 79
75 86
91 64
41 30
25 44
63 41
15 64
50 42
64 30
49 4
13 87
9 38
8 98
3 68
59 89
24 48
88 4
83 100
91 95
29 44
97 41
3 73
51 88
41 40
65 93
82 92
95 82
28 42
19 81
49 56
11 1
37 51
56 14
44 80
73 26
47 18
73 95
62 7
10 6
34 65
99 70
12 19
80 2
30 94
34 85
93 73
66 68
98 29
95 84
86 63
3 49
6 1
21 25
50 4
16 72
70 2
40 53
11 35
83 3
25 20
84 26
37 24
64 88
86 84
99 13
68 42
87 96
31 33
57 50
94 25
32 27
56 12
53 12
23 73
79 36
43 14
99 11
79 53
23 21
96 21
69 30
3 35
31 28
92 99
62 80
19 48
56 66
31 49
18 65
37 73
29 42
46 15
33 8
48 86
58 21
51 92
75 12
11 55
78 43
26 9
73 78
28 77
96 16
100 29
75 78
95 55
9 30
84 31
100 19
5 41
47 57
6 77
95 39
57 18
39 31
11 9
67 55
77 19
21 14
3 22
79 64
22 13
81 33
66 88
67 75
36 62
74 19
22 20
4 47
79 47
69 97
28 48
22 73
68 18
4 82
87 5
90 40
90 88
93 39
19 99
46 64
74 28
81 78
57 34
4 93
71 42
58 9
2 44
8 90
13 86
100 82
88 50
46 28
99 87
96 76
49 58
84 71
28 63
37 60
90 5
46 13
7 29
61 41
22 71
40 8
29 23
72 24
47 12
25 83
48 93
41 85
57 48
25 57
48 25
91 75
22 21
40 16
46 50
81 15
13 10
81 76
97 52
24 76
89 30
54 71
94 12
44 74
34 79
57 2
87 16
54 45
59 44
72 89
44 75
63 16
93 17
91 99
10 88
80 88
88 48
60 17
78 88
95 68
57 80
60 92
20 37
14 96
81 52
91 5
85 50
73 35
83 91
100 7
11 50
68 91
97 19
11 27
36 54
46 12
93 81
37 27
99 42
23 98
66 1
85 79
40 99
74 30
82 64
57 78
3 47
32 72
14 100
25 60
51 19
83 8
33 70
82 1
66 18
70 57
55 77
75 54
59 63
55 78
90 99
99 68
64 51
51 56
55 44
47 30
23 35
65 23
21 27
85 95
75 13
90 17
33 15
50 72
11 20
55 10
57 52
60 8
19 14
65 82
79 82
11 95
68 30
8 69
38 18
83 22
15 68
87 88
59 72
97 67
62 18
64 50
14 24
16 94
93 91
30 95
14 26
26 95
30 61
87 78
44 96
53 63
57 89
10 93
53 76
58 22
48 82
98 7
55 63
4 26
74 76
72 55
40 31
69 31
20 87
7 60
55 13
15 96
65 59
47 17
90 71
99 96
19 91
46 48
1 89
89 100
44 23
92 42
21 8
4 69
17 45
88 2
32 49
61 53
2 15
100 94
80 73
67 51
59 70
7 30
25 15
40 19
42 82
73 65
55 18
33 42
38 12
6 100
94 85
6 75
3 45
7 44
50 97
67 38
50 93
3 93
49 70
84 50
16 95
12 97
62 69
82 44
75 11
19 18
10 53
59 68
33 26
66 28
64 98
9 8
5 58
41 34
58 40
69 57
17 28
36 71
58 82
19 47
45 48
56 98
21 64
20 94
99 66
9 81
95 87
81 59
31 93
84 27
41 83
44 62
10 90
55 29
34 97
85 89
58 61
47 22
42 14
4 8
82 60
87 8
32 87
5 79
90 63
45 28
33 44
81 62
57 4
97 2
66 15
41 46
7 80
61 51
51 53
18 21
25 32
39 27
24 20
81 88
87 86
33 5
51 79
81 50
64 53
17 36
67 21
17 92
24 25
87 93
34 28
90 85
88 82
78 94
26 43
58 80
80 49
54 20
29 84
27 58
16 69
77 98
21 91
84 5
31 7
97 55
96 51
2 54
29 76
47 76
60 68
44 37
15 56
27 74
94 55
15 50
77 17
73 81
23 46
23 49
30 13
75 31
85 44
76 50
15 8
1 73
33 2
33 86
96 57
58 99
81 2
36 57
28 50
65 77
97 78
73 53
12 65
38 46
66 79
52 83
24 94
34 14
52 53
86 61
14 1
59 24
20 95
35 92
49 26
86 71
14 10
13 8
21 13
47 97
14 3
76 19
62 95
11 51
72 88
62 30
23 55
59 22
28 89
37 86
44 39
57 14
37 18
22 76
80 51
4 65
81 25
86 77
46 2
41 87
12 35
26 92
99 5
95 14
17 32
82 6
96 74
66 76
15 28
21 97
86 93
100 17
39 96
6 71
10 97
88 43
89 64
15 100
99 78
98 91
9 71
31 36
22 61
89 29
10 78
3 95
58 63
41 17
9 17
38 13
60 29
46 18
90 34
70 80
