100 3545
37 31
9 72
5 47
88 13
97 53
75 5
87 4
70 20
5 76
40 88
74 35
21 39
23 93
98 78
44 86
31 79
54 100
66 6
55 66
8 26
35 73
44 74
61 58
26 6
42 19
69 42
2 79
77 80
69 54
94 9
45 31
92 79
25 53
21 73
50 65
22 56
17 43
78 85
51 75
32 41
77 39
75 28
70 21
1 37
32 38
74 42
49 77
78 58
56 23
50 14
91 64
84 72
93 64
80 28
81 18
63 14
95 57
5 24
95 22
65 12
2 59
97 8
54 8
57 18
48 6
79 70
19 38
15 40
63 41
6 73
43 79
18 59
63 20
8 91
99 68
35 20
16 20
62 1
50 32
38 40
93 44
17 88
23 57
94 81
70 37
55 76
65 8
85 11
55 17
26 57
54 35
44 75
15 21
8 90
41 31
69 96
98 54
10 6
91 20
51 96
34 63
15 18
66 93
65 86
49 20
24 60
45 37
36 63
48 75
69 95
36 29
22 42
24 31
34 28
52 71
45 36
69 18
80 18
93 18
32 82
17 84
86 7
39 32
25 49
39 41
65 56
73 77
77 16
11 33
100 39
36 50
66 49
7 32
96 100
13 38
43 68
81 36
47 48
42 67
24 28
41 76
98 13
24 37
18 53
53 19
22 62
3 39
36 99
52 13
63 7
77 93
72 88
76 48
99 1
42 12
91 70
87 79
50 52
83 34
61 27
3 56
18 86
33 34
34 7
88 90
70 68
61 32
33 14
85 96
70 28
67 14
66 41
42 68
50 82
98 39
44 66
85 70
83 51
35 3
69 53
57 29
53 93
82 69
37 63
34 72
48 39
74 38
76 23
11 47
95 20
18 34
17 65
73 70
34 3
94 53
27 95
31 90
25 71
91 34
44 46
48 68
74 15
3 63
34 77
23 51
95 72
57 76
47 87
13 94
43 8
74 48
45 13
62 49
72 31
62 53
97 91
73 31
74 27
100 20
75 13
21 19
33 27
43 65
20 99
25 94
73 40
58 23
25 55
72 25
49 5
79 55
14 70
31 9
26 97
23 67
60 91
52 82
67 73
44 7
11 32
29 85
88 67
4 62
75 29
81 78
86 6
12 94
34 55
10 55
11 5
35 53
6 92
22 30
62 57
13 59
28 49
1 98
76 71
12 66
94 51
63 83
83 74
70 98
18 25
76 52
63 93
78 28
32 67
49 8
22 6
53 33
1 17
14 3
94 23
7 73
46 43
85 75
81 55
98 69
67 26
29 3
13 92
10 33
22 77
2 91
52 90
68 29
2 71
80 98
83 26
86 93
56 43
53 7
57 46
85 57
80 40
100 69
32 80
53 47
73 20
55 46
50 85
45 3
100 17
78 32
71 35
8 32
62 79
43 35
11 93
59 12
84 66
79 77
66 98
63 53
41 27
88 87
92 89
2 25
6 44
31 55
97 72
48 82
46 100
48 45
52 46
38 86
66 89
72 54
69 76
15 98
40 100
81 71
91 77
86 76
79 58
95 59
1 90
15 13
64 79
5 93
71 6
76 98
69 77
67 12
53 26
20 46
57 30
5 87
19 56
62 86
40 59
93 68
14 25
82 62
25 32
97 66
45 59
29 61
78 15
30 23
74 31
26 68
79 88
68 54
41 40
93 29
9 60
13 29
27 97
76 89
29 76
81 91
67 82
72 85
35 25
62 41
67 35
7 74
77 47
18 49
11 55
3 58
63 33
69 79
31 78
82 49
14 92
13 14
95 38
23 16
77 64
40 71
83 18
56 14
94 31
55 56
65 30
16 7
8 41
91 44
15 47
74 28
65 40
91 82
37 28
52 17
96 44
16 49
33 17
17 11
19 44
75 80
80 43
21 36
91 33
6 72
81 74
61 68
46 45
46 65
9 71
93 56
55 63
99 15
98 27
39 64
1 57
41 65
77 100
97 20
88 66
33 13
18 64
2 84
84 27
48 14
38 81
36 28
28 51
28 94
46 30
91 38
84 93
41 89
59 68
60 31
49 47
36 82
92 28
96 82
77 71
43 85
42 50
19 64
72 43
13 17
67 11
40 1
7 10
5 12
8 67
91 41
78 91
2 73
73 25
43 1
29 33
4 49
67 80
8 80
26 12
52 6
37 54
92 42
42 66
72 17
8 27
31 93
56 69
32 52
12 79
18 17
75 71
97 64
45 27
8 39
71 10
28 16
83 98
60 10
7 50
86 10
56 21
67 6
44 41
23 68
70 19
88 80
94 19
49 15
71 72
20 29
17 3
89 87
92 93
54 22
79 76
8 76
42 8
93 47
69 40
28 20
45 49
34 75
17 36
48 31
3 96
57 5
34 4
88 37
77 55
81 42
18 40
13 54
43 62
46 74
40 57
11 84
26 35
83 22
58 85
24 43
83 86
50 29
96 89
20 55
19 73
74 25
2 7
37 25
17 79
39 12
16 71
100 43
28 35
41 70
14 61
93 42
28 5
41 10
50 16
96 55
85 31
29 39
16 86
70 63
46 97
54 33
16 22
90 100
69 15
97 42
25 22
35 87
38 44
18 97
5 90
71 34
82 76
54 12
38 56
30 91
50 92
92 80
83 44
9 78
14 31
73 93
59 55
45 43
2 46
15 71
12 82
78 87
43 99
15 53
56 1
44 55
91 19
75 35
82 27
15 92
27 80
73 45
3 70
31 16
4 36
35 93
19 28
78 4
60 63
70 6
9 75
40 37
1 91
40 13
96 38
8 30
52 15
53 83
8 38
93 91
61 19
8 57
83 56
73 57
70 13
64 23
51 38
33 18
13 91
18 63
43 66
69 51
96 1
37 17
65 55
28 84
14 38
24 3
4 59
76 64
53 64
35 31
9 44
42 30
28 88
7 49
62 96
99 73
8 25
59 61
22 60
57 97
57 90
66 50
88 53
81 99
81 65
73 81
14 29
86 66
43 76
70 58
35 77
14 98
91 25
72 1
59 100
14 41
64 69
40 43
39 38
89 20
91 76
82 45
70 23
48 10
48 24
9 86
83 84
36 89
30 86
21 42
14 72
47 92
12 90
19 99
41 2
25 52
61 91
58 16
31 27
30 77
69 94
36 2
88 38
1 21
82 42
72 13
47 33
46 53
36 79
93 37
77 21
45 8
47 62
69 72
61 54
9 32
56 81
13 71
3 41
45 24
97 59
85 9
51 79
21 33
71 37
1 46
5 60
13 60
46 28
92 76
89 2
21 2
68 75
43 32
33 81
2 39
90 13
77 26
59 42
1 66
80 26
52 87
38 85
1 64
98 32
96 16
8 51
61 41
43 70
69 89
48 61
33 62
58 41
30 59
50 60
39 25
61 3
75 45
48 96
60 58
61 60
45 21
77 7
21 22
5 100
94 3
72 81
34 78
90 81
69 59
73 36
23 25
61 34
75 88
82 44
29 56
71 78
10 44
27 26
70 53
80 29
59 77
98 90
88 65
28 63
10 52
50 97
61 7
36 69
38 25
2 32
43 25
54 64
13 85
20 1
43 27
71 41
30 28
79 59
37 19
29 73
93 7
95 77
66 72
33 7
4 68
51 36
9 57
24 67
71 69
34 2
37 13
51 76
95 42
29 92
54 49
82 95
41 7
44 70
9 43
33 43
20 6
96 39
47 69
18 87
3 88
77 89
60 93
54 42
93 71
25 33
9 6
68 52
21 91
6 93
16 99
42 28
89 27
89 100
68 83
56 30
77 2
72 77
28 29
15 93
55 36
61 75
98 22
87 9
16 79
61 89
57 47
95 85
30 1
85 4
31 59
67 25
69 90
11 15
3 90
42 73
17 28
11 8
74 18
80 60
23 61
83 24
94 48
96 26
47 64
31 68
11 53
6 54
39 9
84 25
82 40
1 76
62 59
38 34
68 64
30 31
45 80
31 65
7 4
46 86
12 47
73 37
32 37
59 24
33 26
43 84
32 71
75 46
65 98
17 63
78 54
27 51
73 39
6 33
74 24
26 100
84 61
63 45
26 31
34 45
18 47
79 6
24 85
54 23
5 27
2 26
85 30
68 91
61 77
11 51
46 49
35 13
89 9
3 67
88 81
37 15
97 37
62 7
88 39
61 82
98 84
12 69
68 35
48 78
93 72
83 29
79 98
43 69
29 5
73 65
53 92
73 66
57 45
59 9
99 17
23 3
74 76
10 77
66 30
43 61
69 52
91 79
16 98
97 15
75 10
92 71
43 41
40 75
21 63
37 43
61 37
79 100
24 2
41 1
64 25
37 91
42 38
89 70
74 17
100 6
69 99
47 71
15 80
46 66
73 44
40 24
12 91
96 32
71 29
77 52
20 26
56 70
86 91
13 53
9 63
7 95
75 81
91 15
69 37
19 69
14 45
40 12
38 82
42 1
15 7
75 72
26 29
60 99
85 21
98 47
88 20
62 18
60 36
30 100
12 28
25 48
7 54
58 31
16 94
89 71
1 47
60 25
68 46
55 19
35 50
51 100
34 95
73 76
16 11
98 67
82 81
47 51
71 63
20 96
83 99
11 45
56 9
22 20
83 6
36 49
34 44
36 41
53 74
91 9
79 65
55 32
69 58
58 67
57 99
14 9
89 4
1 92
87 48
94 75
30 52
36 11
67 64
4 77
40 53
44 61
44 99
69 22
56 72
29 18
24 50
19 84
72 26
47 90
43 94
6 28
74 75
22 63
97 93
86 57
23 2
6 68
11 23
39 58
40 47
48 70
34 21
51 2
11 52
60 7
45 94
62 63
66 33
93 16
65 89
32 36
18 70
30 17
99 52
35 79
50 90
34 88
16 57
50 57
27 78
15 12
50 73
11 28
37 47
70 97
86 52
54 56
72 36
34 27
19 66
30 54
64 66
31 82
100 64
40 93
80 84
43 42
5 74
40 78
17 12
37 8
16 80
97 88
92 56
41 21
23 44
65 62
97 94
44 39
10 65
97 71
16 8
95 45
39 30
5 72
69 55
55 22
81 52
81 66
58 8
10 43
38 12
33 87
57 82
44 17
6 18
74 54
39 1
69 65
29 41
78 100
64 46
45 98
57 12
36 97
81 14
6 42
25 95
100 25
68 63
46 82
56 86
21 50
10 19
10 38
89 51
94 37
82 98
56 68
1 36
1 82
45 50
51 18
23 59
8 34
91 87
84 95
92 24
12 51
56 49
1 26
35 5
45 61
2 100
3 20
64 80
95 41
66 26
36 47
79 90
77 13
88 74
16 70
33 55
67 78
37 95
23 42
36 31
66 80
30 84
71 99
10 23
9 46
72 47
81 83
5 18
84 85
90 20
10 34
2 13
60 88
6 3
74 63
10 3
61 83
54 60
41 51
3 26
8 14
83 10
84 38
86 23
63 61
97 44
86 26
48 92
66 25
48 2
19 3
87 90
58 24
75 4
86 8
65 27
30 61
19 83
75 14
9 55
70 17
56 28
68 97
6 65
89 73
22 36
29 30
44 77
24 15
52 96
65 87
90 30
33 4
29 19
83 5
47 65
8 5
10 30
73 15
16 37
55 61
92 87
70 35
9 88
80 41
27 10
75 23
45 78
87 75
80 4
87 71
52 70
52 94
84 36
44 68
23 5
43 49
84 67
53 37
57 48
55 12
100 67
61 4
48 49
86 72
56 91
10 22
46 11
75 69
35 42
79 85
97 29
2 47
28 40
16 95
10 12
69 14
87 58
43 28
91 71
73 85
44 51
68 8
94 79
25 62
91 74
51 90
17 45
14 66
27 76
93 4
57 32
18 7
48 22
97 33
54 38
42 88
2 16
28 65
54 90
100 72
43 19
5 30
68 45
20 37
13 58
7 64
59 20
10 31
60 81
78 99
43 71
9 13
92 100
18 50
88 2
25 16
78 52
72 48
39 92
95 48
100 53
21 51
57 4
48 12
16 43
16 10
41 81
7 9
52 80
74 99
1 68
25 1
91 16
34 42
21 69
85 33
65 72
70 12
71 73
11 37
55 92
17 49
26 23
84 86
41 96
7 65
44 29
40 72
94 95
14 86
52 89
90 62
76 100
27 73
65 1
23 97
98 11
68 7
72 62
46 36
71 11
64 15
54 87
78 65
10 64
82 73
97 96
82 25
82 11
4 11
12 9
23 88
12 83
12 34
97 65
67 69
11 62
93 95
2 22
41 46
3 84
25 17
75 18
84 15
47 60
50 23
71 46
20 27
97 47
100 65
6 47
80 82
80 19
79 86
3 71
82 7
37 35
1 18
9 19
29 21
70 49
14 55
51 60
28 48
67 66
19 52
92 69
73 1
22 14
53 20
92 36
42 48
45 54
87 82
83 41
79 63
25 69
85 44
51 91
74 79
11 7
66 36
56 16
41 98
15 39
98 34
57 20
27 39
38 50
42 15
71 100
21 43
97 75
14 15
46 33
37 46
9 16
79 95
63 85
60 59
86 49
84 18
84 58
73 79
34 87
22 33
33 12
34 85
91 40
26 10
25 28
86 27
68 77
60 42
42 3
4 66
76 3
100 49
98 24
16 74
81 96
78 74
94 60
18 16
6 81
16 84
71 96
51 17
87 83
38 78
67 36
100 23
83 48
2 43
98 8
47 7
60 21
76 18
80 100
87 22
38 76
51 33
52 9
33 19
87 7
83 33
58 1
99 42
78 73
16 32
12 16
89 53
80 91
75 39
8 61
84 22
46 89
65 67
94 26
76 37
57 93
22 64
60 2
26 7
98 28
99 95
18 22
8 70
54 73
80 86
27 46
61 22
71 84
42 75
17 81
30 63
50 95
42 16
80 10
87 10
39 84
17 19
63 77
78 88
87 8
48 32
69 87
55 27
92 8
47 82
98 87
52 43
87 56
59 57
45 87
59 65
78 70
17 39
88 49
55 23
84 77
59 89
52 55
82 99
82 26
82 94
65 33
1 3
48 4
41 42
66 7
30 87
22 27
21 10
63 38
7 46
55 6
77 25
16 75
90 91
87 39
40 85
17 91
22 78
20 76
40 21
70 96
67 56
36 78
37 80
28 14
30 62
53 76
23 35
92 98
46 17
75 54
18 65
24 99
91 92
13 82
5 99
64 61
59 56
67 4
91 89
48 91
74 12
60 35
1 13
96 74
88 61
49 22
84 99
59 8
68 81
10 66
6 12
78 93
72 50
12 37
55 82
90 4
7 58
51 73
34 62
86 32
63 87
10 56
31 99
100 18
13 25
91 63
88 8
50 47
74 49
97 81
59 90
77 98
63 12
48 62
62 28
87 67
81 34
83 45
11 86
9 82
70 65
90 6
19 16
27 49
34 92
38 24
100 61
47 3
63 90
26 39
76 95
50 79
15 60
29 65
98 21
26 70
100 32
6 95
63 24
52 57
47 91
59 6
57 51
9 18
50 2
37 41
50 77
4 54
25 83
58 44
60 17
3 43
62 97
78 33
70 67
100 82
70 51
41 86
68 14
85 66
30 44
61 18
58 90
88 12
3 38
69 10
33 48
4 29
38 98
38 80
38 99
100 62
85 39
11 2
96 17
25 45
56 6
40 86
57 19
48 55
54 10
29 37
94 70
26 14
38 57
75 52
38 61
45 97
68 79
26 48
38 27
90 48
74 89
52 27
33 75
22 28
37 89
92 43
72 70
25 47
4 8
5 68
41 73
12 92
49 98
6 21
26 40
77 42
99 76
81 2
87 26
16 45
63 25
1 95
6 77
90 40
92 52
91 31
50 33
17 21
94 42
49 10
82 29
69 13
99 6
57 60
51 31
90 82
59 64
49 94
41 88
59 58
86 81
58 34
5 48
83 4
11 76
25 76
43 5
7 14
52 4
31 98
34 30
57 100
65 32
9 97
76 63
65 60
11 31
31 8
59 49
35 99
71 88
71 82
22 40
65 61
70 81
69 46
25 99
42 4
80 99
33 89
34 41
75 70
15 67
2 19
29 53
9 70
45 44
58 14
58 95
73 100
13 57
25 70
55 26
11 41
62 88
21 75
3 82
73 18
86 60
72 46
75 15
33 79
62 60
59 3
35 89
26 90
57 28
71 74
72 39
96 8
6 35
24 9
93 9
26 5
58 92
59 92
69 20
98 74
50 98
16 63
94 35
87 73
81 7
57 10
37 66
90 38
9 69
7 100
20 5
27 91
42 29
81 53
87 37
36 14
23 71
73 95
74 40
96 35
85 15
70 95
10 67
72 16
73 86
30 43
46 8
17 32
67 17
98 37
18 20
87 66
75 100
26 25
16 68
71 12
84 37
14 19
77 81
48 80
3 100
55 3
12 49
24 30
37 57
94 14
87 11
56 77
79 22
93 80
47 32
15 87
28 32
46 83
79 38
8 55
82 5
50 49
57 69
79 96
85 89
36 13
62 31
98 9
98 73
36 59
28 4
2 4
91 52
44 15
23 72
12 77
33 24
9 36
25 89
73 72
43 11
96 43
12 96
17 94
43 29
35 24
78 63
5 97
37 21
49 97
12 62
27 7
44 32
76 4
49 60
22 44
63 92
3 62
58 15
95 87
93 76
89 1
76 66
99 8
100 56
46 42
57 21
31 20
37 10
24 96
11 66
36 57
24 4
60 29
57 41
88 92
91 46
18 68
96 45
54 1
84 40
80 50
5 69
25 31
80 36
88 27
69 80
41 45
32 88
99 9
3 79
42 56
6 51
72 49
93 43
30 20
85 88
11 9
26 52
89 8
99 94
33 38
92 66
80 79
36 64
11 30
63 89
23 29
62 64
4 92
47 14
95 43
61 39
95 39
50 41
98 68
24 61
25 96
6 41
15 1
28 9
11 95
69 91
8 22
89 84
74 70
56 73
50 74
19 4
9 45
51 88
64 70
25 20
67 57
76 58
72 64
87 62
65 42
93 51
1 55
55 80
19 15
89 75
62 54
25 54
71 66
90 43
67 89
83 28
66 83
19 18
95 44
53 86
66 31
69 68
96 2
60 52
78 90
65 75
93 38
58 51
57 14
87 21
34 19
2 58
30 50
78 49
24 78
23 19
17 20
60 33
74 69
19 12
66 57
78 41
81 59
58 50
11 1
58 93
9 47
69 7
89 80
58 45
13 83
94 54
2 57
35 90
73 5
80 46
21 53
57 27
64 13
36 56
3 64
9 22
7 52
56 78
57 63
38 9
34 29
37 92
30 88
21 94
30 72
29 27
38 62
23 12
24 70
100 93
17 41
73 75
27 68
70 5
60 18
21 90
2 31
67 95
24 52
22 59
16 5
87 25
66 70
80 95
95 64
36 100
80 90
76 54
76 2
32 66
75 37
10 89
53 5
11 56
74 10
49 75
18 79
52 93
8 66
28 2
53 98
89 14
51 59
59 88
32 3
45 92
58 47
19 86
37 72
88 73
51 98
94 15
39 94
12 31
54 17
48 16
84 82
42 37
44 62
46 87
9 35
17 9
38 92
20 34
53 79
90 46
27 32
75 92
70 32
79 37
22 26
9 42
23 17
1 22
60 27
76 50
38 72
77 70
20 48
3 8
58 29
39 68
62 20
39 40
23 40
76 84
1 10
79 56
44 89
48 99
51 77
6 37
30 25
17 77
41 100
24 57
25 44
22 82
57 65
19 71
8 50
52 49
23 66
97 95
23 90
96 36
62 45
7 79
49 13
97 79
98 48
21 30
90 33
23 43
70 62
75 2
60 30
93 67
50 22
54 27
67 37
5 62
12 18
44 64
62 91
66 65
29 77
61 20
26 78
52 47
48 77
87 97
23 38
4 65
1 53
48 97
96 61
86 3
20 68
16 92
72 63
32 94
71 60
49 51
40 48
78 96
29 48
13 12
96 84
7 39
68 10
75 90
79 82
70 50
50 99
13 96
2 87
39 6
50 75
65 44
49 83
23 34
36 12
85 51
92 86
6 8
15 27
75 1
97 11
36 44
77 43
77 8
14 91
99 13
88 56
86 67
26 58
83 94
11 64
81 25
98 5
37 64
67 53
88 84
73 33
25 68
90 89
84 51
60 72
44 11
85 92
100 4
88 29
95 54
86 100
92 31
64 9
78 80
87 38
22 53
63 99
5 2
86 13
24 95
56 63
6 13
77 82
43 75
15 96
60 66
94 2
93 1
21 38
32 15
27 35
42 33
37 85
50 15
11 48
37 82
64 88
65 51
94 27
8 56
70 33
17 57
24 18
72 99
58 18
96 42
63 59
78 84
14 52
6 38
66 68
44 5
69 39
23 52
72 89
25 93
36 95
68 12
8 73
9 67
70 22
54 52
96 27
8 36
99 18
78 72
48 17
100 81
62 55
55 98
6 16
74 9
44 98
77 18
24 12
81 49
14 40
29 11
79 89
82 97
33 49
22 17
3 91
30 9
4 53
50 71
71 57
85 52
68 30
28 68
38 52
56 64
45 55
93 94
27 53
14 74
37 9
30 82
18 71
47 70
59 41
76 14
8 35
29 35
60 84
32 20
97 16
64 2
27 62
33 67
2 93
70 11
64 24
94 66
87 1
8 79
95 61
57 53
37 2
85 83
84 14
93 46
8 69
7 78
58 83
100 94
84 94
28 89
44 31
42 90
67 96
12 3
23 8
11 91
43 6
18 14
95 19
56 50
69 6
33 2
29 81
76 80
55 93
62 92
55 74
67 60
90 64
12 1
79 40
37 78
28 93
6 58
23 46
26 99
73 52
83 88
7 89
7 45
82 88
36 42
98 36
73 46
96 57
100 11
30 18
2 63
67 18
5 33
72 44
46 81
10 100
51 48
65 63
54 55
10 62
95 31
35 62
35 2
88 47
75 82
93 8
86 78
48 3
13 50
28 61
10 72
11 40
73 90
3 72
45 28
58 21
71 59
89 86
75 20
32 21
94 4
36 24
43 64
61 98
36 18
50 53
9 81
81 51
17 31
29 59
2 15
98 63
44 21
23 98
68 71
40 7
15 68
16 17
25 51
99 85
45 1
94 55
36 7
53 48
16 82
19 85
78 83
10 59
99 14
4 25
84 29
56 75
37 48
36 37
73 34
56 20
56 80
91 36
85 1
99 70
60 96
30 99
100 22
52 72
80 9
24 16
97 6
6 60
66 75
60 41
95 100
67 71
15 46
87 49
20 23
87 29
14 46
45 89
81 44
45 12
75 8
29 16
59 21
86 63
29 32
66 17
62 77
66 59
58 68
15 81
12 93
89 97
52 51
1 88
59 91
43 20
59 28
2 78
77 53
45 88
5 14
82 39
29 54
78 35
86 74
54 19
67 45
1 70
14 21
55 100
12 32
5 71
52 18
65 49
56 76
3 74
16 52
15 4
51 43
88 43
40 61
59 7
85 47
68 85
1 74
47 46
14 90
95 17
4 6
12 56
7 28
34 40
64 84
67 55
29 79
44 53
21 26
97 77
82 4
76 96
96 7
23 77
68 37
93 98
53 6
65 90
61 86
32 83
57 6
48 19
71 85
73 58
3 11
10 79
50 55
21 96
35 30
50 11
38 4
35 32
32 72
38 77
69 38
21 100
50 20
91 54
30 49
97 100
16 46
100 68
76 44
96 72
87 17
23 60
99 41
49 55
90 61
15 45
42 18
86 51
43 87
40 66
36 54
100 87
74 36
98 26
14 95
70 46
78 19
8 44
43 55
52 64
22 37
37 100
11 27
39 78
15 9
41 18
86 71
83 70
47 21
67 40
19 67
76 35
60 79
31 1
96 59
67 43
45 18
47 16
41 47
30 45
56 40
37 44
86 75
33 32
37 51
32 58
25 80
54 70
84 24
99 7
4 35
34 46
43 31
67 59
46 59
40 36
6 31
82 83
79 24
3 33
71 31
87 23
70 93
39 22
30 53
96 94
4 55
35 51
77 1
55 88
28 73
91 96
50 46
18 39
51 97
36 10
17 29
48 35
15 100
37 30
64 98
43 81
85 25
73 13
67 52
17 71
78 79
40 2
96 68
84 54
30 51
39 90
32 24
99 49
41 13
2 1
38 35
5 1
75 77
3 49
34 96
17 97
100 88
80 97
59 73
67 61
49 76
6 74
44 79
68 92
67 38
68 60
42 26
3 51
62 51
22 31
14 85
61 79
15 95
99 32
38 70
96 98
20 39
7 20
7 35
91 58
84 7
95 75
37 56
61 6
78 13
80 24
95 35
73 16
99 98
62 14
23 28
3 87
73 60
63 54
71 1
73 97
49 93
83 95
18 98
18 2
27 67
49 37
23 73
42 52
32 53
28 13
77 60
88 44
24 87
23 27
22 86
45 66
47 54
89 5
71 7
71 39
70 36
38 36
61 70
2 86
72 42
31 29
81 80
8 84
96 54
24 19
5 17
28 91
76 17
60 43
89 42
21 64
33 45
3 7
25 98
98 56
48 59
24 34
34 9
82 51
75 19
22 24
92 25
2 80
49 14
78 21
61 87
90 68
14 96
29 7
30 92
96 40
58 71
70 34
44 1
27 36
3 9
91 94
69 81
73 48
56 31
68 21
36 20
94 44
15 59
61 78
67 13
37 26
25 75
29 47
3 30
58 99
5 81
31 3
51 15
26 92
92 17
49 67
1 24
89 68
31 53
29 63
31 63
90 86
93 54
26 88
93 90
5 85
49 85
36 3
36 77
91 85
54 80
59 82
29 49
44 4
43 53
74 97
85 12
33 98
61 99
8 78
83 73
77 94
62 50
57 64
14 4
60 11
80 51
64 86
6 78
50 48
94 57
8 33
73 94
72 41
91 50
93 30
12 22
74 37
9 58
91 32
16 41
1 34
54 18
47 28
95 62
44 57
51 46
59 25
60 98
25 10
88 91
35 81
14 39
82 93
60 92
56 4
75 41
35 72
2 45
33 77
15 66
89 95
34 82
27 72
89 62
65 15
91 55
50 96
50 84
51 64
44 92
11 83
67 48
80 68
29 90
38 97
22 93
14 37
42 86
37 59
67 39
25 36
60 40
82 56
42 87
42 39
83 92
81 40
48 7
47 31
68 95
19 39
28 96
62 6
78 92
27 77
43 57
61 10
81 30
60 34
28 10
17 80
54 11
14 17
30 70
4 30
38 31
14 64
78 75
98 85
87 57
75 53
58 74
72 57
27 93
24 89
69 93
17 4
73 53
35 36
33 30
47 35
33 37
39 36
95 5
26 73
16 76
56 48
68 32
10 58
65 92
72 4
6 85
22 3
28 38
33 93
85 65
8 9
85 36
96 5
3 27
63 11
38 73
17 24
34 100
69 61
70 87
24 11
12 100
2 61
78 14
44 50
29 40
94 8
32 77
32 23
10 18
41 67
14 93
25 9
20 82
62 69
13 100
54 39
29 9
29 91
63 23
15 33
83 93
30 40
58 49
34 57
35 64
23 84
67 7
16 88
27 2
86 97
8 85
9 53
90 17
10 82
58 37
39 34
99 79
92 95
100 33
28 77
75 47
1 33
37 39
14 73
15 79
55 29
67 54
44 80
55 51
55 84
13 8
16 27
71 21
10 50
93 87
65 83
20 71
48 23
5 80
88 15
57 81
50 34
18 13
96 23
94 90
63 49
56 25
8 74
41 9
93 10
64 27
92 51
69 45
48 66
17 62
62 66
14 87
25 41
88 69
31 100
94 46
74 66
40 42
54 40
9 1
28 90
42 83
77 11
36 87
38 47
13 79
19 82
84 9
99 59
86 47
52 39
3 2
64 87
83 69
34 13
10 73
88 10
50 68
65 23
61 52
17 2
9 68
17 59
21 35
33 61
36 5
44 26
33 99
2 85
1 23
66 79
47 96
27 85
11 6
57 39
81 11
1 38
24 6
81 47
99 65
5 84
14 88
11 57
41 52
27 47
93 48
100 9
6 7
92 35
41 5
5 15
30 79
30 13
56 90
46 31
52 98
27 28
23 92
92 73
44 16
64 45
29 96
98 75
98 3
91 10
58 80
24 66
52 3
70 88
23 80
29 100
91 35
26 28
64 73
23 21
60 89
43 83
96 46
18 95
64 41
44 3
1 51
77 90
21 7
83 39
77 99
58 100
35 98
55 37
18 94
93 20
4 27
37 38
80 7
20 9
69 30
14 1
6 32
47 8
55 38
63 82
10 42
40 51
49 9
1 8
38 75
29 52
49 21
82 2
43 74
94 64
73 9
13 76
13 80
30 75
29 74
69 33
38 53
56 5
97 63
76 30
35 18
85 26
1 80
70 27
12 86
50 61
76 6
85 7
69 1
32 73
4 71
28 71
81 20
10 70
16 36
87 31
22 80
69 78
62 71
41 20
18 78
60 16
86 68
33 88
12 95
20 92
10 92
59 78
23 18
51 24
71 94
67 94
65 25
3 18
81 27
8 12
98 58
56 74
84 21
6 50
34 25
81 12
40 5
95 33
60 69
91 23
82 66
32 30
67 72
88 50
86 31
77 65
5 22
3 66
18 32
15 23
33 68
10 53
2 67
35 84
83 75
3 81
65 94
53 80
30 36
5 55
74 93
28 66
98 71
62 74
47 42
54 48
86 17
73 22
46 5
95 32
94 72
73 68
13 87
81 1
18 43
93 19
4 51
13 3
22 72
53 72
68 34
98 81
85 61
95 65
40 92
66 69
91 57
43 86
53 90
89 64
24 82
38 46
25 5
70 45
14 54
16 35
20 79
76 28
37 96
17 34
31 96
49 1
95 21
27 42
88 48
24 93
21 24
41 33
7 24
81 31
73 49
31 18
53 28
90 2
79 25
27 44
85 35
22 43
20 42
55 57
8 53
16 55
49 11
58 19
39 99
85 100
6 89
92 57
82 65
62 56
14 60
33 86
52 62
45 47
63 32
19 81
13 43
34 16
55 2
41 69
64 8
97 25
28 1
37 23
78 17
83 96
12 11
21 27
79 75
21 67
29 1
54 58
81 28
85 74
48 89
21 11
72 20
22 52
55 13
53 17
14 44
38 11
27 30
98 91
68 24
17 83
58 33
64 29
16 3
13 48
4 12
21 25
19 90
47 89
62 13
61 13
96 19
6 96
89 29
94 74
38 30
63 27
42 58
93 17
85 32
70 29
74 19
54 32
68 2
41 15
53 45
45 19
75 26
55 83
4 69
26 69
23 78
99 96
52 34
97 30
22 90
97 83
43 98
54 66
52 79
15 31
73 55
62 93
48 65
69 11
19 25
38 17
6 2
47 43
16 100
43 97
34 56
15 20
81 45
70 90
28 60
65 16
44 24
72 98
62 76
61 49
25 12
71 65
37 60
21 55
48 38
79 71
92 5
13 10
60 87
1 60
31 50
86 55
90 41
59 93
18 90
44 69
89 31
41 28
42 79
27 92
7 8
54 50
52 21
83 71
19 88
98 100
50 69
41 77
81 76
74 92
16 83
46 25
82 92
30 74
67 92
20 80
88 36
4 88
35 12
62 9
20 83
33 56
58 30
28 44
37 52
61 92
39 97
88 93
54 83
41 23
92 70
65 91
13 21
80 57
69 70
88 63
52 33
49 79
55 68
1 48
62 83
57 88
81 50
19 59
29 12
15 26
75 24
21 92
42 78
62 58
30 19
33 23
71 45
83 36
26 13
55 47
28 31
77 67
14 65
55 28
49 24
32 97
89 38
43 44
22 91
72 82
79 81
29 24
26 4
46 95
100 45
76 94
8 52
30 7
3 15
70 80
78 44
67 90
98 12
100 27
16 85
74 11
50 4
1 83
24 81
35 80
66 96
99 91
49 64
95 30
63 42
10 98
28 18
72 15
48 34
63 69
94 92
73 63
84 90
48 63
51 29
59 76
59 86
65 80
76 61
28 3
96 30
100 91
98 19
12 73
51 72
42 57
29 38
17 42
36 6
71 90
85 90
22 96
90 66
59 47
2 54
72 91
50 86
89 56
84 1
21 31
2 42
14 80
10 81
36 19
10 85
54 21
50 37
99 67
87 76
36 61
20 14
55 78
5 10
27 48
23 69
77 5
75 12
38 7
10 46
67 85
86 20
90 15
54 85
31 49
