100 4392
71 57
99 39
54 77
56 27
4 87
27 15
83 8
17 33
77 44
44 4
48 82
22 36
73 55
75 52
24 75
75 63
1 77
95 85
37 65
82 96
11 24
66 29
54 18
97 33
2 84
34 96
18 100
70 33
78 48
70 93
18 59
99 46
75 38
43 30
1 25
47 30
18 95
23 56
5 91
53 77
73 30
61 2
30 59
31 63
45 23
83 95
57 14
40 53
89 53
7 24
80 73
63 43
53 96
1 27
3 11
68 1
2 39
51 52
27 44
98 64
74 23
56 65
4 46
2 34
57 63
26 78
97 62
31 32
68 90
47 7
29 45
69 57
16 18
67 78
43 98
42 74
54 23
94 3
26 81
87 65
7 94
76 77
37 79
19 36
72 31
40 38
81 9
80 9
19 40
23 47
45 22
84 58
31 52
30 3
5 74
30 6
69 81
21 18
51 90
26 33
24 14
25 69
11 50
14 10
63 30
5 20
27 55
79 12
64 7
90 53
63 45
39 91
15 97
29 9
16 85
90 38
59 10
78 65
85 62
86 38
54 33
13 45
2 78
2 11
13 71
30 51
61 76
70 22
25 55
42 33
34 9
14 40
92 60
62 3
17 81
92 68
42 91
44 100
1 20
55 9
52 70
26 73
44 22
44 13
52 83
33 52
47 64
83 38
14 80
74 52
25 82
95 55
39 28
69 15
15 46
22 54
80 5
3 45
68 80
43 49
42 43
10 60
56 57
2 37
72 32
64 96
31 53
46 10
90 96
97 81
79 73
94 71
79 78
45 59
36 63
60 42
5 66
13 90
70 87
20 29
76 36
88 15
21 33
74 77
12 34
98 93
68 66
3 36
15 2
50 53
92 86
7 30
85 13
42 45
98 71
19 22
6 10
71 32
36 82
25 37
70 28
82 3
38 95
17 3
81 84
19 83
62 1
59 68
10 52
13 57
1 69
59 97
24 29
64 38
51 96
61 34
1 60
56 88
13 93
91 93
44 25
6 47
79 17
33 92
72 51
59 88
90 79
8 67
12 63
24 87
43 84
81 66
76 81
78 44
84 17
55 71
90 24
36 8
49 67
90 82
63 53
67 25
10 76
65 43
67 33
54 45
19 69
24 42
86 53
92 57
3 67
80 20
47 91
20 88
1 5
87 35
19 49
56 40
49 81
85 55
78 58
32 99
46 53
22 20
39 44
39 27
74 93
48 51
11 27
94 79
84 23
89 52
47 27
88 75
79 10
59 27
74 92
11 52
97 21
25 91
9 47
63 89
32 7
52 43
68 42
81 65
65 9
4 63
68 15
25 89
46 43
58 62
47 93
8 19
61 44
65 70
82 80
3 1
42 17
46 14
12 17
71 5
81 60
17 16
39 12
6 63
59 58
64 57
43 71
24 39
14 55
81 45
53 30
24 12
6 34
65 96
81 52
96 42
43 88
18 70
19 82
87 94
91 53
74 82
66 39
6 50
57 5
24 88
13 11
76 7
61 82
37 64
77 12
28 97
51 98
2 85
45 73
50 63
6 13
42 27
45 50
83 49
27 71
53 98
5 52
71 62
70 97
39 42
99 18
92 50
48 17
7 68
9 58
87 42
81 24
28 88
15 85
39 25
6 73
98 55
17 76
55 66
32 37
69 82
25 96
89 67
91 88
66 50
91 71
77 57
12 47
37 66
54 88
30 93
12 97
65 62
41 19
70 58
68 81
71 50
85 90
44 98
54 6
84 57
59 2
76 66
58 34
71 74
85 25
63 13
91 63
51 63
49 39
60 3
84 78
37 78
68 55
41 43
47 46
52 47
20 69
39 92
34 33
3 14
68 62
70 13
69 63
65 98
39 23
56 69
65 6
24 77
3 31
37 81
46 18
42 89
20 90
35 93
99 38
63 86
13 47
72 41
16 70
64 83
60 79
19 89
36 53
9 68
28 12
1 76
55 51
67 38
96 47
38 55
88 69
43 82
46 75
40 11
97 67
19 3
54 62
58 7
50 42
3 66
83 45
14 47
45 68
99 48
45 12
87 56
65 33
51 75
75 41
8 56
35 30
27 51
32 64
50 76
94 42
97 69
67 79
65 67
69 72
13 15
66 32
35 76
11 58
36 71
19 61
47 20
35 98
27 32
98 17
24 60
43 20
40 31
9 45
85 63
94 8
95 71
6 39
18 6
70 1
46 41
70 64
88 1
68 97
34 16
29 3
76 28
10 49
77 40
15 83
50 20
86 47
46 58
26 28
64 80
59 70
68 30
38 45
82 72
11 77
96 15
48 70
5 59
4 90
16 82
44 71
56 22
22 72
95 6
60 89
25 60
23 87
85 54
17 86
51 82
12 83
22 30
20 34
32 29
83 44
21 51
33 79
88 95
68 47
35 14
93 60
19 100
15 18
37 12
12 54
46 22
47 58
67 68
29 8
57 51
37 48
55 99
18 79
89 50
10 75
49 27
55 31
38 32
6 92
9 54
34 47
5 31
73 99
21 95
25 97
88 18
85 10
100 27
22 99
95 99
73 91
78 38
21 64
22 21
51 60
93 65
42 69
94 33
75 98
9 51
12 18
64 22
63 26
7 66
84 10
39 1
3 41
42 28
48 11
87 3
22 35
2 9
26 64
39 22
89 51
4 41
34 92
30 39
9 79
64 72
81 33
9 97
26 62
60 69
51 79
96 75
81 25
90 6
38 54
13 64
53 69
50 41
50 56
2 22
85 88
70 74
2 50
72 39
25 65
15 8
98 19
83 7
33 5
87 2
62 96
37 10
73 66
92 75
44 31
57 16
62 30
63 16
73 40
83 28
22 80
68 25
7 9
57 54
21 52
37 55
26 35
94 50
53 51
10 13
49 4
37 76
65 90
4 85
20 8
54 46
12 62
73 64
59 26
73 3
82 73
85 44
92 96
32 76
79 72
60 84
73 100
72 7
51 83
48 25
55 63
11 45
8 86
19 50
21 49
52 66
16 24
35 51
58 79
80 28
27 77
58 30
17 95
95 75
64 88
11 38
77 7
13 86
52 87
28 17
8 80
78 76
83 58
29 56
10 56
21 100
70 60
60 47
65 20
56 83
71 14
54 74
3 97
17 29
62 80
51 26
93 55
13 51
29 78
27 94
64 87
44 89
17 54
7 3
64 91
93 78
89 23
28 9
97 46
15 29
25 36
93 26
37 22
89 10
81 44
29 69
50 74
6 48
52 30
70 25
63 47
43 66
27 35
69 86
14 51
53 55
54 53
51 67
22 40
58 77
95 15
73 63
15 76
42 12
72 76
97 4
61 62
93 4
100 33
87 15
75 8
40 84
27 99
98 100
92 41
8 18
62 19
42 37
94 64
31 29
80 26
30 14
59 25
98 94
41 28
27 34
35 62
18 32
26 49
88 96
44 17
39 98
17 2
29 61
35 50
98 76
84 25
9 53
79 93
52 69
33 22
78 33
13 14
19 80
3 59
79 54
7 49
46 11
48 33
32 51
83 68
38 85
69 78
98 1
17 19
82 92
65 54
5 9
3 40
25 57
91 65
69 76
68 61
23 27
73 29
44 28
75 40
40 51
94 75
54 96
83 72
45 87
27 8
36 81
41 40
88 60
82 2
54 36
98 18
44 15
72 19
63 20
27 5
47 97
1 50
21 60
58 21
77 92
52 60
70 39
86 65
3 63
1 59
79 24
24 96
36 72
63 83
6 21
48 29
51 47
93 31
16 37
16 31
84 6
29 40
17 1
9 21
60 59
11 53
20 53
71 79
53 65
23 88
57 44
10 74
43 75
15 20
81 11
99 29
3 84
50 99
28 100
100 23
36 74
81 67
87 29
44 46
22 74
66 47
31 10
87 34
21 54
81 6
19 68
42 8
30 61
59 39
48 91
69 33
72 55
50 79
20 7
30 82
39 17
79 32
90 74
17 24
83 85
62 44
43 37
70 20
5 72
56 80
84 35
65 11
65 8
87 51
55 45
74 17
19 85
86 100
23 1
77 80
74 35
80 47
67 12
49 84
56 60
73 78
46 79
88 61
97 58
58 66
71 45
11 54
96 31
17 69
3 90
79 13
55 47
41 56
7 44
18 68
3 12
85 60
93 15
33 82
36 52
60 20
74 98
83 42
93 71
37 31
17 49
54 93
63 60
72 4
8 1
39 32
58 13
75 93
30 46
94 31
95 81
3 78
100 46
90 1
54 30
26 21
15 25
22 29
57 65
86 95
53 18
84 92
46 19
41 13
33 3
52 2
58 65
79 96
45 32
40 24
86 89
37 6
95 31
51 65
78 68
58 85
40 46
74 57
38 39
63 92
39 4
2 33
11 31
66 11
46 80
45 48
4 38
91 78
12 49
34 76
55 24
10 86
68 85
53 71
42 49
41 5
4 45
45 7
88 98
70 55
60 55
18 69
75 77
95 42
1 67
89 16
12 6
96 7
74 40
63 24
89 75
31 50
48 13
98 27
32 97
18 64
4 94
62 72
73 21
99 20
25 52
96 38
16 20
12 57
16 55
27 84
21 75
28 18
61 81
27 45
57 22
19 33
79 1
41 47
53 29
73 4
87 86
78 21
6 42
6 71
54 31
44 74
26 19
79 81
87 93
19 42
5 2
82 78
19 14
90 28
88 80
22 17
48 31
62 89
14 2
28 68
46 83
23 8
98 16
15 72
97 37
77 41
43 50
97 55
100 70
21 74
46 32
45 53
81 2
94 12
42 40
56 31
79 39
93 76
62 9
10 15
24 21
63 39
61 16
19 59
58 89
19 13
42 10
35 48
48 84
7 50
96 43
88 87
47 74
20 72
46 59
66 20
86 51
12 15
90 40
82 49
34 26
53 72
64 6
22 10
79 3
77 63
6 76
68 91
83 90
68 65
11 96
82 66
84 59
33 89
89 55
11 59
49 70
47 69
90 75
39 62
88 14
56 28
19 15
35 64
100 37
68 36
21 30
99 7
96 48
46 66
45 67
95 30
3 4
49 59
36 62
70 90
49 97
95 80
24 10
65 77
85 82
88 21
92 99
73 14
66 89
62 41
99 26
73 23
69 85
84 18
63 23
2 72
65 13
20 58
97 24
88 38
91 100
45 89
56 52
82 98
38 100
97 17
69 92
82 86
62 32
60 23
45 2
79 82
73 88
37 53
42 4
4 66
88 70
86 80
95 10
91 54
35 8
68 94
86 55
71 76
42 58
87 73
26 42
72 21
54 4
34 37
54 5
23 49
31 91
96 93
38 43
56 81
16 28
36 79
37 57
66 59
98 97
93 28
54 60
1 7
31 71
12 90
70 85
26 75
64 93
95 11
42 97
91 33
35 97
25 21
46 26
26 79
26 69
7 27
78 100
12 55
71 85
19 31
15 57
91 21
77 56
2 64
65 40
58 60
34 85
7 42
53 4
74 78
77 52
50 32
18 27
94 99
6 80
64 99
11 86
42 23
87 53
4 75
87 27
9 30
65 3
6 61
85 89
16 11
98 86
73 81
7 79
33 51
52 20
26 44
80 38
91 44
95 82
14 25
39 43
43 78
72 14
29 34
9 46
39 58
39 3
1 26
89 97
62 48
30 13
25 54
26 10
76 88
64 69
70 53
100 17
12 65
71 19
42 14
20 49
3 74
36 2
74 26
1 97
61 89
26 36
47 98
79 62
39 18
58 8
6 4
48 75
66 18
29 95
48 32
56 13
78 71
55 76
72 97
56 6
29 64
4 40
11 35
27 86
37 94
38 46
15 53
83 41
74 72
60 50
48 61
31 98
87 69
78 40
41 30
45 30
82 28
49 57
35 33
81 83
24 18
11 10
56 72
16 58
27 16
88 65
39 53
2 48
43 11
19 21
55 78
38 33
79 23
63 54
92 49
19 25
80 3
90 89
19 34
32 17
8 30
90 72
79 91
53 14
99 60
32 81
82 11
18 38
10 27
21 81
54 52
46 98
26 7
13 29
51 43
18 61
69 90
82 1
10 77
82 70
12 48
14 37
78 19
69 10
87 92
75 13
57 90
56 2
98 13
52 73
41 7
79 75
11 22
98 37
22 89
83 22
20 96
32 85
85 91
10 20
11 71
89 26
68 50
75 42
55 10
56 32
80 91
16 87
55 3
10 67
22 32
1 33
55 15
25 99
78 12
38 50
22 41
89 69
94 91
77 31
85 49
38 44
33 76
72 30
99 16
5 58
74 9
2 65
72 23
35 18
73 41
32 73
17 27
33 96
90 99
60 29
94 82
72 95
52 82
55 41
71 69
35 71
83 59
92 45
92 78
99 91
9 67
100 83
64 49
55 61
9 19
31 65
80 89
38 2
93 82
12 20
21 77
6 83
71 1
27 31
18 89
17 46
20 18
32 23
93 53
22 43
85 92
100 82
47 42
52 28
34 10
81 38
8 9
84 34
71 83
22 58
4 89
95 14
1 47
9 18
6 17
75 22
99 47
67 53
48 66
52 15
52 71
15 38
92 11
27 58
58 17
58 100
26 2
24 47
85 59
32 30
40 35
39 14
59 13
52 53
33 28
22 98
100 45
90 49
26 30
24 78
84 22
27 25
17 55
39 80
94 30
88 74
14 44
66 63
98 25
72 80
25 77
17 94
40 83
36 87
50 90
52 29
87 40
87 13
24 61
44 95
26 97
3 50
84 50
74 97
7 21
2 44
75 23
18 1
9 33
93 42
2 79
20 68
74 73
84 30
29 50
38 13
61 85
29 71
24 31
50 100
85 52
11 6
58 95
13 83
97 90
88 83
99 62
96 60
29 89
20 13
20 95
27 26
63 76
76 29
48 85
36 69
64 43
93 5
60 82
35 72
58 55
4 82
31 59
48 43
45 75
42 54
42 67
16 90
54 92
32 89
20 64
39 20
58 4
69 93
16 83
35 67
20 51
57 17
86 26
1 55
58 19
30 55
72 86
83 80
52 57
55 19
15 37
36 30
47 90
58 41
74 56
87 77
83 23
19 73
80 10
93 99
60 66
52 42
57 79
7 63
90 25
88 8
57 21
49 61
94 74
22 76
41 70
33 43
32 75
67 74
73 68
47 72
47 59
52 92
89 99
87 38
76 84
64 25
59 91
45 86
31 62
86 68
44 1
13 43
62 78
22 67
61 27
29 55
8 72
24 19
8 90
39 83
73 65
5 94
91 6
25 18
14 77
11 70
66 2
35 55
78 17
61 65
8 5
43 69
89 71
74 89
96 50
9 98
67 24
56 55
50 70
61 51
50 75
87 39
45 91
84 88
31 7
2 23
85 47
74 51
63 2
95 1
20 94
31 60
74 37
69 83
42 51
71 82
57 93
61 96
93 52
65 94
88 86
79 16
70 30
79 66
57 83
80 33
4 69
72 68
50 36
43 15
59 98
38 8
94 16
78 77
20 28
27 6
18 14
12 13
88 40
40 25
93 46
67 16
13 78
45 8
90 59
96 57
16 93
2 54
10 65
63 94
3 24
29 65
10 73
8 12
63 32
84 82
58 94
20 23
10 82
42 85
43 26
39 33
30 71
75 5
19 76
26 58
78 4
93 83
37 4
18 40
75 71
88 82
56 39
26 9
81 82
57 91
34 89
62 73
67 83
83 75
21 98
24 43
18 2
94 39
5 67
75 25
76 14
7 88
2 94
72 40
3 28
94 69
80 45
80 78
44 29
39 82
51 45
78 59
9 57
93 14
20 3
17 92
21 1
100 25
69 98
49 15
35 83
17 87
44 60
46 48
38 93
68 79
71 3
23 64
58 82
65 28
75 70
21 94
62 83
13 73
2 30
83 61
2 25
63 28
10 78
83 91
37 52
8 64
28 99
94 59
58 36
8 25
100 10
45 84
24 70
65 60
5 53
58 48
56 96
37 72
39 31
3 49
95 50
1 83
79 64
35 49
9 25
29 92
49 100
49 30
49 77
4 25
15 80
62 93
65 16
95 96
72 57
49 29
1 19
19 32
89 20
75 15
51 8
36 17
31 64
55 87
64 39
53 100
35 6
40 93
80 41
7 81
100 4
12 99
84 33
84 37
68 48
65 55
59 81
38 89
79 77
68 11
6 41
19 10
64 3
30 64
54 1
33 68
45 62
67 75
39 96
19 16
82 14
58 92
50 77
1 65
45 36
51 97
63 19
47 48
95 69
86 1
44 48
90 66
72 54
95 46
18 93
87 100
63 25
15 89
42 76
88 79
79 31
85 57
31 86
44 72
27 79
2 99
72 88
36 31
24 9
29 63
26 22
37 9
61 66
92 72
7 28
64 44
4 67
7 18
8 61
86 29
41 76
81 98
3 5
49 94
63 18
98 63
100 11
66 95
24 83
46 24
5 96
63 56
26 52
36 89
2 53
26 24
27 41
90 35
19 39
52 41
38 97
48 100
82 44
34 66
42 38
78 56
86 24
100 26
28 47
48 26
54 20
46 87
20 21
89 98
63 88
87 10
66 6
87 30
90 64
23 24
71 25
55 33
20 46
81 22
35 9
83 96
96 58
83 82
99 65
34 78
1 41
95 61
99 35
57 88
71 66
59 38
11 89
34 56
65 47
69 7
73 90
36 91
38 49
57 31
33 86
49 44
66 56
16 95
92 14
40 85
3 43
45 24
91 86
51 24
29 39
6 70
16 81
99 19
42 36
73 16
11 76
71 16
67 64
8 24
73 39
30 76
87 62
71 88
45 31
17 53
35 79
45 58
93 68
70 35
63 10
55 84
53 81
25 32
89 82
70 51
15 41
45 97
70 46
39 97
6 97
76 20
51 84
14 65
39 74
74 28
77 36
11 74
9 83
92 66
12 88
41 42
5 85
15 7
52 24
70 17
28 13
86 28
23 30
28 67
56 25
83 36
72 33
77 71
3 75
20 42
36 15
38 57
18 33
68 74
99 56
74 66
97 13
84 64
1 38
1 32
35 78
93 95
59 7
81 8
59 43
13 89
79 34
42 35
9 76
24 36
20 78
52 97
87 33
40 98
48 86
54 8
8 100
61 97
69 2
92 13
52 98
97 96
92 31
49 62
71 68
99 68
13 40
48 30
16 60
67 39
85 18
71 24
79 21
43 58
37 86
46 51
37 58
33 77
70 99
67 17
1 42
47 33
25 79
66 96
35 28
49 32
92 89
77 89
57 59
10 64
5 4
19 37
23 18
11 41
25 38
38 35
94 56
26 8
90 17
59 21
51 92
25 53
82 55
9 90
48 53
49 46
91 51
80 32
49 24
44 45
16 32
94 90
69 99
79 61
44 24
19 60
95 37
98 57
60 18
26 57
25 76
34 71
39 75
19 81
27 93
43 56
63 100
91 37
61 58
82 62
25 31
55 8
41 38
81 78
66 85
29 96
91 22
28 45
95 3
37 50
72 93
100 85
72 77
88 92
96 81
16 91
95 65
10 61
99 52
18 86
90 45
11 8
70 83
47 45
89 30
86 57
80 85
27 81
24 35
25 20
56 7
12 64
83 11
8 28
3 81
84 11
70 67
16 68
2 62
53 38
17 47
81 72
46 72
64 85
22 12
16 76
67 98
20 37
95 5
50 87
30 75
9 69
18 90
43 55
51 12
32 11
39 100
4 26
97 10
37 33
85 46
40 44
65 15
23 51
17 72
56 37
61 12
9 48
94 35
83 50
87 5
32 84
13 82
56 36
37 17
24 99
61 31
80 24
79 80
84 86
38 91
4 81
14 20
21 61
48 93
33 75
38 28
98 4
27 52
71 81
89 35
35 53
22 48
74 38
92 73
90 93
42 32
41 10
89 64
66 22
32 67
63 11
73 53
61 52
45 1
10 28
86 74
62 43
68 23
49 73
68 53
23 90
34 17
38 51
18 37
5 24
49 2
1 6
52 44
96 55
63 78
55 54
9 41
9 15
62 11
90 98
28 29
99 80
91 76
97 64
8 43
79 48
17 41
63 48
32 41
90 100
88 39
20 11
35 12
22 38
25 46
67 23
29 27
62 14
6 82
25 17
60 22
89 12
5 65
46 96
82 5
40 43
28 34
6 79
42 78
17 8
42 13
62 84
65 22
96 72
53 66
52 96
82 54
90 43
46 62
59 67
69 50
66 57
28 19
46 78
94 92
56 82
59 79
67 100
75 31
16 15
32 26
49 95
20 97
94 10
35 85
75 72
54 76
38 26
44 34
80 71
5 77
56 47
26 45
3 34
85 22
18 26
42 56
30 66
25 47
3 70
72 28
68 13
60 38
34 81
40 81
27 74
94 1
80 35
91 56
55 34
33 73
88 19
87 83
67 27
8 89
7 36
14 34
26 53
37 93
41 57
89 96
99 10
71 37
55 32
4 1
24 13
89 93
7 51
21 83
58 40
29 77
52 8
91 18
22 59
49 6
11 57
62 66
44 94
99 98
52 55
50 73
9 11
90 86
77 82
49 74
54 100
3 37
17 38
100 80
28 69
100 72
90 80
21 93
47 31
3 89
73 2
43 54
64 5
84 67
86 83
65 39
67 93
5 88
1 16
52 14
70 42
81 10
43 57
77 45
73 18
38 30
80 1
22 93
79 38
37 59
25 50
6 96
88 34
95 43
30 77
61 4
13 74
72 9
55 100
99 4
77 98
23 69
75 59
100 35
44 76
32 77
38 69
68 87
94 70
91 19
49 88
76 85
48 40
40 6
30 19
43 5
90 88
49 34
36 80
60 74
25 88
5 35
74 79
53 19
80 44
80 87
75 57
29 6
7 54
100 34
91 20
36 57
67 85
27 83
8 70
61 99
93 1
54 49
65 27
21 46
93 100
87 85
36 12
85 73
11 69
8 32
23 13
76 99
42 57
24 93
53 6
39 48
85 81
94 62
71 100
95 33
36 60
20 84
33 41
95 22
75 78
32 86
51 19
41 69
75 54
67 48
12 19
33 27
87 7
69 70
16 41
55 83
1 89
94 34
82 67
74 4
85 12
85 84
51 58
46 1
40 97
52 16
19 27
21 17
7 38
89 57
55 90
83 78
83 31
66 64
38 98
1 52
59 87
67 88
20 85
91 74
98 84
47 32
64 58
1 61
79 52
34 22
49 40
43 100
26 47
50 5
24 32
93 33
12 44
72 98
5 40
21 65
35 63
48 95
18 65
9 77
75 2
23 43
96 84
81 41
93 61
49 56
37 39
53 10
79 47
37 99
37 85
92 20
55 69
81 91
22 73
85 50
99 85
43 35
12 75
98 68
74 25
3 58
45 21
74 14
78 51
74 84
73 51
88 58
7 6
50 27
60 28
63 59
26 20
74 76
59 99
16 3
28 4
73 43
68 12
36 65
93 36
96 3
68 82
76 24
96 1
97 16
58 80
48 21
65 74
36 18
100 76
6 78
99 45
40 59
71 10
36 27
40 12
66 25
80 37
8 60
23 44
38 73
31 23
68 88
33 88
36 85
6 57
59 9
60 32
49 78
69 31
85 1
76 2
20 57
31 22
95 73
47 38
62 98
67 30
41 25
9 17
29 16
95 77
90 95
62 76
30 16
85 77
59 8
55 48
47 35
99 49
100 2
34 15
19 67
23 46
14 99
61 60
94 9
25 29
71 73
34 4
54 28
56 4
78 64
55 81
77 61
32 53
97 75
42 72
99 36
20 31
4 13
71 58
26 37
23 37
6 93
9 27
11 80
81 88
70 2
53 95
83 54
23 22
16 64
45 76
53 47
59 80
21 82
60 34
55 2
84 47
28 89
86 20
47 54
1 34
8 91
29 90
5 45
23 96
56 85
1 56
17 71
57 8
96 10
14 85
15 50
35 68
24 66
59 76
17 64
61 47
9 92
31 9
73 7
67 62
30 5
5 84
88 6
5 21
86 30
62 24
12 1
13 80
24 48
12 27
9 91
17 68
99 84
21 12
51 80
10 91
33 59
50 86
33 15
97 57
50 44
49 98
80 60
15 5
50 12
4 12
27 46
48 23
32 65
88 99
6 3
44 51
12 53
13 34
33 14
75 16
43 80
31 67
81 1
69 22
41 14
78 98
38 58
94 53
28 55
12 30
54 34
34 21
62 5
87 82
70 79
44 16
85 75
93 23
26 67
60 49
26 29
64 48
76 46
24 27
78 72
7 89
27 20
33 11
64 27
35 36
95 60
80 53
9 3
83 48
32 14
87 31
60 15
18 17
62 86
92 61
17 51
25 51
81 74
65 23
72 67
93 7
47 2
8 7
92 35
9 43
47 81
10 5
31 1
65 92
23 80
61 20
10 88
93 39
94 45
41 94
5 16
19 48
54 15
69 91
66 77
29 2
84 29
10 62
6 38
12 43
60 45
99 75
97 84
46 65
59 74
30 78
44 54
96 2
46 74
86 64
20 71
51 88
96 37
24 68
71 59
81 43
44 65
59 28
24 50
78 94
72 61
7 19
55 57
67 99
11 97
50 54
54 56
37 41
16 53
67 55
91 12
26 12
69 73
52 95
64 65
29 94
47 62
82 46
85 79
5 68
1 40
80 63
36 14
56 24
47 15
1 53
61 91
75 7
73 58
29 67
91 32
72 34
86 40
8 77
82 76
52 6
73 97
87 11
22 87
4 83
16 25
68 27
21 15
28 48
1 10
75 11
82 41
30 81
19 87
2 7
82 35
96 94
74 31
63 52
54 29
2 46
97 87
40 9
10 50
84 21
32 6
72 18
43 45
93 97
92 24
57 62
41 29
49 69
35 32
84 63
24 20
64 62
94 52
31 81
30 99
9 42
8 84
18 43
92 59
33 30
44 73
7 92
59 51
20 41
53 49
17 77
80 93
84 24
56 76
95 74
36 46
65 84
74 16
33 58
90 21
49 22
57 61
35 2
43 85
84 39
41 65
8 31
85 31
4 86
40 55
74 2
46 69
4 24
19 66
70 61
37 28
88 97
80 94
5 63
6 15
95 51
40 39
20 75
14 58
47 8
22 86
45 93
95 62
79 84
29 47
27 78
11 21
43 47
84 70
4 62
64 41
15 28
76 65
9 85
10 54
36 43
99 87
28 73
68 21
89 88
95 87
41 39
21 41
23 92
35 3
61 17
41 68
70 43
22 100
25 33
76 18
24 94
73 93
60 53
63 21
100 74
79 29
12 86
20 36
72 94
58 1
59 72
39 50
99 42
2 80
94 19
95 2
47 82
88 29
32 9
19 95
25 26
16 96
78 50
92 71
95 9
87 84
66 99
46 73
30 65
71 70
89 79
100 15
56 100
86 99
57 80
72 6
37 21
34 39
28 40
7 62
79 22
97 53
63 1
2 21
48 38
92 53
97 80
82 50
44 79
96 69
17 62
21 27
25 3
77 3
74 61
50 14
10 3
91 89
29 97
38 70
73 83
22 25
57 33
76 3
10 7
46 68
37 92
36 28
61 41
81 29
91 1
15 94
52 39
100 3
28 95
49 71
51 99
65 42
64 82
11 29
2 83
39 47
4 91
64 50
50 17
53 33
4 70
84 72
84 9
16 56
69 58
63 33
100 88
7 82
5 37
77 81
5 6
9 50
90 48
47 73
66 10
17 40
51 28
67 40
83 30
75 82
27 72
63 97
61 75
47 70
78 39
22 92
3 57
78 9
45 39
37 70
75 27
44 84
50 80
78 47
75 60
70 62
13 72
11 15
85 86
88 32
32 93
14 49
77 28
79 65
11 61
49 33
86 2
96 63
52 58
53 99
86 42
40 50
44 86
79 83
95 91
31 6
78 99
79 95
62 55
51 68
49 72
4 43
42 77
89 84
34 48
49 76
91 67
12 59
70 12
36 29
44 21
42 15
34 70
68 52
21 28
64 100
40 91
98 11
43 44
34 51
17 10
3 8
55 79
61 7
54 58
18 58
20 81
53 78
46 13
25 62
64 24
93 77
97 7
88 17
34 43
1 9
94 85
14 16
32 100
5 14
7 16
29 68
42 55
66 100
67 80
34 24
1 14
38 72
51 62
49 87
79 4
21 76
10 39
8 41
23 6
55 21
42 90
34 75
59 61
20 45
70 95
13 69
87 57
5 90
24 33
77 86
17 66
91 11
43 92
79 92
33 99
93 19
34 64
87 25
93 92
50 26
60 37
9 93
48 4
31 43
92 91
60 30
74 12
8 39
68 40
25 58
58 90
22 55
62 8
56 19
94 25
13 66
8 82
1 75
9 87
88 52
95 76
100 75
67 69
74 19
38 62
20 56
57 95
44 32
50 49
6 94
94 76
68 49
3 51
28 2
71 33
85 72
97 44
4 47
41 99
83 92
76 8
17 73
19 97
59 89
87 8
52 9
75 65
98 3
69 16
4 27
20 73
56 92
27 30
70 91
90 67
38 82
35 73
86 78
12 72
41 96
37 61
74 32
96 68
3 91
85 96
87 74
50 62
56 15
1 30
11 12
28 58
9 49
51 6
30 96
51 11
29 23
45 25
57 10
65 26
87 14
99 83
3 22
20 2
100 6
58 81
72 16
28 66
43 67
91 55
15 45
59 86
20 38
34 83
21 31
43 6
92 8
61 25
41 86
88 93
62 75
1 73
89 39
42 63
8 74
48 3
84 69
8 13
68 22
68 54
53 76
50 33
33 7
13 37
99 82
39 85
66 21
86 23
10 21
45 78
9 60
47 21
37 73
2 27
46 6
26 83
16 47
45 98
30 50
87 58
57 82
68 69
47 22
100 13
12 38
69 5
3 69
22 15
88 47
6 98
56 30
90 10
92 5
3 99
13 1
74 48
94 81
6 69
26 72
34 74
76 12
53 58
1 37
94 57
21 23
59 69
9 100
71 21
17 63
48 49
61 45
99 5
69 61
9 66
7 74
33 44
12 69
14 90
60 5
39 69
91 23
71 72
76 68
67 18
30 15
97 50
53 82
13 91
95 94
94 61
38 9
16 43
87 75
14 21
6 28
90 44
25 24
62 34
91 29
23 26
40 76
55 74
29 83
4 80
22 18
79 30
88 42
8 49
18 29
80 70
34 90
91 14
64 74
73 12
51 64
18 48
69 27
82 32
57 100
62 90
56 21
88 26
83 43
45 49
19 5
39 13
48 8
89 21
74 85
31 17
83 5
23 85
62 52
87 60
26 40
99 17
51 69
70 40
83 65
66 51
87 66
39 35
53 84
57 27
5 17
63 40
40 99
32 52
92 2
78 90
49 1
61 78
12 7
71 8
31 12
71 41
25 43
7 37
88 44
26 68
83 76
93 58
27 91
35 46
91 15
12 2
63 82
67 44
80 31
7 95
10 33
60 94
76 80
66 33
59 4
14 86
88 46
45 74
28 81
25 30
1 57
58 35
99 63
63 46
42 66
91 17
3 85
20 4
75 76
18 45
71 87
62 33
23 11
9 82
10 40
63 41
41 74
67 20
95 56
82 12
2 41
98 28
1 72
75 28
49 18
98 29
83 77
42 84
44 37
84 12
81 14
52 91
13 55
45 17
89 65
42 29
68 75
36 21
26 17
15 48
77 90
7 84
21 62
98 83
9 61
71 54
36 10
85 21
1 74
58 10
8 37
4 2
20 62
41 53
4 17
18 62
80 65
98 24
22 28
69 62
92 38
24 69
4 32
31 28
13 49
95 36
18 92
57 19
19 79
81 62
81 50
34 82
42 46
91 84
36 66
45 95
73 9
77 99
61 43
34 65
68 89
20 9
11 67
64 60
93 85
7 40
80 42
74 24
4 18
96 44
19 65
58 23
85 98
35 45
56 79
99 79
63 14
41 23
11 36
11 88
4 88
73 72
5 29
69 8
50 46
76 51
96 22
76 43
93 94
66 1
89 94
38 24
53 64
52 67
93 34
32 12
86 49
3 83
62 60
19 52
22 27
8 79
31 68
41 89
32 43
63 9
55 46
94 22
28 32
63 22
79 98
33 20
44 70
28 79
57 28
58 86
77 34
38 68
83 14
80 34
3 44
21 13
8 34
74 62
58 12
49 96
81 89
99 9
75 69
55 80
72 50
27 70
98 48
68 77
26 3
65 38
53 43
6 36
23 15
40 64
55 50
66 44
75 19
33 85
61 54
11 79
41 85
78 7
94 77
62 77
63 61
17 75
79 53
33 31
5 76
15 77
48 72
18 57
5 38
30 88
1 48
26 77
49 36
11 28
10 68
91 7
69 79
75 91
95 34
60 17
27 88
18 96
36 13
91 97
3 93
89 100
91 90
17 93
61 14
91 24
50 28
44 11
71 60
36 75
83 94
14 7
66 40
89 48
23 12
33 40
16 36
49 80
84 95
87 48
25 42
36 34
51 10
75 55
8 97
37 82
75 6
71 65
55 4
81 54
66 23
42 98
40 8
22 8
72 91
51 37
80 74
24 72
98 73
88 2
23 38
38 21
66 31
10 18
95 92
22 77
6 55
55 88
74 33
44 56
62 15
11 1
54 41
78 97
69 80
16 77
70 98
22 51
76 92
98 14
8 68
17 82
62 16
68 63
11 30
50 22
40 100
77 91
12 100
41 34
20 79
58 98
7 34
76 96
18 80
10 25
73 67
37 46
97 23
37 75
39 51
12 80
85 6
99 8
83 97
6 8
88 41
20 87
74 69
52 50
80 48
86 25
69 44
43 1
43 68
10 35
20 100
39 55
6 59
40 45
5 42
62 91
13 7
79 45
84 46
48 69
61 3
36 59
67 6
31 88
28 71
18 97
70 96
6 24
43 2
20 35
10 9
85 27
88 9
65 69
53 27
62 63
1 51
51 100
97 86
22 90
78 87
10 93
47 10
10 43
10 98
63 71
5 34
59 23
14 79
86 9
8 21
42 21
75 49
4 22
77 6
21 16
47 76
22 97
28 96
61 35
72 60
98 50
93 20
85 24
30 74
18 3
43 99
22 6
94 47
4 50
92 100
67 50
86 36
34 73
14 29
2 90
89 78
2 16
53 62
74 75
41 45
36 37
45 14
52 65
44 36
57 99
27 48
3 86
41 100
24 41
55 18
17 65
40 21
25 11
30 91
33 8
100 24
74 29
31 30
100 29
37 68
29 38
14 31
47 100
35 13
92 16
45 69
27 3
65 72
25 28
35 21
95 23
46 61
1 28
42 3
71 42
21 70
59 41
54 24
2 57
5 22
99 11
15 3
3 13
63 90
42 61
47 11
67 13
11 17
89 54
77 39
88 50
23 98
20 30
11 19
89 70
40 23
100 79
36 23
1 22
84 13
23 99
92 47
76 87
10 12
28 64
35 37
30 29
66 45
59 73
75 53
25 73
43 97
39 86
13 99
78 22
33 60
55 36
8 85
23 62
3 54
17 14
40 80
58 31
59 14
35 23
24 89
96 99
60 91
4 23
98 66
3 68
91 66
95 25
74 63
16 59
72 63
47 5
84 80
48 77
59 56
16 22
7 25
29 57
62 100
36 38
47 18
77 20
51 18
76 89
34 59
54 99
52 34
4 19
53 13
58 68
63 58
2 6
94 84
53 85
23 28
21 39
15 79
81 99
4 8
54 14
10 32
46 31
95 59
78 23
28 84
6 68
70 73
42 92
40 27
7 65
51 16
61 73
63 27
14 28
71 99
62 22
47 75
59 15
49 52
75 84
32 90
72 11
24 65
82 29
30 28
14 68
33 56
9 96
92 15
14 8
73 84
45 88
81 92
40 15
71 23
30 98
50 65
69 35
87 44
44 92
19 2
30 85
66 93
7 39
30 90
25 23
89 14
30 18
36 96
86 43
60 83
75 56
69 14
13 25
58 91
100 31
3 92
87 61
90 26
86 7
40 62
39 9
15 74
9 70
38 10
51 29
7 29
11 18
23 10
21 50
92 62
43 93
99 97
36 4
73 75
56 45
32 20
59 17
93 51
9 4
57 7
4 21
87 54
62 29
16 6
96 21
40 69
13 50
75 29
5 36
29 33
62 88
68 34
91 28
71 15
40 79
61 28
19 6
64 59
9 23
54 32
81 63
1 29
46 89
37 47
37 24
56 58
61 13
57 76
62 6
25 34
49 66
93 8
1 92
71 47
49 91
56 89
19 47
93 86
83 18
17 35
24 57
1 87
70 63
69 54
91 98
97 48
74 6
29 35
92 32
66 54
28 5
100 68
69 30
91 35
35 4
32 58
23 94
85 11
98 80
42 53
51 4
42 81
73 11
4 64
21 80
89 2
61 50
22 9
21 53
79 97
71 96
12 87
49 55
89 87
41 31
7 11
29 59
31 49
22 88
7 43
84 90
2 40
68 60
42 100
41 49
53 7
85 17
60 43
70 10
30 42
64 54
11 94
99 34
16 45
34 45
75 64
30 100
73 27
46 81
21 87
49 11
28 92
74 99
43 21
27 38
33 4
13 2
32 69
59 52
36 88
88 77
50 91
44 5
26 70
37 49
13 33
70 32
72 3
17 43
15 98
20 19
19 43
15 66
33 45
36 47
14 56
74 96
91 87
40 47
92 10
94 54
23 82
3 46
63 79
60 76
69 34
32 78
5 81
89 40
23 50
32 13
31 73
77 19
55 23
37 29
11 34
13 27
87 67
21 92
50 18
77 43
42 48
72 25
57 81
22 71
10 44
13 95
30 57
73 8
21 67
37 62
34 53
88 13
54 27
4 14
53 74
70 68
21 3
11 64
60 77
60 2
82 40
83 25
75 18
48 73
19 96
66 88
71 26
29 12
46 45
50 8
34 31
100 36
89 47
40 32
42 44
34 30
68 2
50 34
34 91
60 39
37 63
8 78
38 63
84 100
63 8
36 1
99 44
83 20
70 45
29 21
91 43
27 28
2 24
48 88
55 64
3 2
27 60
60 6
93 50
97 30
44 59
3 32
56 48
66 94
13 9
86 6
37 83
32 59
50 48
42 82
97 85
89 43
8 98
57 68
5 89
16 10
23 53
2 31
16 9
24 58
98 26
10 29
95 63
71 7
1 15
22 82
87 96
75 81
14 11
85 7
66 72
30 37
35 7
90 71
100 65
2 8
53 56
3 53
87 32
1 64
24 28
92 48
82 26
74 20
87 18
41 79
85 26
33 61
89 9
37 89
90 33
12 46
25 12
98 20
6 99
74 58
93 41
95 54
39 11
79 49
14 96
83 53
2 32
65 35
41 95
92 55
96 91
32 83
11 93
67 47
24 1
84 26
47 50
59 100
45 96
33 32
10 30
59 54
100 81
49 51
8 53
92 36
22 24
28 62
87 98
27 80
37 40
27 95
90 46
58 29
22 42
31 15
50 51
3 56
7 60
31 76
97 71
60 14
88 3
5 55
87 72
65 49
76 79
72 29
36 9
1 99
82 24
58 44
42 59
49 93
68 56
57 45
26 87
52 45
13 62
88 37
84 38
5 7
28 87
59 35
85 65
7 4
99 72
27 82
67 63
18 74
63 49
52 76
76 27
43 28
55 7
96 17
8 95
45 37
13 17
58 75
46 52
81 87
73 42
44 8
8 10
61 5
62 59
15 99
44 41
56 61
71 2
98 33
33 46
77 37
83 84
92 19
27 14
77 47
38 3
43 27
19 44
94 43
77 55
58 50
37 67
73 15
92 27
16 49
50 59
66 27
49 89
99 21
25 49
68 64
93 25
16 40
85 29
63 93
77 59
35 1
30 40
60 57
68 95
64 81
21 86
93 29
70 29
37 54
11 78
66 35
6 58
78 85
87 43
47 3
16 8
88 94
44 30
90 15
2 1
52 17
39 76
57 53
25 92
61 90
87 63
46 86
56 71
34 42
55 11
100 69
25 35
79 43
57 58
90 81
70 23
6 89
44 35
37 69
37 27
12 93
6 25
72 58
48 20
6 20
88 16
30 80
58 76
68 44
93 84
34 57
19 45
18 44
