100 4416
9 60
31 11
20 35
20 70
57 33
39 83
61 4
54 19
86 83
43 65
1 39
96 30
63 57
10 54
87 17
97 5
28 19
72 66
48 55
5 2
71 2
15 28
79 32
24 54
95 14
87 30
58 35
15 38
100 57
32 70
16 75
37 19
63 95
10 70
40 68
1 49
16 55
23 39
65 80
56 55
69 29
81 65
30 26
68 19
96 100
88 30
38 37
47 99
28 53
56 16
71 47
30 69
63 30
14 93
7 25
35 74
45 9
18 93
90 5
50 16
26 39
47 46
3 75
62 56
10 21
88 45
21 70
96 68
52 79
24 52
77 87
40 6
60 85
65 51
53 42
23 18
1 35
49 67
76 28
41 27
26 28
58 76
73 96
89 12
45 94
26 57
37 55
10 2
65 49
99 96
58 74
96 29
33 95
69 85
53 85
65 99
85 74
49 13
82 64
54 99
78 87
63 43
29 76
19 20
86 82
98 45
67 41
93 9
48 30
90 65
88 35
1 64
47 6
88 93
49 19
58 87
28 86
80 18
5 87
71 41
88 91
88 47
4 29
2 67
55 72
22 48
96 90
45 64
96 60
66 48
22 73
86 89
74 31
78 73
77 100
29 95
34 11
78 41
32 78
21 40
64 11
53 48
96 8
95 65
33 32
15 13
82 29
39 86
1 93
65 91
39 14
89 24
94 31
97 18
67 68
38 97
66 55
82 43
27 30
83 59
25 11
43 96
65 79
8 85
32 90
61 88
100 82
29 13
3 89
16 52
40 12
85 10
43 25
100 33
57 25
5 32
69 86
42 36
10 96
42 63
31 45
30 24
20 61
41 57
23 28
1 94
94 91
50 23
42 18
61 99
56 47
71 95
30 16
40 64
47 58
6 87
97 17
36 32
60 86
76 89
38 17
81 57
43 61
92 14
68 72
37 54
91 33
72 7
41 74
92 29
71 29
66 19
53 88
25 49
98 100
73 4
88 50
40 66
31 90
8 80
85 21
58 19
77 81
49 39
78 37
17 41
97 23
83 95
3 74
69 61
4 52
27 54
94 82
18 13
44 59
38 58
64 91
31 61
25 53
99 73
35 51
82 46
41 15
17 12
69 47
41 35
73 63
85 46
57 60
22 27
62 80
46 2
11 24
30 43
18 29
1 2
88 10
93 86
78 75
39 63
79 83
27 78
6 53
63 21
9 77
55 64
83 29
31 34
69 87
86 53
65 54
18 32
63 78
16 59
8 49
56 54
1 42
38 2
71 46
10 57
28 42
84 93
59 94
22 9
11 99
72 79
37 23
28 68
77 82
18 36
12 33
35 43
32 53
43 49
59 54
55 34
88 60
59 14
17 98
73 31
79 61
66 68
3 86
24 14
95 34
72 32
74 4
2 45
31 5
94 76
47 10
6 55
2 69
80 47
73 88
50 22
10 98
59 76
9 87
88 49
64 72
30 89
63 45
3 78
33 73
95 23
97 91
80 44
69 56
84 69
63 6
58 65
4 65
64 6
3 9
82 57
51 57
61 58
93 72
1 98
10 1
94 34
43 66
19 78
16 80
47 1
12 53
50 36
99 55
24 65
10 63
77 15
52 91
59 47
56 81
45 34
17 61
27 89
4 97
97 7
8 78
58 24
92 77
74 92
63 36
63 13
8 87
74 83
71 98
58 41
88 99
70 51
66 81
59 10
3 87
57 9
28 98
4 92
74 39
52 18
44 26
95 15
44 79
8 41
58 45
10 40
9 95
55 78
46 55
54 63
25 5
18 21
12 47
6 19
5 93
82 99
1 22
76 49
62 36
85 70
35 61
58 29
33 48
32 81
99 63
12 41
40 28
19 44
69 33
83 69
81 79
59 33
40 59
76 31
70 9
49 60
75 84
61 78
14 17
50 71
64 34
49 46
43 1
1 61
79 59
20 2
27 80
53 69
29 12
59 3
47 84
77 24
4 94
25 6
51 64
54 52
74 90
43 24
71 9
33 6
23 51
67 19
78 18
83 32
88 22
9 44
59 48
56 44
13 68
34 36
17 85
93 73
31 65
84 86
9 28
71 89
22 64
79 71
76 82
36 57
62 26
74 7
91 37
18 10
43 45
6 75
18 96
88 65
39 80
94 48
79 6
9 97
62 31
73 3
45 96
27 25
64 100
40 50
50 4
24 96
55 87
32 50
57 58
84 62
38 80
29 66
54 42
94 88
30 74
58 83
83 87
51 91
41 75
8 73
70 73
86 4
9 11
69 93
9 65
88 86
100 63
45 35
30 56
88 41
54 40
28 73
93 64
9 18
22 47
57 68
75 56
79 1
53 80
37 77
86 95
80 55
83 48
67 53
2 22
3 97
15 56
58 28
46 96
8 51
5 16
97 70
58 34
10 42
1 52
39 31
73 9
95 53
49 53
78 14
49 29
34 22
60 65
34 17
5 61
96 76
44 42
42 98
86 62
7 86
36 56
39 15
93 38
82 61
73 89
26 95
48 85
20 8
21 15
93 60
84 14
92 84
34 9
28 70
29 94
50 61
74 15
11 54
74 70
86 25
98 89
4 96
62 13
20 45
97 63
11 73
48 100
4 59
57 71
64 86
75 98
81 40
43 5
64 43
18 90
50 7
57 38
71 90
52 58
65 69
97 27
18 12
37 44
5 6
84 88
14 6
50 53
96 63
16 2
99 48
22 65
82 28
57 1
40 51
94 49
66 20
82 72
47 68
19 84
60 32
28 60
40 92
67 28
78 99
7 19
84 82
48 20
56 61
5 79
24 69
30 60
36 76
82 7
89 35
73 26
36 33
63 59
51 52
72 5
24 33
68 15
22 21
51 98
9 83
20 72
60 29
84 28
91 28
5 96
69 13
100 37
32 7
18 49
64 27
83 10
15 18
59 66
52 53
92 9
77 71
50 73
64 96
34 56
48 77
96 36
5 88
31 77
56 41
10 62
52 78
87 90
52 44
99 49
27 85
37 33
79 74
26 97
91 47
93 16
36 26
83 22
62 22
14 19
82 69
48 29
57 16
41 26
38 70
76 88
62 59
36 71
57 74
87 19
74 45
1 26
63 47
93 63
35 62
27 53
34 54
44 97
82 96
81 58
45 77
22 25
92 95
48 10
54 26
4 48
64 53
85 82
69 88
77 46
72 48
29 36
9 38
5 52
66 80
81 14
27 74
9 15
99 17
52 57
30 51
30 45
20 89
99 13
9 14
49 17
45 86
72 52
24 2
78 49
66 18
43 39
53 3
6 97
11 39
36 84
85 13
42 70
52 60
96 25
37 15
60 11
83 78
84 4
65 6
78 11
93 40
10 27
45 67
6 95
64 20
37 58
38 77
46 8
29 63
99 69
13 46
73 44
29 65
78 17
77 34
91 81
58 82
71 74
2 65
32 21
20 36
88 1
55 13
16 46
12 45
67 76
4 81
94 86
16 18
81 87
75 62
58 56
54 45
53 74
45 39
47 42
13 76
82 8
16 17
98 26
38 42
74 77
79 26
5 89
79 93
49 96
35 79
54 4
40 85
54 51
95 5
30 44
92 38
52 37
100 72
94 21
73 86
86 37
5 63
92 94
96 62
65 36
12 15
2 60
93 43
76 53
69 90
30 47
3 96
6 9
69 49
75 97
62 32
61 72
35 5
11 2
11 1
27 79
47 93
77 17
6 30
16 9
27 48
4 2
34 16
67 12
46 9
13 91
42 56
96 35
72 45
28 33
31 50
65 42
2 51
43 52
49 20
75 71
37 48
6 31
72 95
16 89
77 16
37 83
23 6
45 83
76 74
58 18
53 35
34 18
93 71
39 94
8 30
42 5
21 76
57 86
28 35
36 43
68 25
91 67
50 85
99 18
51 85
78 51
95 49
1 27
53 63
39 18
66 82
24 53
70 94
31 58
90 59
17 40
4 28
66 87
90 20
16 87
16 54
81 2
74 11
54 61
40 96
58 96
35 93
7 68
78 6
22 14
36 16
37 14
56 22
75 15
5 74
83 36
3 15
97 66
94 75
1 46
89 22
56 45
23 25
57 54
72 19
64 36
27 51
8 27
75 42
73 21
74 1
78 62
31 46
20 65
96 13
88 17
28 61
98 99
17 81
46 34
65 85
83 72
6 15
14 83
13 94
19 8
19 39
53 83
49 57
78 86
62 42
82 63
29 90
42 89
15 86
96 79
65 72
69 25
72 16
40 7
5 27
97 71
71 85
37 70
47 62
21 58
61 93
19 18
15 40
50 67
36 31
13 60
100 68
98 18
61 25
11 18
49 34
11 65
35 3
15 24
47 61
82 34
58 9
55 59
63 88
83 97
94 97
76 7
23 16
52 22
87 15
91 1
8 17
46 20
66 94
65 92
72 36
50 90
41 20
23 94
67 29
71 51
50 25
33 50
22 49
25 30
80 1
48 61
16 66
100 23
23 26
47 33
54 28
72 54
81 50
96 81
37 34
88 2
46 25
83 62
53 9
67 81
52 93
55 86
100 59
43 10
3 16
32 54
69 96
76 77
16 92
30 4
10 50
55 57
35 10
38 6
65 40
12 46
21 99
58 11
81 12
85 11
35 13
16 97
20 63
83 27
57 4
71 83
85 54
11 51
78 29
58 51
11 59
89 81
92 70
48 75
89 99
64 30
82 13
8 11
2 42
87 47
90 10
18 56
9 75
11 72
4 24
86 96
1 62
14 15
84 34
89 57
12 78
90 43
35 67
17 71
33 96
80 37
7 96
97 87
32 51
89 91
95 4
3 85
65 63
4 27
22 63
17 47
25 2
38 28
88 68
9 68
42 43
87 85
94 80
7 60
32 69
21 100
52 17
33 2
22 43
68 34
4 69
68 65
46 52
9 56
45 66
33 81
31 26
99 32
25 52
81 6
59 70
56 86
26 88
47 37
51 93
77 8
98 69
86 20
40 2
1 69
23 98
89 40
5 46
28 80
68 1
100 5
100 86
14 86
39 38
81 49
15 69
85 44
11 16
27 98
28 72
74 63
12 72
47 49
38 82
8 55
3 95
33 11
83 91
99 1
100 15
78 39
78 92
39 84
51 90
16 67
4 19
27 93
69 48
58 73
26 94
37 31
5 13
21 57
9 51
17 44
24 72
23 88
3 61
61 98
73 32
73 87
56 26
30 49
65 17
41 68
28 10
99 84
73 66
52 95
6 69
99 22
26 60
85 30
75 54
5 22
22 11
44 46
7 93
75 99
59 72
19 64
51 74
13 31
42 49
17 57
78 84
86 77
27 13
70 69
54 8
31 54
18 75
12 7
9 5
46 14
74 87
44 99
28 78
7 15
2 58
78 44
8 42
47 14
80 5
80 52
7 9
21 23
51 55
100 58
33 77
4 47
54 5
76 87
6 1
86 22
88 70
79 37
87 86
86 9
46 56
65 41
47 50
43 27
62 64
32 2
2 30
80 67
8 25
13 40
9 10
74 42
96 14
71 68
77 36
10 58
74 96
52 90
79 95
65 100
12 71
60 97
53 91
89 19
34 27
70 58
80 81
16 48
23 2
4 46
86 76
10 86
31 88
32 43
85 99
39 28
40 67
44 92
58 68
43 50
11 3
40 82
42 46
40 43
84 94
1 44
44 69
55 75
85 31
3 91
86 8
72 43
59 56
90 36
11 38
73 42
86 90
39 56
56 68
89 45
98 92
35 40
1 54
66 78
7 18
46 58
71 70
38 100
53 89
21 9
25 33
51 61
52 65
62 71
2 56
40 95
45 84
27 99
91 50
25 12
37 73
94 87
78 47
4 77
28 90
3 12
80 17
24 62
36 13
42 52
87 46
96 66
33 74
87 92
91 61
6 54
99 24
55 82
17 18
84 77
66 85
93 75
7 29
20 5
27 24
83 30
98 35
57 94
45 33
31 100
59 7
51 25
69 60
38 55
83 43
17 9
46 98
31 72
78 95
13 53
50 28
5 56
25 45
73 72
72 97
100 43
36 28
59 58
85 94
59 2
54 77
79 53
26 89
67 62
16 98
58 15
51 77
63 87
85 72
7 36
85 98
14 98
95 12
36 27
74 50
66 57
18 61
55 95
62 57
12 34
89 77
85 55
4 75
65 19
12 23
87 1
46 48
74 16
70 87
69 77
58 7
76 3
58 67
100 94
34 29
19 27
32 93
22 93
53 20
39 36
52 100
34 69
84 56
31 1
49 21
66 64
44 43
98 25
50 48
79 33
68 21
15 49
72 39
43 9
45 49
65 59
100 9
12 73
65 98
82 32
32 47
49 97
90 78
51 75
49 11
35 32
67 9
31 51
67 55
90 48
7 75
2 57
39 65
15 70
58 44
15 16
4 64
42 61
49 55
4 79
29 39
32 86
69 94
8 32
68 10
86 40
19 81
42 32
20 74
83 75
11 50
60 12
67 34
95 59
20 83
48 62
79 87
69 16
66 83
80 82
14 49
88 52
64 81
93 29
98 22
42 81
87 35
72 15
15 29
83 76
47 41
68 82
68 48
52 49
9 94
17 1
67 90
48 13
79 88
20 59
96 41
21 83
82 10
87 4
11 45
36 22
86 51
40 52
86 36
82 91
4 68
41 9
58 13
42 59
18 91
5 78
64 2
38 86
94 72
73 25
94 27
42 17
7 4
6 89
16 7
27 59
28 92
38 98
3 43
31 83
10 36
87 42
56 67
81 71
80 68
19 69
14 76
51 83
56 27
27 60
84 68
29 11
52 13
88 59
57 19
88 90
34 85
51 20
12 48
50 5
19 50
57 37
28 79
14 8
3 6
3 77
54 84
39 66
37 94
73 74
18 67
63 27
99 29
45 17
38 19
74 68
46 43
37 25
33 88
26 22
5 85
39 41
93 92
86 63
2 49
51 45
84 38
16 43
92 11
1 33
98 30
46 57
34 87
52 66
17 75
20 43
30 33
24 84
67 78
90 2
40 49
98 68
34 10
35 90
72 27
93 13
18 28
31 86
66 67
44 31
90 6
81 92
41 72
65 66
47 45
91 4
3 51
42 19
78 96
37 59
46 60
6 84
100 45
64 65
17 58
73 100
33 42
24 87
91 80
41 98
16 73
21 11
46 3
21 77
48 21
75 76
18 37
94 10
97 52
57 13
38 66
51 48
93 57
40 45
41 50
3 70
96 51
67 14
39 52
20 10
42 41
54 71
45 27
59 31
62 6
31 3
97 34
94 54
36 53
47 70
31 69
66 33
69 72
94 77
99 15
36 23
40 99
90 68
11 7
8 24
86 26
15 51
51 5
53 100
74 69
13 71
19 63
71 15
34 80
57 8
83 98
79 66
33 16
61 63
54 90
96 2
51 1
40 60
57 73
40 72
35 7
30 86
86 81
72 29
14 16
47 83
31 19
51 4
21 45
62 63
91 86
36 98
45 48
62 89
84 98
37 64
35 100
27 35
71 69
8 64
20 18
32 74
67 37
57 95
85 88
38 41
42 88
95 87
60 84
7 94
36 52
97 100
47 67
45 97
88 46
49 54
22 31
51 42
93 78
65 86
12 100
12 90
60 50
97 55
9 42
92 100
63 66
12 39
3 7
60 47
6 52
55 94
44 100
45 10
15 84
28 27
70 14
1 25
44 4
10 31
37 12
85 32
71 63
84 70
92 56
88 83
46 68
50 99
6 42
71 4
6 29
37 35
77 52
34 76
8 63
65 61
6 37
9 89
93 50
13 20
22 68
37 90
48 15
53 87
31 40
3 83
53 17
28 63
51 28
92 10
67 1
93 24
85 6
9 81
21 88
8 39
6 39
47 52
82 87
75 40
18 40
7 89
92 12
92 3
16 76
97 1
91 73
24 41
56 73
73 23
93 37
53 22
45 1
92 67
99 62
35 49
55 41
70 4
30 36
52 69
11 44
31 42
61 96
13 44
65 48
84 16
6 68
61 9
26 45
55 7
55 3
80 100
19 82
66 51
65 71
92 83
41 69
42 14
10 13
83 23
37 3
12 54
94 38
26 42
48 96
92 32
15 36
52 71
3 49
56 4
28 89
10 5
48 28
18 68
7 80
30 46
10 52
91 48
81 51
40 53
23 54
87 23
2 78
66 91
11 81
4 15
26 93
36 17
58 78
11 68
81 39
86 21
31 97
3 79
21 27
21 71
5 3
13 3
81 99
40 33
66 36
47 3
31 23
66 49
71 35
55 21
90 11
16 28
94 63
38 29
75 95
9 69
73 64
12 42
82 60
9 82
8 81
63 60
55 81
76 64
65 37
63 52
45 70
92 22
81 35
28 24
23 67
95 77
95 73
45 19
13 17
42 95
65 7
28 57
94 14
80 50
18 92
72 57
68 78
60 83
40 20
96 67
71 86
73 90
77 85
97 58
86 23
14 2
68 70
78 56
39 96
42 64
100 76
96 53
10 69
86 54
66 89
43 11
24 98
2 80
9 29
3 33
90 97
88 39
21 17
69 54
23 65
54 89
2 89
7 81
1 50
10 11
55 18
95 27
47 18
45 42
56 65
37 42
62 27
41 6
68 63
46 79
46 75
60 71
31 79
67 70
23 72
37 5
95 64
72 70
56 40
87 13
50 63
49 26
84 74
6 17
39 77
100 88
20 80
45 57
84 11
66 2
93 81
82 98
59 78
35 47
66 3
62 88
37 2
80 60
55 92
91 11
49 91
2 70
95 100
14 63
42 22
12 66
51 16
26 81
4 17
16 100
5 62
45 50
19 85
5 12
14 80
93 12
71 31
10 95
90 82
18 4
25 74
87 2
46 64
32 45
23 7
78 72
22 54
70 61
7 45
51 63
84 65
60 43
100 3
22 8
88 66
52 35
8 93
65 94
52 33
60 8
89 78
58 39
59 89
63 41
68 14
24 9
81 10
19 15
79 41
61 87
68 43
86 34
98 70
20 17
20 42
28 2
44 57
84 8
74 29
85 96
4 13
60 89
29 56
84 57
97 19
22 6
42 27
90 60
37 29
73 97
92 91
67 88
25 24
90 46
76 85
7 73
36 79
39 10
87 49
61 100
97 61
94 51
76 45
100 2
72 75
69 51
3 52
46 59
93 56
42 48
64 83
53 38
5 26
79 73
87 14
96 95
82 22
27 9
78 16
70 78
89 33
75 58
33 38
97 32
95 56
25 92
67 3
50 58
27 81
13 38
20 23
5 30
13 39
51 72
17 25
52 56
91 85
40 37
40 61
21 13
91 63
16 83
54 30
98 96
51 6
16 37
45 53
16 39
11 55
41 86
55 9
46 7
3 80
30 32
1 78
57 31
6 20
90 62
21 7
85 42
87 41
88 80
41 80
24 36
9 98
25 70
2 17
43 69
15 63
2 48
94 46
46 26
41 53
77 66
13 70
45 71
65 28
24 1
94 41
27 57
60 53
30 94
64 26
97 29
15 2
75 67
80 84
41 7
89 47
82 52
59 5
16 95
38 48
25 60
46 66
41 33
44 23
82 73
4 31
77 41
61 55
84 17
52 81
57 18
15 46
48 89
19 92
28 46
65 14
48 60
47 66
52 48
93 77
4 93
31 55
79 25
7 78
7 69
89 75
65 21
84 41
84 5
100 11
81 24
2 47
35 46
84 83
74 36
30 78
51 47
96 83
90 99
65 25
88 36
85 37
85 95
32 49
2 82
36 93
70 19
33 5
48 67
12 24
7 44
7 30
37 71
37 41
55 10
28 52
77 79
28 71
66 32
89 31
97 86
40 16
79 84
1 71
40 78
17 94
29 10
38 75
8 5
22 10
2 91
97 76
31 75
29 22
22 39
24 19
51 84
3 44
27 16
85 45
50 72
90 4
70 12
39 46
3 8
85 90
100 67
93 46
13 45
23 8
26 78
13 12
86 12
64 32
45 82
13 75
45 62
1 18
51 95
23 80
85 29
53 18
95 89
89 90
45 46
37 60
12 1
82 20
16 12
12 68
97 36
37 22
83 54
11 52
54 74
11 62
1 13
44 81
63 25
4 49
24 51
49 44
17 32
57 29
34 81
29 88
49 71
100 17
83 40
37 32
3 38
87 28
15 57
30 81
8 69
77 32
87 31
20 3
41 13
83 99
21 62
32 61
44 66
24 35
12 59
44 18
68 44
19 55
83 33
45 6
72 26
45 75
65 33
49 64
58 99
58 94
35 17
76 71
34 59
15 34
41 99
57 70
15 10
58 72
8 83
89 79
92 96
30 23
42 66
23 52
80 35
34 62
10 32
29 20
24 38
72 62
96 38
58 80
64 38
81 3
73 5
7 28
91 57
43 94
10 87
84 1
15 31
41 45
47 24
24 78
4 88
70 11
88 44
8 59
5 57
36 94
93 66
36 78
73 24
73 48
61 30
70 26
29 8
11 80
96 34
92 49
20 88
6 98
92 88
41 93
71 88
14 36
1 32
91 98
22 19
88 58
65 97
26 3
98 60
47 28
55 28
28 56
65 55
24 74
35 11
80 95
12 50
9 88
15 44
42 100
26 35
70 6
45 73
45 5
60 64
69 78
51 33
8 43
95 70
56 64
19 93
93 83
73 98
68 99
61 52
14 45
52 9
40 39
76 6
21 69
60 62
20 69
100 6
41 10
22 78
74 19
84 66
66 60
55 69
59 71
92 17
4 12
78 91
74 10
92 90
97 8
95 18
96 31
88 89
19 53
62 23
75 23
81 69
56 43
48 44
79 47
91 34
86 27
33 80
31 84
27 40
86 99
59 52
60 74
57 99
58 40
88 72
18 69
49 28
23 61
39 30
63 40
65 32
51 44
95 22
98 37
52 30
71 23
41 92
74 52
17 48
66 76
15 82
72 47
55 70
25 93
38 83
48 18
18 81
96 54
47 54
18 94
96 71
44 24
79 67
25 10
93 48
40 47
75 53
30 59
5 1
32 3
98 21
27 76
40 57
70 65
74 59
43 7
48 5
80 9
21 67
52 73
98 87
93 65
52 76
10 66
86 50
82 1
25 78
78 81
28 62
11 61
97 51
98 3
2 12
47 76
32 96
8 6
98 39
90 40
7 39
74 48
31 32
66 4
84 58
75 68
68 26
54 93
35 97
80 12
64 12
72 74
34 74
79 16
14 56
53 99
55 53
14 74
72 35
90 47
29 73
90 91
4 89
81 100
28 14
12 62
41 64
20 24
59 98
31 9
12 82
68 85
95 35
66 21
26 10
57 11
91 74
48 98
87 71
12 61
28 8
21 95
14 77
51 68
14 32
54 17
26 66
58 8
50 24
47 27
75 14
42 69
60 6
22 91
68 61
83 63
81 41
91 54
89 13
41 46
58 90
84 46
62 91
46 36
87 100
80 13
81 73
56 38
20 73
57 7
32 19
61 6
28 83
5 55
72 87
35 29
66 75
59 73
18 33
62 41
93 17
79 94
37 66
19 33
18 63
82 50
8 16
35 19
27 52
58 36
98 64
3 18
8 88
95 91
88 34
62 40
81 84
94 98
48 82
53 15
63 32
74 89
77 28
88 48
91 36
59 21
69 95
20 71
2 98
93 59
86 43
73 17
66 56
51 38
63 75
50 49
21 38
82 31
5 4
20 68
35 78
64 50
3 65
61 64
64 97
49 72
88 6
100 51
67 36
54 39
17 15
82 95
100 99
20 79
38 73
24 49
75 59
25 15
99 77
65 89
7 6
14 88
83 68
39 69
40 5
76 12
59 99
27 73
100 85
66 90
44 67
39 21
56 51
62 39
82 41
85 86
44 36
42 40
9 37
96 27
3 99
1 89
77 72
86 16
28 99
36 12
89 92
15 94
32 22
30 10
52 50
74 21
20 96
51 34
32 40
75 21
29 44
42 91
52 34
7 95
54 92
83 12
55 89
64 10
50 66
49 79
19 2
24 64
65 82
21 46
85 12
35 60
97 74
71 39
45 28
4 36
78 4
76 5
45 91
21 90
99 67
60 79
39 92
40 55
85 63
19 46
67 57
90 80
78 9
79 12
3 45
88 27
7 17
53 94
46 23
57 59
22 61
7 49
3 17
58 66
11 69
68 77
97 22
96 22
17 43
79 69
81 13
17 69
80 76
5 7
55 52
36 59
12 94
56 7
73 80
77 56
27 20
40 48
87 96
84 59
4 83
87 22
46 17
3 63
2 44
86 46
2 95
46 76
49 62
3 10
84 13
25 82
57 20
5 28
7 77
79 17
65 34
18 54
73 34
73 40
61 16
25 94
95 20
89 69
49 12
91 70
14 44
68 36
59 13
39 100
76 42
74 43
57 92
65 16
53 57
31 70
92 85
41 28
91 79
29 23
2 3
90 79
100 4
11 86
100 78
19 36
97 79
24 82
73 49
30 79
53 23
97 80
15 20
53 34
16 70
49 77
100 18
84 40
3 54
41 11
99 60
8 91
43 31
25 35
65 53
86 1
80 51
35 8
26 59
70 30
36 38
77 75
51 49
48 32
98 43
17 86
56 12
45 23
68 91
29 87
28 96
2 99
96 44
13 19
81 22
94 24
81 28
29 68
18 86
19 60
39 44
49 33
18 73
47 48
66 86
75 74
66 14
72 1
85 83
40 70
85 56
98 4
28 37
36 1
68 3
82 21
56 83
41 66
32 57
37 99
98 11
62 9
15 52
92 51
79 62
35 73
26 80
95 17
29 3
55 98
61 49
24 45
68 32
75 96
54 87
92 63
30 21
9 99
16 13
54 98
94 73
74 8
87 12
50 95
81 53
13 98
12 11
72 9
38 18
29 21
89 41
85 41
78 80
81 46
4 63
28 97
80 40
64 33
34 38
6 46
8 89
71 91
81 1
16 68
43 75
55 100
57 12
82 81
9 49
46 80
11 13
83 81
52 12
71 25
46 70
92 45
10 16
67 54
68 49
22 79
90 24
93 15
50 96
56 20
97 30
28 88
31 60
74 65
78 15
80 75
37 76
74 100
64 7
47 19
66 53
97 41
56 89
75 52
18 79
70 7
24 95
86 79
5 47
40 30
9 33
97 2
82 27
15 54
47 13
87 18
95 45
53 78
20 50
32 27
94 52
57 79
30 80
86 61
69 80
67 84
14 100
65 46
56 48
19 90
95 32
57 77
73 10
24 48
40 9
29 41
55 23
27 6
97 37
61 7
1 20
13 22
29 14
68 76
50 98
99 6
67 61
29 61
7 10
83 89
5 99
90 83
7 85
31 81
84 55
36 9
70 23
60 15
77 59
85 57
8 92
43 54
2 93
51 89
67 13
15 88
82 56
20 87
79 82
25 19
58 4
19 51
33 21
39 95
30 95
3 72
25 3
23 96
29 47
89 63
59 81
70 44
10 65
76 30
69 28
21 54
91 35
50 100
64 88
43 95
91 41
20 55
3 40
8 66
96 17
56 10
63 24
67 4
61 46
46 40
85 79
97 24
20 25
71 24
32 59
66 31
63 70
2 54
69 23
13 6
37 43
28 95
39 73
74 62
79 54
63 49
94 61
8 100
11 15
62 65
10 97
71 67
14 55
67 17
68 52
14 48
45 36
19 30
25 62
91 93
18 50
50 70
34 4
71 8
21 56
5 36
75 28
44 61
65 12
74 98
59 38
6 80
34 48
66 99
93 23
57 80
83 35
72 42
67 38
78 21
90 3
52 92
44 45
33 27
39 59
83 65
1 58
52 64
94 28
80 42
44 75
55 26
34 13
94 22
59 51
74 95
64 47
90 26
60 42
27 58
49 70
95 93
74 13
4 38
25 67
91 23
89 37
59 22
19 41
62 3
48 92
90 72
2 72
30 17
54 73
84 100
22 66
8 38
95 84
80 72
89 87
25 4
38 65
88 56
22 69
36 54
67 5
55 58
48 81
33 72
19 95
31 92
38 45
77 29
26 71
40 79
53 4
26 50
8 4
6 58
30 35
20 11
21 44
19 52
14 82
21 4
87 65
80 92
83 34
96 37
46 78
6 83
14 41
45 79
20 52
68 39
98 20
21 3
67 15
21 34
64 78
62 73
47 34
67 11
38 54
94 95
75 90
78 76
1 40
6 96
27 69
17 60
23 9
65 15
48 6
52 32
60 67
37 13
90 98
40 24
81 5
48 23
7 88
35 64
21 41
89 96
85 28
51 21
4 6
23 40
83 42
30 41
26 33
50 54
63 2
30 13
91 75
24 6
25 29
67 87
85 2
20 78
20 67
68 45
93 55
60 92
9 54
97 20
19 80
69 91
61 89
31 30
29 42
27 11
43 71
66 34
46 97
14 7
21 19
89 64
97 43
96 93
98 62
59 45
62 8
7 13
26 25
55 17
66 71
4 9
22 100
10 4
74 9
99 51
24 67
53 56
82 51
3 94
37 49
85 75
21 37
12 63
65 1
33 7
80 71
25 87
60 1
13 77
24 13
13 23
18 22
39 48
24 83
36 2
25 81
87 40
55 77
85 67
24 46
28 22
82 11
84 7
68 42
11 17
91 87
15 83
78 48
74 55
77 10
77 62
20 91
98 58
14 1
95 31
65 73
34 93
9 85
5 15
89 25
33 76
63 48
95 38
1 3
94 99
38 76
61 45
53 72
39 51
9 1
8 33
79 98
48 35
75 11
96 21
42 35
29 19
84 61
61 26
92 46
66 5
28 21
87 52
26 48
61 59
44 74
56 74
93 98
96 1
54 76
72 92
78 79
46 89
11 88
43 2
61 95
3 24
82 67
26 17
97 95
71 22
7 38
37 20
6 67
51 60
11 96
66 92
40 88
69 36
49 84
22 4
18 2
76 23
94 6
83 73
40 29
52 62
77 67
99 7
8 90
44 28
53 46
71 42
100 75
4 37
23 56
44 94
23 82
87 60
26 83
22 57
61 8
36 60
13 50
91 96
20 47
56 31
26 92
78 34
27 37
43 47
31 67
47 97
51 87
84 9
31 18
30 42
11 76
47 15
76 19
36 47
81 38
81 94
63 34
42 4
81 68
72 13
58 71
48 36
63 58
30 11
99 31
59 91
22 20
58 16
96 9
89 32
37 30
90 49
55 42
98 53
31 63
70 96
83 80
48 84
79 75
84 96
23 84
20 12
80 22
36 40
22 60
12 31
2 29
69 40
46 67
18 84
58 43
3 23
85 97
10 24
35 33
82 39
95 48
41 51
24 76
77 6
73 76
55 60
2 7
2 73
45 87
87 43
51 79
24 61
61 2
78 54
15 45
76 98
25 28
44 63
27 12
28 100
85 93
42 99
81 75
56 96
52 8
82 6
36 51
2 13
75 49
92 15
19 79
36 73
82 30
85 89
38 16
36 49
82 3
50 78
4 55
95 90
87 32
66 27
60 78
18 77
80 98
97 81
72 86
67 22
1 95
24 55
99 79
22 51
44 93
23 32
79 50
78 88
93 49
23 63
47 74
67 8
3 22
74 40
96 15
19 12
56 6
54 33
22 46
44 86
49 86
84 76
70 83
90 41
57 14
53 16
44 87
37 53
7 66
26 53
18 51
87 56
75 50
78 45
59 53
76 51
67 94
38 12
28 66
91 32
97 77
33 53
14 40
39 60
49 83
90 25
80 4
39 34
37 46
10 33
31 49
32 26
72 38
31 68
77 61
100 36
53 62
23 77
47 8
60 16
93 70
59 80
46 27
49 58
46 18
8 2
52 99
61 37
44 54
44 8
44 55
91 19
67 59
57 69
6 59
97 62
54 14
11 23
70 39
97 25
40 8
96 57
38 31
37 56
50 3
28 12
43 84
67 93
33 60
91 12
41 52
51 14
11 14
89 72
71 56
67 63
89 67
8 50
93 6
13 14
5 60
45 29
29 1
29 70
96 16
9 8
18 82
43 79
64 84
3 19
32 98
52 26
10 23
50 2
37 50
53 31
36 37
15 59
29 84
45 4
68 92
29 59
41 43
11 71
34 61
63 35
67 10
6 74
81 15
84 71
26 91
9 48
11 89
73 84
85 58
32 11
95 11
29 55
25 91
40 38
91 46
25 42
11 48
12 98
31 52
90 27
26 99
86 13
54 70
49 23
66 98
97 56
62 69
44 10
71 53
96 19
22 30
95 25
26 96
61 41
25 59
49 16
87 68
4 16
31 25
82 4
91 14
95 47
82 17
29 52
6 86
42 93
76 43
5 69
97 50
38 47
97 78
51 12
5 75
70 17
66 1
26 6
35 65
60 72
52 45
75 61
33 68
59 24
32 24
57 24
72 81
3 14
50 55
82 42
50 89
54 60
45 65
31 33
26 11
57 42
56 25
81 76
71 38
56 32
34 57
54 35
62 37
32 34
60 61
76 9
60 91
66 9
13 88
57 88
80 54
66 23
50 38
1 41
37 75
41 18
72 56
5 91
75 19
26 24
39 57
65 13
87 26
57 98
71 33
71 82
59 43
94 20
51 26
23 27
83 46
15 73
50 83
8 79
17 83
13 90
50 51
41 22
81 60
69 64
21 72
97 99
17 72
25 36
84 12
25 47
8 34
92 69
58 3
6 91
52 86
54 13
95 88
22 35
100 24
8 53
33 29
40 91
92 23
2 26
24 5
35 57
41 49
41 2
63 7
81 63
77 90
72 44
70 56
11 77
21 93
64 79
93 31
57 3
20 21
57 83
64 71
82 70
46 10
67 74
98 8
29 16
55 71
39 25
43 4
53 54
99 38
94 93
18 76
95 46
65 96
59 68
62 2
26 37
2 35
41 76
99 4
34 6
38 30
61 10
99 56
53 61
55 88
13 56
57 76
45 8
81 88
81 37
91 31
25 58
44 47
45 60
76 40
8 36
19 43
80 63
92 61
62 81
32 13
62 61
92 58
75 39
36 21
92 13
34 23
64 54
76 4
82 83
31 8
56 33
90 7
14 38
36 81
61 14
44 90
68 55
27 61
35 6
12 6
93 20
51 43
56 49
72 10
1 100
93 89
86 2
76 63
40 71
48 70
92 36
95 76
61 39
72 18
80 49
41 95
29 62
98 63
74 64
14 10
69 58
33 93
30 72
83 7
46 51
95 13
56 60
41 36
66 15
26 65
26 43
52 7
28 30
20 30
88 12
97 33
63 90
43 92
93 74
82 78
63 56
35 12
16 88
12 96
87 57
31 7
56 94
58 48
8 99
12 58
59 50
97 92
38 62
26 4
17 23
7 87
23 43
10 60
15 55
59 85
37 7
81 95
98 67
75 8
4 72
81 29
51 53
93 39
14 30
74 80
14 71
38 69
99 30
73 47
18 83
99 80
45 22
22 74
71 27
81 61
100 7
87 37
68 54
71 6
5 98
48 19
78 42
20 28
83 11
18 71
96 88
88 51
43 33
40 94
59 17
60 3
5 64
38 5
39 90
53 84
16 62
52 14
89 68
62 66
59 9
52 70
72 84
40 19
30 57
99 36
73 85
43 77
49 85
79 58
63 37
38 52
61 15
20 58
76 17
15 27
97 57
59 69
53 1
23 68
28 1
100 66
37 11
37 17
22 72
58 14
66 54
37 8
57 90
79 2
48 97
76 56
77 60
59 60
44 34
71 99
33 61
87 39
30 1
100 13
36 75
75 87
80 64
99 12
51 13
99 72
99 95
28 32
25 64
91 15
19 98
51 17
27 50
83 41
64 28
27 49
11 6
89 36
76 55
32 20
61 80
65 44
77 12
16 21
61 36
61 19
53 90
67 64
79 76
87 27
45 99
62 33
94 32
2 6
54 46
53 43
41 32
54 7
43 81
91 27
56 50
8 26
70 41
3 84
57 23
28 74
17 56
72 14
54 48
50 6
49 10
98 49
63 9
43 6
31 64
43 13
11 5
78 85
62 51
35 56
39 9
77 63
35 59
59 28
43 15
14 18
75 70
66 30
82 44
19 83
68 86
77 44
48 49
1 63
47 31
93 11
25 66
17 74
37 88
5 53
77 40
80 43
78 65
46 38
76 72
74 49
66 24
4 60
30 29
37 82
97 53
16 19
18 43
41 48
93 90
39 76
47 86
67 95
33 4
59 23
31 20
88 54
38 87
24 22
38 20
28 93
43 85
16 94
6 66
63 79
34 79
91 30
98 40
24 37
8 10
50 30
96 55
10 80
5 65
8 48
63 17
38 88
69 97
40 41
36 3
44 71
13 64
47 96
52 21
74 66
14 53
13 61
88 97
25 40
62 4
47 81
37 51
2 76
77 96
97 14
19 10
9 13
83 25
37 84
88 19
16 32
95 37
63 64
55 36
12 69
91 56
36 95
27 65
98 15
54 20
90 30
97 42
60 94
30 73
39 37
55 45
98 44
69 100
3 93
66 95
83 13
18 6
99 10
3 88
87 33
46 33
67 72
45 37
21 12
20 60
19 77
39 17
18 74
1 77
71 92
21 61
34 43
69 67
64 59
26 67
73 75
41 31
65 57
36 85
94 19
67 65
41 23
54 58
68 93
100 40
38 61
76 65
38 43
83 94
59 19
10 17
14 31
4 20
75 10
85 24
52 98
31 16
19 99
33 85
82 54
64 57
91 99
33 78
26 13
6 49
19 56
90 56
34 98
62 19
33 90
7 48
90 42
44 38
65 30
80 21
77 65
95 54
85 23
93 30
80 93
27 67
78 98
61 66
100 41
18 59
50 57
45 81
11 87
12 43
68 73
59 87
97 68
50 69
15 89
29 51
62 95
80 32
20 99
41 73
77 83
80 15
7 79
59 82
79 42
44 16
73 61
71 5
74 61
63 72
16 45
26 20
19 86
41 60
45 93
85 61
47 65
85 80
20 81
68 38
58 95
97 67
6 44
68 17
74 99
23 99
33 98
99 46
39 85
38 1
22 12
62 20
23 19
73 71
84 85
66 70
83 5
64 48
85 15
46 29
75 65
29 28
81 70
19 26
70 35
26 40
10 51
35 31
79 13
84 52
23 15
66 13
44 27
93 10
36 35
88 24
19 5
98 81
99 33
83 1
13 42
33 23
92 37
78 13
38 85
27 26
34 75
11 42
43 67
23 14
75 92
47 26
100 49
76 69
14 85
82 35
70 43
41 4
84 33
97 98
42 3
73 53
36 11
83 55
29 43
82 62
71 78
100 29
82 36
79 92
43 55
97 89
31 28
82 5
13 97
96 52
30 53
95 44
56 11
15 97
78 23
87 62
19 1
96 97
58 5
14 43
32 88
82 47
98 47
32 71
49 59
70 86
6 16
46 69
90 45
74 78
59 1
74 26
35 9
32 6
43 57
14 35
42 24
16 85
21 50
21 31
17 31
68 37
70 18
29 26
54 41
70 76
73 69
47 9
83 52
76 92
14 12
14 34
40 4
54 100
97 82
53 93
36 70
79 24
58 77
88 98
4 39
53 11
16 24
75 69
32 46
27 31
10 76
65 8
1 90
5 86
2 53
36 6
6 92
23 4
28 3
23 58
7 34
66 17
88 74
76 48
99 92
74 82
41 16
88 77
8 72
10 71
21 43
54 55
92 82
44 84
73 55
84 63
3 56
83 61
30 9
64 90
89 10
96 42
1 48
14 21
68 24
80 29
44 76
65 18
77 98
7 67
35 4
38 60
48 86
58 93
86 80
3 4
41 25
13 25
16 81
62 43
83 2
92 86
33 86
88 25
64 87
22 40
82 93
81 74
45 18
75 57
62 46
96 72
65 50
74 23
35 86
67 42
9 19
31 2
86 75
55 63
89 82
34 19
13 33
99 93
37 69
8 13
66 11
87 48
45 69
87 50
77 80
69 26
67 32
18 30
43 99
80 87
12 30
19 17
12 74
12 55
67 51
98 95
92 59
72 98
38 63
47 16
60 95
43 89
68 95
71 48
80 79
18 85
70 99
75 82
22 33
10 78
31 98
81 54
48 31
3 41
86 58
94 96
11 28
77 47
85 52
78 57
25 48
56 100
35 21
61 57
39 99
73 77
46 50
99 64
10 84
80 24
74 37
41 5
39 55
73 6
56 79
40 11
