100 4411
27 72
75 61
92 91
5 98
20 57
87 52
37 34
20 49
82 40
63 47
70 67
47 12
96 86
66 6
5 76
56 77
35 80
74 22
81 69
35 24
62 81
87 20
91 100
71 37
87 83
50 48
7 99
90 93
20 60
71 17
72 93
99 90
51 99
70 47
20 19
98 67
39 8
66 74
70 13
35 70
39 27
79 46
11 13
34 75
20 62
34 80
36 59
45 20
11 61
53 36
98 18
4 39
51 83
90 4
48 34
29 11
46 96
37 14
10 52
79 82
13 100
50 52
77 84
20 70
10 29
51 9
43 80
18 78
50 39
66 12
1 43
35 77
68 89
84 69
53 97
63 18
1 55
93 79
80 97
20 9
31 17
52 14
89 37
9 58
79 40
61 37
47 89
74 63
27 77
30 62
48 35
63 58
38 74
99 48
17 39
79 73
24 31
34 97
80 47
40 78
16 18
42 67
76 31
96 54
83 96
92 66
64 35
62 59
38 39
21 87
14 95
99 93
90 75
4 27
18 5
1 31
36 29
68 97
24 68
92 87
73 16
79 96
24 13
4 47
30 78
23 27
83 80
17 92
44 100
76 14
78 71
25 23
40 69
43 55
99 57
56 9
31 29
41 93
16 84
79 59
75 41
3 98
88 56
26 31
65 76
94 4
21 65
99 54
50 12
100 42
9 80
47 65
33 98
34 99
19 42
86 52
19 35
87 32
87 56
55 68
5 7
60 1
51 58
96 21
92 2
40 83
56 76
60 34
77 75
5 16
59 14
97 79
46 18
42 96
83 1
55 62
54 75
52 40
53 10
49 51
58 37
33 73
70 25
77 17
21 7
13 84
19 94
23 88
63 100
48 30
75 52
60 93
68 28
6 32
15 97
11 59
96 81
8 41
62 90
71 95
22 15
93 23
47 81
81 80
13 29
7 38
3 35
94 2
22 84
1 35
92 3
83 20
74 76
9 10
78 85
20 41
75 63
49 35
68 20
15 51
45 47
65 90
88 5
55 16
9 19
23 33
41 77
68 85
68 34
33 22
22 18
29 54
16 93
89 9
49 2
86 17
5 26
30 76
68 38
87 62
33 69
64 19
36 47
43 34
98 64
66 79
98 1
30 50
56 38
51 82
19 66
95 19
64 72
59 21
27 37
10 36
27 5
97 29
36 93
56 1
50 47
54 39
47 24
9 85
17 93
100 3
24 14
33 82
48 49
23 79
70 92
49 97
50 60
71 82
22 66
10 81
17 10
42 69
82 46
93 14
69 30
88 27
87 90
49 46
45 61
21 52
93 37
15 59
93 4
75 86
56 33
9 49
42 61
76 83
25 82
44 7
47 43
32 57
39 99
57 85
51 96
100 64
21 68
8 38
31 11
22 23
24 44
84 19
47 9
18 64
93 100
17 42
93 56
57 44
88 67
16 60
86 73
72 49
54 27
84 33
76 12
78 80
79 89
45 58
65 70
43 33
89 69
58 68
66 55
55 11
39 86
27 34
79 12
54 66
22 65
35 87
71 89
8 96
29 82
42 2
13 75
75 25
50 67
47 78
66 31
60 69
77 31
1 84
96 84
73 81
62 41
15 70
30 90
59 10
20 30
11 25
52 98
9 24
12 33
54 35
72 98
84 31
22 69
96 52
20 93
22 1
39 83
100 10
33 44
23 51
64 10
16 43
66 34
19 23
94 92
22 7
17 79
68 98
84 87
1 20
62 9
35 43
52 27
76 77
87 69
81 43
64 32
39 88
11 85
12 71
67 2
7 28
97 77
99 9
66 78
56 92
87 30
19 25
18 81
20 5
1 15
5 59
68 10
96 76
61 60
94 74
68 67
69 38
7 88
84 54
6 33
32 24
31 51
46 93
100 8
80 98
83 41
14 47
32 65
74 59
24 74
15 95
85 95
3 29
28 24
68 30
70 38
2 83
73 96
65 66
41 12
33 62
71 35
80 94
84 53
10 45
46 58
78 3
74 25
50 62
9 65
3 95
6 34
79 21
35 21
28 26
47 29
97 26
81 42
22 85
50 66
97 56
85 87
52 15
90 43
96 65
4 60
83 23
15 81
25 47
100 95
87 19
39 36
43 36
36 48
98 51
66 30
99 21
28 31
53 27
69 50
84 6
99 100
96 18
1 65
44 22
50 25
24 43
14 20
31 49
94 54
53 45
8 33
67 4
30 9
1 58
65 53
88 74
46 76
16 51
22 75
20 100
81 86
10 20
36 33
8 44
97 71
21 2
91 46
16 85
34 8
23 39
80 79
58 92
52 41
15 73
95 33
26 24
71 52
77 26
60 5
10 21
20 88
72 41
57 98
56 99
85 98
34 57
74 12
73 22
88 87
5 24
24 30
12 75
64 78
51 18
42 64
71 36
2 70
64 89
65 83
12 67
55 70
29 70
40 100
85 28
65 99
51 21
21 98
16 9
14 45
87 26
58 25
30 32
53 89
58 56
77 23
65 20
81 49
2 54
16 49
28 77
32 2
64 9
87 6
84 59
82 91
56 91
96 89
5 99
77 91
84 28
95 41
74 100
22 90
33 53
71 59
15 63
84 74
93 97
80 95
3 67
61 24
96 58
48 11
42 87
7 53
4 57
9 74
55 86
21 84
7 13
63 46
23 4
67 32
80 10
79 49
90 17
98 34
89 94
74 83
67 22
52 70
73 43
37 59
13 28
57 62
74 77
98 93
93 19
13 41
22 5
79 1
1 53
92 65
54 88
33 90
66 11
12 25
87 24
60 13
77 71
76 62
34 95
94 51
78 68
43 72
74 95
57 67
40 42
71 9
27 69
61 43
16 68
64 4
68 48
36 13
13 71
31 91
49 33
79 48
81 76
9 98
82 92
42 38
46 92
53 14
64 93
40 3
28 46
13 16
26 84
70 23
96 40
20 73
75 51
45 89
86 61
15 76
17 20
76 71
77 33
13 99
21 66
41 17
40 91
19 8
21 57
47 51
63 17
15 58
77 94
91 16
58 32
7 92
98 36
67 75
50 81
80 69
26 34
61 38
5 50
82 20
13 69
40 74
38 40
93 8
81 30
38 87
75 3
23 6
88 97
5 2
31 10
37 83
94 88
74 44
68 90
27 24
70 59
17 100
10 42
79 50
66 75
85 82
100 54
16 45
7 62
11 54
10 91
37 30
22 2
97 55
15 66
79 64
92 11
16 47
64 84
30 22
40 18
17 19
18 10
30 55
81 41
86 64
93 71
53 99
57 83
56 42
13 4
85 23
73 61
77 87
24 76
29 5
67 19
26 38
5 75
42 75
96 25
59 76
83 35
65 48
95 88
12 87
1 62
90 21
82 3
70 16
10 15
55 8
19 28
56 46
38 34
71 80
75 81
67 91
99 97
11 3
71 60
17 28
44 46
51 19
50 54
86 22
12 90
6 53
66 71
82 15
56 75
50 38
95 43
67 41
1 73
100 53
88 75
98 4
65 100
4 83
70 83
77 39
8 42
10 82
96 20
79 38
31 14
88 51
39 5
87 44
77 43
56 7
11 96
37 88
14 65
83 34
25 4
21 42
79 86
62 63
56 10
48 12
1 49
64 28
81 58
21 73
21 9
53 11
90 83
25 97
79 20
68 84
57 84
74 7
98 37
79 36
14 16
65 52
62 74
5 38
19 92
12 42
98 62
37 39
99 86
80 40
97 57
31 65
57 39
45 8
61 13
65 45
19 13
48 41
1 19
85 21
26 71
75 58
16 11
85 94
11 12
89 23
70 40
21 48
55 34
73 8
64 97
52 73
97 51
4 3
3 87
98 78
4 22
55 56
96 12
91 24
80 27
27 70
54 21
92 49
24 15
65 26
38 13
37 50
79 19
38 15
34 87
25 76
22 96
51 29
27 29
40 22
16 67
80 70
45 88
32 49
65 36
65 61
33 19
43 12
5 90
20 38
55 89
79 2
42 6
86 80
18 54
37 77
87 55
81 87
79 99
81 85
2 59
84 18
63 83
47 15
45 46
15 26
84 36
22 19
76 28
95 64
36 50
3 5
74 43
3 93
68 54
10 32
67 71
52 26
31 93
90 47
25 46
92 96
92 1
52 47
14 6
89 44
95 82
14 74
93 21
24 51
60 54
77 44
2 39
16 74
37 66
71 1
58 85
56 6
37 70
41 51
43 85
43 32
95 46
40 35
29 77
81 24
12 80
73 35
8 12
74 67
67 93
41 53
61 63
70 97
71 72
29 73
29 72
16 46
28 80
17 72
96 5
7 3
51 65
52 48
55 18
64 94
77 59
56 2
76 50
40 23
96 77
1 21
40 24
24 6
60 10
89 12
60 89
33 42
55 51
92 29
10 22
15 79
17 76
50 34
46 22
80 3
48 37
57 29
21 38
54 23
82 87
73 67
12 52
86 67
50 21
2 17
48 100
40 66
87 59
53 4
42 39
59 30
26 73
52 80
56 19
21 44
46 12
75 31
36 85
49 14
23 17
40 77
58 4
71 48
4 82
34 17
25 17
51 80
81 54
70 31
80 50
95 84
60 11
21 62
12 45
67 76
20 69
39 66
82 65
33 52
69 1
32 100
51 5
71 85
49 18
81 66
16 86
69 19
49 61
88 84
60 52
75 100
22 82
68 18
86 65
82 43
1 44
89 32
73 4
89 92
30 36
48 28
83 68
68 36
14 81
22 92
18 47
17 7
32 50
22 12
90 20
54 30
77 95
9 34
91 6
80 41
9 54
9 60
95 44
39 94
77 3
64 88
52 44
90 25
40 59
99 17
72 61
99 36
17 83
83 75
96 29
71 100
99 37
57 36
12 93
75 99
29 80
80 55
47 97
97 4
51 86
52 23
47 30
43 84
95 92
40 99
42 45
9 7
17 68
78 77
34 32
70 68
52 4
8 57
8 71
67 51
7 71
78 6
99 18
1 42
100 83
85 51
98 71
54 14
45 66
79 85
37 45
91 25
50 17
46 62
99 15
31 45
76 1
43 11
5 1
17 74
25 51
46 61
82 84
15 62
7 24
73 25
87 51
47 62
15 91
12 83
96 49
11 35
23 1
12 32
29 98
75 49
26 30
5 93
48 60
32 62
59 48
100 9
83 33
81 79
49 94
39 79
38 3
2 52
15 78
70 89
91 3
61 87
3 2
77 82
10 38
51 4
77 7
90 56
5 65
41 99
53 78
90 58
11 83
94 29
74 92
99 42
58 17
10 43
8 77
39 96
46 77
98 84
24 57
43 4
17 97
77 24
67 20
94 95
28 67
85 39
59 94
6 4
94 96
20 34
61 4
65 30
100 16
57 75
35 32
39 29
8 64
26 62
15 44
38 82
23 65
12 94
50 1
6 96
9 88
81 17
65 13
97 24
26 90
92 77
91 94
22 39
82 74
79 37
96 37
86 31
13 8
60 39
95 67
45 75
82 26
4 76
37 6
13 18
26 80
42 36
34 1
23 49
9 38
55 35
39 76
79 4
41 54
3 58
57 40
5 58
6 93
57 71
4 15
38 43
73 66
69 74
40 67
50 31
76 13
57 47
38 81
87 71
89 11
94 50
9 70
35 12
58 74
99 72
10 77
87 73
80 39
47 48
47 34
23 84
43 41
8 99
21 67
46 40
13 83
27 17
16 12
14 96
89 75
11 79
38 92
58 99
54 17
12 44
49 37
91 14
91 36
41 82
91 58
64 7
1 75
33 54
72 5
52 31
66 53
6 45
14 64
95 54
94 37
34 56
7 94
69 58
79 47
9 66
34 67
47 13
9 37
51 68
89 18
25 80
50 28
93 80
44 50
67 39
59 4
82 7
54 10
24 65
64 57
50 35
43 87
51 44
25 77
79 87
73 7
98 2
45 19
97 95
67 13
5 19
15 55
68 72
76 98
16 40
51 81
14 15
44 72
19 71
31 9
17 22
18 2
50 49
14 30
10 95
11 24
7 49
22 76
30 98
48 89
33 94
38 66
79 65
13 15
4 91
39 90
93 66
10 19
90 44
65 42
85 20
67 61
65 80
56 3
15 30
84 63
59 80
13 73
57 92
45 49
51 2
43 42
71 43
62 93
10 48
85 3
2 50
68 66
67 79
73 62
48 54
82 56
76 72
27 83
90 55
4 100
78 38
26 79
24 8
83 43
57 76
42 37
83 85
9 82
25 42
18 41
13 39
7 50
3 76
86 47
74 19
5 25
48 94
26 56
77 30
60 19
84 5
80 37
35 15
35 10
8 22
66 26
35 81
52 22
8 26
8 16
30 94
67 99
14 63
34 73
28 91
77 48
84 66
85 4
4 10
51 71
84 12
68 96
9 97
68 49
96 98
54 34
43 49
37 85
7 11
43 70
51 84
90 59
15 6
40 89
55 29
41 94
72 58
98 91
46 83
98 11
27 20
15 57
53 94
65 34
84 45
2 48
72 33
65 12
76 35
26 7
85 84
46 2
88 72
16 50
25 1
48 70
71 99
5 68
38 100
52 57
55 47
1 100
28 100
68 91
23 15
16 61
90 54
97 44
95 20
3 43
52 64
22 63
16 29
17 45
21 91
21 63
15 9
16 42
47 6
41 60
85 8
44 55
33 32
52 42
36 94
12 68
62 51
56 53
56 62
77 65
32 42
71 5
90 77
90 6
83 32
7 54
13 14
11 93
51 56
15 17
61 56
23 64
87 7
73 57
60 77
86 10
83 52
94 66
99 60
96 80
21 27
79 52
58 43
85 2
2 29
43 28
24 29
11 100
32 63
45 81
53 39
20 50
39 55
61 66
53 29
36 8
42 60
18 38
9 78
39 11
6 48
26 55
7 65
83 26
84 78
39 87
83 56
44 18
44 36
25 20
58 7
82 81
59 81
11 49
64 91
78 92
67 54
75 44
12 5
42 28
29 38
41 1
36 4
53 73
59 28
5 62
15 56
95 91
93 81
25 53
8 63
8 11
78 44
21 20
34 45
9 55
70 17
91 81
97 31
73 41
98 46
45 85
18 26
15 50
10 75
58 33
60 37
18 60
10 40
8 49
39 82
4 49
43 68
75 79
28 66
35 53
95 16
57 33
35 37
10 72
74 29
35 62
95 4
46 32
57 46
14 33
68 100
15 53
3 8
11 58
9 35
87 53
96 2
77 79
54 52
63 48
29 19
57 27
92 62
91 65
9 84
50 92
27 63
3 1
56 25
61 100
37 18
18 30
92 93
85 77
48 27
37 67
92 39
76 86
62 82
81 99
74 42
17 73
68 39
25 63
36 12
51 70
100 69
41 45
64 50
4 50
51 78
99 12
64 54
33 9
63 88
16 22
31 22
55 21
14 75
57 93
30 4
95 62
9 43
76 58
28 83
4 65
86 12
91 93
32 93
26 100
66 44
1 46
3 32
75 80
13 22
19 89
42 49
52 90
6 65
92 53
5 52
88 65
90 15
97 85
76 2
5 15
36 82
48 80
48 57
1 63
84 32
31 64
18 50
61 15
48 22
14 100
39 71
65 95
54 13
87 41
6 60
18 20
14 36
21 17
59 9
39 46
94 99
51 89
77 42
87 93
91 27
47 66
66 77
45 26
53 18
37 73
37 2
64 37
43 57
15 71
72 42
53 75
64 92
54 28
73 94
76 48
92 27
69 45
8 52
2 34
61 90
91 55
40 27
14 84
41 24
70 62
81 48
57 9
44 26
24 36
84 24
43 50
53 57
88 78
74 81
63 98
24 10
9 72
19 6
47 38
100 24
88 32
91 12
67 29
87 37
20 97
61 50
68 94
33 13
21 49
49 83
69 32
65 29
46 8
90 53
73 76
93 75
90 28
73 9
53 34
78 89
33 99
13 86
63 59
15 34
61 8
36 86
78 31
50 82
33 38
83 98
70 57
97 2
16 65
94 70
46 86
80 23
77 61
34 13
26 42
72 21
16 32
42 54
79 71
18 79
92 100
12 30
39 51
52 78
14 38
65 97
7 35
50 86
27 42
25 69
43 44
94 15
13 48
80 67
81 77
49 76
67 52
20 13
71 69
13 51
15 3
17 98
27 32
34 89
78 94
92 80
58 47
10 73
73 31
65 62
97 62
36 58
6 63
41 91
17 67
56 36
61 93
55 81
24 71
94 3
65 49
54 85
95 28
58 34
71 30
33 5
63 9
22 50
3 48
29 40
76 61
42 18
29 42
37 51
60 83
61 7
71 40
4 68
21 69
65 81
76 89
11 18
83 53
61 5
75 33
87 40
52 18
65 63
70 90
74 56
75 82
86 37
31 30
88 11
64 82
19 44
77 93
75 2
65 57
87 54
48 40
83 97
26 93
86 53
96 62
14 56
61 98
26 72
59 83
27 51
30 29
1 99
45 50
46 19
73 49
59 78
36 37
59 18
5 31
36 62
22 79
93 7
34 62
44 13
95 73
16 75
28 21
73 5
94 67
58 6
100 58
73 46
9 32
24 69
72 94
13 78
39 33
9 69
69 14
30 8
68 81
69 76
30 33
68 26
26 3
7 75
89 16
9 53
74 65
54 76
10 92
51 45
8 2
97 92
89 58
80 90
83 47
57 54
56 23
8 74
84 65
92 15
47 100
43 66
24 56
71 6
98 23
84 47
44 70
70 1
97 43
48 19
77 38
2 23
63 57
80 17
64 75
8 48
94 69
22 56
74 90
61 51
16 26
42 3
100 97
1 45
54 49
45 22
21 34
30 83
31 68
22 62
86 78
46 66
94 22
34 49
31 56
21 33
42 62
91 30
32 37
37 54
29 81
39 64
26 1
45 11
84 67
4 70
8 5
28 25
33 7
88 13
41 44
44 40
91 61
11 44
57 86
8 81
44 6
10 51
70 22
23 42
84 11
16 54
92 8
87 58
47 99
1 11
3 41
13 3
44 35
79 53
76 63
8 94
33 37
42 83
27 67
36 22
3 37
71 65
100 94
41 92
83 22
62 24
42 5
44 68
22 89
70 64
68 75
2 41
65 59
43 69
85 61
65 67
67 5
4 84
89 90
48 74
39 6
38 95
6 61
51 60
45 56
50 83
51 57
42 97
76 68
19 37
72 89
39 16
92 61
97 52
26 43
24 82
69 77
13 40
48 15
73 64
98 43
29 61
22 51
86 1
89 99
59 45
80 32
28 6
57 89
84 52
10 58
25 52
41 86
41 23
85 42
83 7
43 31
59 58
21 41
84 73
55 63
43 27
84 76
21 36
50 46
95 55
9 45
96 75
100 27
30 99
47 23
15 80
9 26
75 23
22 81
56 98
78 7
44 73
55 57
94 31
12 77
6 80
15 86
17 75
40 1
60 23
62 80
76 82
53 64
32 82
76 85
67 47
100 15
94 76
58 26
43 2
21 92
82 98
30 100
19 30
47 46
92 60
100 55
4 34
97 3
97 12
34 11
100 77
14 89
92 37
17 53
45 40
100 31
31 58
73 54
24 50
32 36
41 50
60 36
45 76
87 25
80 60
97 86
97 60
22 32
74 87
8 66
64 71
25 40
81 12
70 34
66 42
7 52
90 63
88 35
48 26
35 75
34 22
66 5
99 77
46 34
76 55
99 96
40 53
9 1
14 87
23 78
59 26
61 25
36 55
32 95
7 10
39 91
46 81
19 38
65 25
10 62
69 88
76 87
78 67
73 68
19 57
84 58
1 61
49 77
85 26
27 13
20 98
2 9
80 64
50 99
61 79
85 99
6 95
73 72
89 73
44 69
86 14
48 33
59 12
62 48
18 12
61 22
50 87
20 77
41 76
99 27
45 3
35 16
86 11
14 66
65 35
58 65
13 52
66 60
56 71
64 65
74 5
67 36
49 88
11 70
15 75
75 46
71 49
49 17
71 75
18 90
21 95
14 9
9 4
1 80
49 98
6 50
27 76
7 32
38 76
71 86
71 83
31 32
89 88
29 46
18 8
92 33
89 4
94 1
44 65
85 12
99 95
96 13
100 67
52 66
85 17
27 87
40 76
88 76
78 22
28 1
21 70
26 57
66 36
2 88
67 59
52 100
51 100
19 47
33 66
26 41
80 36
36 77
66 35
67 15
5 92
23 76
57 42
89 81
86 8
46 10
88 96
20 29
80 33
73 23
98 42
53 32
68 32
51 52
3 19
41 58
32 51
48 64
29 99
62 71
69 36
17 12
89 98
33 81
28 3
68 69
44 27
19 77
53 47
1 96
53 12
23 66
42 11
44 81
63 72
28 36
79 35
90 42
64 5
51 48
20 6
41 22
53 50
42 92
46 90
11 4
82 14
14 26
18 82
83 66
64 44
61 74
66 10
26 75
38 89
24 79
50 72
74 28
54 5
13 30
34 93
14 10
29 18
66 96
53 69
81 64
63 5
39 26
27 2
94 13
23 95
80 73
36 78
83 82
71 4
16 36
13 35
36 63
81 90
19 36
94 24
59 13
86 70
88 86
25 31
61 3
85 33
65 11
26 54
25 43
92 30
3 36
16 78
43 89
27 82
91 87
72 40
10 1
8 97
20 11
31 72
37 20
82 35
7 6
39 43
77 57
34 72
67 24
45 72
88 100
29 85
75 21
16 63
30 2
16 88
31 12
61 64
8 29
42 59
78 93
70 81
94 23
47 85
1 85
28 55
61 88
39 59
31 88
80 87
61 39
84 2
19 15
63 99
79 68
65 56
12 40
6 55
61 59
43 100
2 33
74 31
3 24
49 13
20 39
64 66
94 34
49 29
15 33
59 51
100 21
25 54
90 9
53 5
32 90
98 90
63 92
5 95
53 26
40 68
36 76
17 30
34 42
13 45
83 31
40 55
86 26
29 62
22 71
65 78
26 37
49 53
78 76
92 40
20 48
67 64
99 11
26 61
67 23
44 80
44 92
61 62
28 93
74 18
94 10
60 84
32 54
98 75
35 58
23 68
36 6
70 53
87 67
43 64
58 21
23 72
49 86
17 88
53 76
8 32
96 26
25 92
32 1
27 50
24 1
37 4
27 12
25 94
66 25
57 88
41 63
20 31
21 5
6 43
22 6
31 55
71 41
31 40
11 81
75 72
88 92
38 53
70 12
74 39
67 45
5 55
79 60
54 31
70 54
80 89
37 90
73 75
40 84
17 82
25 39
90 72
31 4
51 28
96 10
87 68
18 83
85 32
11 14
12 64
14 46
13 42
27 86
12 26
58 53
50 19
48 58
34 64
95 47
24 85
40 88
16 72
35 38
85 53
30 53
7 18
2 78
45 64
61 18
81 16
89 93
86 25
6 18
46 9
24 21
6 82
6 68
54 53
52 61
17 16
58 13
93 86
18 75
40 97
16 64
41 59
60 22
67 10
38 62
58 23
46 64
28 69
89 17
89 27
78 20
15 54
38 94
100 50
30 6
56 84
73 40
63 19
87 78
4 1
33 27
3 31
46 70
65 33
93 42
45 15
34 100
45 57
42 53
7 34
37 23
76 64
5 78
85 15
33 17
59 88
34 41
70 79
15 72
35 68
88 8
38 27
58 61
16 41
84 44
41 78
59 1
37 15
57 49
41 6
78 33
45 32
65 98
60 73
97 22
27 10
8 65
69 2
31 2
82 1
8 84
92 45
88 36
21 53
38 49
40 63
54 44
42 47
2 12
70 41
45 98
94 26
50 63
31 38
23 61
32 94
40 65
66 41
80 88
11 97
54 93
55 67
29 37
80 53
75 4
63 44
77 80
42 4
12 13
53 2
84 79
49 5
92 75
48 16
79 34
83 9
62 77
27 71
39 84
39 58
70 76
92 43
62 17
45 94
94 47
20 74
69 75
71 38
49 40
43 23
80 84
12 88
70 77
46 43
71 34
34 5
8 28
29 71
56 35
19 52
37 13
91 5
90 31
41 55
38 59
12 37
78 69
50 10
44 96
81 13
60 31
50 73
47 39
61 44
60 29
81 26
90 100
58 2
63 45
35 17
41 5
2 15
26 60
94 86
13 53
26 20
47 68
27 97
73 93
71 50
17 84
97 76
53 24
54 8
16 1
37 84
30 64
32 55
59 54
52 43
84 71
73 78
4 45
20 24
94 79
86 20
90 64
12 51
63 10
79 62
88 1
75 84
94 14
52 89
25 99
88 82
83 93
48 73
17 14
82 48
32 52
83 44
78 19
81 56
47 20
47 3
36 72
71 14
50 29
81 27
31 41
1 33
77 89
3 73
99 23
22 38
41 38
10 74
28 75
76 51
41 98
15 93
60 3
64 3
64 13
82 19
43 30
52 58
76 79
3 62
18 45
8 9
97 39
67 6
48 87
74 71
56 18
19 73
19 41
97 94
11 78
93 33
74 50
59 66
24 22
33 4
15 60
90 78
1 97
21 30
59 49
71 53
18 32
47 56
51 74
25 18
21 22
97 36
96 97
49 84
3 49
56 54
66 91
63 52
6 21
70 33
26 17
52 99
48 61
82 53
75 38
61 80
37 95
20 44
13 25
12 73
55 61
14 7
8 17
40 64
40 4
37 46
95 61
53 63
10 65
99 3
21 8
42 88
72 53
74 93
71 23
72 18
70 99
74 35
23 90
11 87
36 52
86 45
91 75
80 2
9 12
63 54
58 24
81 57
90 76
4 66
54 43
84 62
72 70
11 73
56 80
94 61
6 10
6 46
54 20
69 16
84 70
27 79
36 20
52 69
24 88
57 94
17 56
20 71
51 1
54 80
38 30
28 96
18 65
91 11
48 24
52 94
45 43
71 16
47 27
62 53
39 24
16 21
22 55
98 50
31 85
71 21
44 34
54 6
76 9
28 23
99 83
14 50
65 27
22 11
6 75
16 44
32 14
57 60
39 52
24 52
69 35
2 86
76 29
74 96
54 47
39 34
81 3
18 91
14 44
75 8
93 88
47 49
13 46
60 94
16 25
5 86
23 5
93 13
86 68
62 75
93 29
99 92
47 8
22 43
58 50
55 75
59 64
91 13
28 14
65 43
76 43
73 42
29 1
42 71
100 36
2 87
99 14
42 31
46 74
64 27
22 77
92 6
70 60
43 78
46 60
76 75
61 81
62 12
96 43
69 95
89 97
10 8
88 79
4 48
1 6
10 84
66 7
64 49
40 11
6 86
13 32
30 42
91 79
65 2
33 11
60 49
58 94
80 72
73 55
66 3
53 16
81 20
18 93
74 4
63 94
77 6
45 99
44 82
95 50
78 60
6 3
26 78
44 49
90 92
42 46
44 30
69 54
92 54
39 40
8 90
1 47
25 41
51 6
3 57
13 74
95 36
94 55
27 94
66 20
54 4
53 20
100 25
81 36
68 50
71 61
3 65
21 3
5 83
25 88
37 55
7 42
23 55
56 20
44 67
27 7
1 89
73 85
95 9
95 75
73 28
98 40
30 61
39 7
91 76
21 19
28 30
51 34
16 80
61 54
53 22
98 16
1 39
96 3
50 70
84 48
14 88
23 53
33 87
30 58
51 69
36 9
90 50
29 12
32 56
92 67
31 48
27 66
40 6
30 7
23 29
33 68
16 23
22 88
96 45
98 88
1 81
64 36
11 77
67 53
12 15
4 35
38 54
78 1
42 15
72 60
9 86
27 45
17 59
83 29
46 69
21 76
8 50
24 60
66 56
36 49
84 3
27 3
52 45
56 59
24 34
64 62
74 78
62 43
18 31
67 60
44 93
55 88
94 93
98 28
13 10
25 83
72 62
21 47
39 10
92 79
33 55
91 7
89 49
38 48
19 32
26 64
92 24
88 73
98 47
50 89
72 54
92 47
67 48
39 35
23 57
88 3
80 45
36 25
83 3
62 4
18 88
60 40
4 41
18 57
66 69
29 4
58 83
20 4
34 52
98 24
39 49
86 89
88 52
39 15
88 62
99 88
12 58
52 95
86 23
10 16
28 53
84 38
9 48
82 68
26 98
53 77
9 42
9 18
38 88
19 76
43 51
33 88
7 68
72 56
54 77
4 80
55 84
58 14
88 53
46 17
56 39
31 7
53 61
1 27
70 58
12 55
31 35
47 93
74 64
88 47
59 50
97 58
39 44
100 82
57 11
70 61
29 17
88 90
20 58
94 44
89 2
17 1
30 56
89 66
46 85
81 63
48 86
1 90
52 56
48 5
52 35
20 94
25 35
17 18
28 18
61 84
71 31
9 27
55 58
21 31
63 97
34 23
5 89
66 98
19 83
22 54
87 13
27 36
91 42
66 32
72 20
25 78
53 3
68 88
34 12
36 35
33 47
68 11
47 37
30 52
99 46
58 67
98 15
92 51
67 26
25 95
47 69
94 98
87 10
18 19
72 57
79 58
40 51
46 4
1 13
66 16
60 68
40 33
66 48
40 50
48 18
21 40
37 17
29 34
38 6
60 96
47 5
61 20
9 17
42 78
57 79
76 8
72 51
23 12
58 29
18 33
92 84
58 18
8 7
93 82
21 43
85 44
28 10
89 62
32 39
20 84
74 15
46 20
97 6
62 66
95 87
60 76
60 58
40 19
87 98
37 11
43 93
23 14
93 69
7 63
58 95
40 36
6 62
92 86
88 81
51 11
8 58
58 54
35 6
51 35
15 28
69 90
39 78
100 22
94 21
11 26
47 91
60 62
44 62
54 24
75 43
62 14
73 32
37 65
80 8
36 75
89 36
62 78
47 73
18 73
13 6
67 56
25 30
8 27
100 72
10 47
59 8
15 69
69 83
81 53
80 68
55 77
11 52
8 72
31 39
72 1
11 76
35 92
78 8
67 85
49 52
63 28
2 6
51 73
23 18
68 42
6 74
86 38
31 34
63 67
51 93
17 48
60 81
22 14
75 60
64 24
64 17
35 22
95 66
62 23
14 67
65 87
18 62
25 8
7 37
19 85
69 61
54 71
30 41
95 63
74 32
31 61
20 15
79 16
67 66
66 97
65 15
2 71
93 58
89 29
57 80
78 17
55 10
90 27
78 24
91 34
84 42
45 21
67 33
62 37
92 23
95 42
30 74
36 87
59 7
64 87
19 39
41 36
76 44
17 38
58 66
6 27
72 96
88 10
52 81
10 69
38 52
30 89
68 93
26 47
95 35
20 42
40 47
68 1
85 70
90 38
20 16
43 99
23 44
27 85
40 30
61 12
30 88
28 22
77 13
55 65
33 45
9 68
46 94
9 61
92 4
75 27
11 17
26 49
56 63
52 85
61 27
75 9
36 5
92 52
25 22
8 15
84 93
82 8
23 26
29 52
37 91
100 18
62 68
14 48
80 21
2 62
25 67
79 83
31 87
22 64
3 74
47 61
24 89
94 84
75 50
88 66
79 33
71 70
51 54
71 3
85 18
93 50
72 55
95 11
4 88
72 2
18 92
39 69
71 63
28 58
48 78
46 71
42 80
9 29
68 22
65 69
35 18
26 46
44 37
95 18
19 81
81 71
100 81
36 7
17 69
87 72
18 67
85 50
2 99
77 72
92 26
78 49
45 83
1 77
55 14
6 25
62 91
28 27
72 14
4 63
88 85
52 93
76 10
88 43
39 18
40 54
22 37
8 20
83 88
35 33
51 63
4 24
7 29
5 77
31 98
76 92
56 27
33 61
64 51
27 93
82 42
68 92
60 53
67 7
68 95
65 50
21 13
80 76
82 47
48 23
96 47
59 43
37 69
68 52
67 72
4 56
18 27
53 48
88 48
33 25
25 14
49 85
22 29
81 9
12 39
38 36
78 82
29 35
3 89
58 73
61 40
78 70
5 30
85 66
89 20
60 98
53 93
93 30
20 63
97 38
64 85
37 63
93 40
51 53
90 13
68 74
39 63
79 32
22 9
74 11
28 49
69 56
50 55
8 68
14 42
5 46
26 27
82 61
25 24
98 81
25 21
92 69
100 66
41 11
62 13
57 37
12 78
95 90
24 33
89 84
48 42
2 47
45 97
34 88
70 45
28 81
85 56
49 27
13 43
86 77
67 30
81 37
51 46
22 26
19 80
48 1
48 29
59 52
58 64
71 58
90 71
80 11
2 64
79 72
35 46
7 100
92 73
51 20
88 77
45 2
60 64
79 25
44 42
56 28
13 66
7 43
43 15
97 37
6 94
76 6
85 25
1 8
95 96
54 97
3 25
56 44
75 30
75 59
55 46
86 44
99 16
32 25
79 31
46 11
85 40
55 79
2 81
76 34
93 96
76 18
31 69
84 50
68 14
70 3
9 28
78 97
15 7
31 89
1 95
26 88
62 25
33 20
44 9
34 90
43 29
14 51
84 34
4 8
48 96
56 13
23 21
87 8
62 27
97 5
58 38
4 87
45 23
100 5
36 83
36 61
24 19
6 59
11 9
5 44
64 33
98 79
57 31
45 73
47 59
53 55
3 34
25 27
76 66
52 20
55 24
99 49
16 56
2 19
64 11
4 18
95 40
78 72
73 2
4 81
97 16
57 78
21 18
38 91
4 21
35 57
25 48
38 44
96 36
42 50
53 43
66 24
3 18
79 7
40 8
25 15
22 49
44 53
90 36
4 55
56 37
27 46
5 81
70 26
48 56
56 95
46 68
82 23
52 91
59 69
27 84
18 43
100 46
4 69
11 23
10 33
85 80
23 20
54 19
48 97
17 36
15 49
55 99
100 59
61 78
31 96
35 84
59 96
59 91
13 68
87 28
51 77
23 36
66 49
78 58
59 3
5 32
91 83
22 47
18 70
37 40
87 1
54 36
22 91
86 42
38 25
58 49
37 16
82 94
52 9
77 64
51 90
45 93
32 28
43 48
55 42
7 95
93 59
59 46
39 65
86 72
32 15
50 11
68 61
82 66
31 99
14 4
92 34
55 52
41 65
2 77
40 41
6 52
11 71
82 13
38 28
17 91
6 81
46 97
88 50
81 31
74 33
29 78
10 30
64 96
81 97
68 45
21 64
2 4
46 53
60 91
100 62
72 37
34 18
51 42
50 78
2 93
28 47
20 2
74 55
17 95
96 53
57 12
51 7
94 65
5 13
38 83
61 89
63 31
82 69
60 27
17 13
62 99
18 66
54 79
27 22
63 38
84 41
94 87
94 11
88 28
16 52
76 7
83 64
68 29
38 32
38 65
35 67
54 46
87 23
70 98
78 75
89 46
41 64
62 54
37 21
79 5
33 28
37 78
15 29
75 20
19 27
53 68
82 28
82 80
1 93
73 99
59 24
52 82
92 83
40 17
11 36
20 55
22 72
21 82
72 11
59 31
3 68
46 67
2 61
31 46
67 38
80 49
44 2
96 78
56 57
96 55
33 76
82 37
76 20
97 18
55 85
99 78
50 33
43 8
41 89
98 58
81 92
10 90
77 83
37 8
89 8
97 50
26 76
94 9
23 46
74 75
65 19
26 51
93 49
24 83
67 8
3 39
18 71
7 19
55 27
52 37
80 38
12 72
81 95
57 41
91 96
100 2
83 72
17 4
58 27
75 87
73 83
46 65
45 36
70 88
44 60
60 88
57 7
16 34
82 63
42 63
72 84
75 24
4 12
26 21
28 92
19 62
19 75
8 51
97 84
99 4
94 16
60 55
88 21
10 85
31 13
7 1
69 6
95 93
82 30
11 5
99 6
39 73
86 54
68 41
70 36
16 96
4 26
2 68
30 73
32 75
47 60
46 41
83 86
52 62
48 75
34 86
90 49
83 78
35 23
1 14
45 78
91 84
57 1
96 57
5 10
71 96
89 42
17 87
9 50
19 91
99 24
31 62
82 54
78 54
44 25
9 3
11 75
9 23
73 36
71 73
37 25
43 20
32 20
80 20
81 7
71 44
12 98
55 38
2 60
46 52
59 25
49 91
48 92
82 16
59 60
54 55
81 23
21 86
34 61
56 86
55 69
6 12
25 84
51 30
7 4
66 29
86 29
14 27
73 70
69 48
88 15
80 5
70 24
64 38
89 54
95 48
79 56
32 17
61 83
32 4
9 77
91 8
69 11
55 78
28 94
7 40
36 34
6 64
62 16
7 47
23 8
72 92
99 64
47 17
21 46
90 91
95 53
85 86
39 70
61 32
19 58
84 100
75 37
75 40
84 46
62 28
30 35
46 80
48 44
35 86
63 69
3 72
48 98
28 20
89 59
21 81
86 59
7 84
99 26
50 96
46 36
27 96
34 77
12 21
15 27
56 43
76 37
39 41
35 61
91 88
63 79
5 85
55 13
43 91
43 94
27 73
21 29
29 45
10 83
91 71
28 79
71 47
37 41
12 49
71 92
5 14
64 47
87 100
40 15
45 5
77 21
58 40
43 19
100 76
60 65
77 18
54 12
39 28
2 16
45 62
16 92
7 48
97 30
23 31
53 31
63 24
83 48
43 60
51 79
72 66
89 13
31 16
23 100
93 9
29 6
8 98
39 30
99 20
35 8
68 71
19 55
66 57
39 89
17 60
98 39
76 47
51 66
89 83
19 68
85 48
58 16
45 60
75 70
44 31
9 6
5 4
17 6
33 3
28 65
74 53
74 47
7 72
59 44
42 58
62 83
83 16
65 89
94 75
1 64
51 17
35 42
69 3
31 37
77 50
89 15
96 23
59 33
78 4
14 43
85 62
44 98
14 8
91 32
90 35
48 93
66 63
54 1
78 81
59 95
26 2
36 26
96 17
39 14
59 19
3 79
70 8
78 27
1 38
55 59
97 72
40 90
86 28
59 35
76 16
9 39
54 91
9 91
53 98
4 72
70 66
57 25
45 28
69 91
86 84
63 87
72 48
82 90
68 99
5 56
78 95
41 27
68 57
72 65
88 44
50 51
39 72
96 70
63 91
29 26
17 55
21 74
37 38
10 3
3 54
83 81
6 5
79 78
48 90
45 55
54 45
3 16
46 88
73 65
56 50
53 19
5 9
56 100
35 100
68 64
87 18
90 84
97 73
100 73
71 55
9 67
70 42
22 87
6 57
41 42
72 52
10 93
94 17
11 47
46 15
12 60
51 95
23 38
91 48
88 19
97 35
59 32
27 16
13 63
77 73
25 10
57 22
44 45
31 92
53 37
92 32
87 57
92 12
70 5
25 29
66 1
58 57
37 24
88 41
63 30
79 44
27 95
67 90
12 20
78 35
10 71
14 92
85 60
71 33
40 94
21 61
58 22
94 42
32 47
15 84
28 35
55 2
90 3
64 25
3 46
15 87
60 25
92 59
93 70
46 48
61 17
83 95
11 67
14 40
79 45
93 39
68 56
59 20
27 31
85 34
81 39
46 33
29 64
31 33
3 22
22 42
15 36
38 51
23 50
74 91
44 47
67 43
25 81
85 93
15 21
61 99
32 40
25 71
31 6
99 80
95 22
98 86
9 92
55 64
51 33
62 49
7 25
60 21
36 2
98 55
94 71
28 71
5 82
8 6
8 79
93 63
15 31
94 83
16 4
55 82
98 54
72 46
95 24
81 67
35 20
2 57
7 55
4 96
96 67
44 29
89 67
95 60
6 88
56 64
38 4
72 85
1 37
75 97
68 65
83 55
33 100
33 97
43 5
95 70
95 39
37 43
44 3
86 18
2 40
62 39
72 47
81 84
55 3
93 55
54 83
10 61
48 32
8 95
40 34
13 23
66 87
48 55
79 42
75 65
79 29
36 1
22 20
20 64
52 53
3 50
97 41
45 48
32 71
37 100
61 96
4 77
93 35
43 79
21 39
89 21
31 19
34 78
73 56
40 43
24 90
85 89
82 58
77 32
77 52
18 80
59 68
7 20
85 96
99 84
30 1
53 59
8 69
17 66
28 61
91 44
99 76
92 13
38 24
12 3
73 6
14 21
11 21
43 86
51 3
15 83
16 57
69 67
58 44
19 61
23 74
99 22
74 54
47 75
50 91
47 41
96 33
17 65
46 24
97 23
38 93
85 41
26 40
29 75
77 58
66 86
82 67
66 2
41 79
1 67
1 12
52 74
