100 2625
23 29
56 12
49 32
9 2
34 46
80 94
71 61
90 62
81 47
2 36
24 93
24 7
2 49
90 67
29 69
59 11
65 51
65 76
10 97
66 41
50 98
81 49
17 23
87 72
4 19
85 7
19 94
1 86
44 63
61 90
17 53
2 79
45 16
35 71
23 24
91 100
13 23
39 36
93 94
82 36
100 97
40 67
83 4
77 88
33 58
68 16
42 86
75 43
99 56
61 54
68 45
43 80
24 95
64 44
8 88
45 44
95 29
7 69
38 44
58 84
31 5
86 72
71 48
40 26
40 31
28 74
40 4
66 68
64 1
57 16
81 36
24 86
7 76
52 86
26 70
82 83
65 43
5 9
83 70
54 84
69 98
55 41
87 95
21 88
51 95
91 72
79 20
79 30
18 42
44 34
14 71
31 11
22 84
25 80
90 49
21 63
22 38
7 64
15 84
37 29
15 87
26 96
23 78
29 74
75 34
51 85
5 15
30 36
97 31
76 27
38 70
90 96
35 74
81 44
8 35
44 60
8 59
78 9
43 21
75 48
88 23
98 52
64 8
10 100
10 96
99 31
42 66
40 68
53 22
13 48
27 92
27 12
23 31
51 4
14 58
47 35
69 34
24 15
29 94
71 76
99 42
54 25
74 67
79 21
75 52
96 40
58 24
49 85
38 14
57 93
9 1
2 51
78 66
28 40
8 70
17 87
78 61
34 8
52 17
66 35
6 36
11 27
53 19
6 19
4 28
63 73
57 7
32 37
50 82
88 24
59 46
61 68
30 16
87 24
88 49
53 4
10 51
32 31
94 12
25 35
93 12
39 33
24 56
24 91
65 35
70 62
52 11
25 96
76 51
2 83
8 32
66 67
50 85
5 30
21 18
52 10
69 42
55 37
44 26
10 60
26 92
12 23
42 17
67 78
2 70
93 61
16 60
91 89
25 42
54 69
13 81
91 59
6 90
89 100
84 36
63 48
71 89
46 75
13 63
67 17
80 70
22 25
5 83
90 33
44 90
88 64
94 15
97 88
74 95
5 11
70 90
67 3
10 29
45 19
29 48
100 6
91 70
50 21
35 86
71 58
34 83
77 81
27 94
81 60
74 46
94 46
6 24
39 35
6 80
96 92
75 83
75 29
8 15
11 40
5 19
30 38
47 25
36 32
63 28
70 42
60 33
22 9
8 14
21 10
54 21
8 63
59 26
43 17
58 6
87 82
63 91
20 70
90 82
98 99
31 86
68 49
52 85
47 33
31 78
10 3
60 87
86 73
50 19
83 54
53 96
67 77
78 35
65 1
84 74
54 58
39 13
59 72
79 9
80 52
13 22
61 98
32 94
70 56
80 20
98 26
12 16
14 25
43 62
17 79
51 8
41 74
85 78
72 61
40 3
26 42
89 31
98 29
54 48
22 58
36 7
13 57
54 20
12 88
12 17
58 28
21 2
85 12
74 21
77 58
94 10
94 60
25 6
12 1
29 78
73 81
47 75
16 24
18 51
85 73
26 2
32 84
14 80
64 47
33 99
49 5
1 85
44 30
20 86
10 90
57 46
58 62
5 55
58 96
99 58
61 15
51 90
99 70
38 50
53 97
22 32
64 56
40 72
89 64
14 68
48 38
47 15
59 97
91 4
91 99
67 31
72 13
90 99
84 83
73 21
51 53
65 11
45 87
45 43
83 44
26 8
44 100
24 54
66 53
87 94
39 83
92 17
72 44
96 5
77 50
45 92
4 27
30 55
16 92
85 55
1 66
71 85
8 94
18 1
80 62
74 45
6 70
55 23
21 34
85 100
63 9
27 40
31 54
70 66
19 74
20 2
85 54
6 75
73 68
12 83
42 73
76 18
67 4
49 12
97 21
66 79
82 70
42 21
57 79
67 18
57 98
77 51
35 2
8 17
56 4
76 37
63 68
75 92
65 99
28 78
27 7
90 69
5 8
69 35
66 45
30 7
47 38
58 80
85 77
11 42
96 93
55 80
63 14
90 19
96 74
73 15
86 54
95 63
99 22
38 19
23 45
57 97
43 60
91 73
56 87
91 8
11 95
25 58
72 34
90 50
18 44
95 73
3 83
66 7
72 67
29 58
41 58
17 2
24 29
40 30
23 86
56 14
19 88
39 71
56 94
73 76
63 38
84 4
28 6
28 23
44 53
94 95
47 96
65 14
100 53
39 64
57 32
3 66
93 13
25 53
65 22
73 23
65 24
17 91
78 4
100 22
90 31
65 21
94 35
95 9
71 69
16 9
29 92
22 42
12 62
33 89
20 23
93 4
40 18
30 92
44 74
6 65
54 39
1 41
63 90
21 31
12 2
6 79
32 41
10 8
80 60
2 14
81 43
67 1
79 47
26 67
60 47
8 92
60 69
83 98
72 63
78 50
3 58
14 75
91 71
69 68
20 9
16 87
26 43
92 46
56 50
26 71
77 56
10 23
60 39
60 96
84 60
73 83
65 16
97 50
47 24
37 22
17 73
54 5
24 55
60 72
86 32
80 48
42 6
39 47
16 80
13 26
4 47
93 51
63 74
82 45
14 6
88 78
64 38
10 42
79 32
54 73
38 53
94 26
1 62
36 68
72 89
71 90
22 27
77 24
92 72
87 23
9 65
74 27
72 79
7 95
30 39
12 48
1 22
92 44
24 22
43 88
10 56
86 56
45 57
71 86
92 61
98 73
24 69
70 7
64 20
9 81
23 27
8 60
47 73
46 43
60 26
96 24
78 47
97 44
67 84
79 88
9 43
11 46
42 2
26 28
48 60
3 1
92 47
41 80
31 2
33 76
87 12
59 63
18 95
57 80
14 86
67 8
67 43
81 33
69 65
8 38
36 83
27 19
86 37
13 56
67 5
93 18
24 35
26 57
7 61
86 50
34 18
31 16
31 41
70 97
31 22
68 90
50 5
84 10
77 87
82 85
77 80
23 91
2 22
100 26
52 87
99 35
100 68
27 77
100 20
85 19
40 85
35 38
59 23
42 44
23 44
55 4
67 63
93 35
93 74
86 89
49 98
42 3
61 40
43 34
56 82
49 1
75 68
96 8
50 15
9 97
56 63
4 8
12 22
80 97
43 78
37 34
84 44
10 99
65 79
22 59
83 21
2 47
53 16
90 88
85 94
51 23
76 16
4 48
27 75
90 46
96 12
75 38
19 54
23 36
76 9
94 48
9 99
99 78
69 94
19 100
92 100
31 7
5 99
47 42
89 81
2 25
35 87
15 32
99 68
13 60
46 61
57 40
40 50
43 37
90 98
32 59
80 82
4 92
76 5
91 12
20 87
72 56
95 80
94 33
87 44
25 30
66 30
73 27
21 23
29 61
70 44
13 75
9 18
11 26
50 14
96 55
59 61
50 49
42 78
30 85
5 34
71 25
7 53
54 63
20 43
65 5
88 53
73 31
56 36
36 85
77 46
76 36
86 83
26 56
78 48
89 68
22 11
9 61
57 73
27 56
58 78
50 59
99 83
99 48
29 25
77 96
8 76
45 22
48 39
7 55
9 87
11 69
48 89
48 76
89 96
96 71
81 4
17 60
64 49
76 31
76 42
34 28
52 72
32 26
39 66
56 35
88 60
7 35
39 7
62 95
67 9
82 15
50 71
26 61
25 8
43 92
61 41
37 52
50 62
45 36
1 7
37 41
30 75
87 39
91 81
63 82
22 61
24 51
1 88
2 24
98 34
66 18
21 40
26 1
1 11
76 14
3 59
6 87
49 35
17 51
93 59
10 33
32 54
12 74
14 77
7 94
64 13
10 53
91 46
21 25
28 54
70 18
79 93
48 69
35 96
96 37
11 28
22 85
5 36
52 61
2 18
20 65
88 42
99 25
83 51
3 91
95 53
62 100
82 89
52 6
24 57
36 70
45 2
28 25
96 27
6 33
54 100
50 72
32 53
19 29
90 14
55 76
95 23
48 64
91 97
20 99
91 90
39 4
45 75
74 47
27 18
84 31
84 79
20 53
76 1
67 100
83 16
60 12
84 62
78 83
10 27
93 77
99 45
30 80
15 23
33 100
17 30
43 23
60 22
9 32
68 25
49 27
95 31
81 29
85 17
2 67
55 84
18 87
4 29
21 76
3 45
14 3
98 10
88 69
80 51
61 91
80 24
22 91
42 64
68 17
63 92
47 10
61 58
96 56
41 40
7 34
7 40
72 54
86 96
76 92
6 2
27 21
90 56
1 21
87 70
26 95
97 16
8 31
69 31
69 17
54 34
2 80
52 88
20 58
80 37
29 45
52 4
62 73
97 35
72 26
37 47
69 61
2 69
76 22
67 10
33 69
61 12
28 90
10 77
16 51
22 78
32 38
33 96
28 85
21 30
24 73
77 5
65 31
68 83
25 73
31 94
90 24
65 86
60 25
79 69
90 80
50 79
24 82
77 65
59 18
37 8
64 68
46 22
99 21
21 39
84 66
44 85
78 30
14 85
47 69
73 37
99 57
91 79
4 99
75 24
99 80
9 42
3 55
76 50
17 54
33 45
59 6
6 39
33 11
1 52
31 98
4 6
31 74
61 70
92 99
38 86
87 31
53 61
12 45
66 31
34 79
6 31
17 86
14 39
46 16
32 78
33 54
37 5
97 85
39 59
13 37
34 11
97 99
34 67
99 49
84 76
16 89
39 85
74 60
67 88
82 95
22 81
14 41
82 88
40 54
93 78
32 18
88 59
1 13
98 89
45 85
90 16
76 62
39 69
83 43
95 8
9 54
91 49
6 66
22 23
42 46
27 99
99 39
86 69
2 32
40 60
25 26
35 1
97 95
60 91
46 49
52 31
19 3
15 74
6 62
39 43
5 97
73 4
43 99
37 33
76 68
95 2
42 82
64 94
100 69
10 62
33 23
11 19
47 86
97 2
25 91
53 98
32 58
82 28
37 67
36 86
29 38
82 13
63 17
41 76
47 17
3 84
46 30
56 25
55 46
91 42
20 28
97 67
3 99
88 58
18 11
14 64
78 21
8 97
15 19
43 1
24 67
69 72
57 71
57 95
80 32
94 54
95 3
16 39
82 71
49 26
58 91
37 68
78 7
10 39
45 50
97 15
63 93
26 5
53 70
16 84
69 74
23 41
71 31
1 91
22 92
40 6
75 84
91 34
48 83
86 15
39 26
79 83
20 78
24 38
84 27
86 33
66 71
87 86
65 66
71 84
2 16
9 66
83 9
81 15
64 57
41 48
61 86
37 56
70 60
49 79
15 56
96 42
100 57
17 72
95 39
47 94
48 58
88 87
37 11
22 3
13 71
31 63
39 88
89 17
93 86
82 94
53 74
98 84
18 68
18 89
72 71
78 60
12 8
14 35
97 4
97 36
89 60
76 44
20 98
63 79
92 70
1 45
10 15
61 47
78 63
22 66
82 31
10 85
18 46
15 89
20 40
100 1
48 35
89 83
57 50
5 40
68 57
2 10
70 34
1 84
73 9
91 53
15 29
98 24
16 73
1 72
56 17
42 37
45 47
44 36
33 24
71 53
91 98
82 84
90 36
23 71
82 10
42 92
49 10
50 16
30 1
12 44
29 88
64 67
94 14
77 22
34 68
53 45
50 18
30 63
61 2
30 14
37 98
41 99
60 55
43 96
61 27
6 23
13 87
40 58
62 83
47 70
80 88
56 88
19 8
9 26
72 37
4 63
60 65
9 10
75 90
38 84
61 16
54 93
54 4
87 61
83 19
21 35
13 7
22 83
21 64
77 89
1 40
74 75
72 100
12 64
58 15
52 32
96 31
12 69
9 38
45 59
85 66
91 20
8 83
30 58
68 54
12 20
26 80
44 82
28 27
6 85
7 100
7 99
55 47
9 50
24 31
28 95
70 17
58 98
84 86
16 26
20 25
97 58
99 12
5 28
6 20
11 45
18 7
46 64
2 75
29 11
73 61
73 41
97 14
80 21
93 43
20 48
76 77
15 85
85 16
7 59
88 45
11 25
98 100
89 90
32 40
63 6
24 20
22 6
28 31
27 47
64 79
82 60
7 89
76 11
1 93
52 70
71 74
80 3
59 75
30 91
30 52
25 19
46 39
31 80
37 61
8 3
27 93
18 91
58 8
74 97
65 88
40 71
96 2
17 88
93 10
41 52
77 47
1 78
69 77
12 84
73 75
25 62
97 64
69 15
9 29
73 20
44 86
16 63
51 74
22 93
87 2
47 40
50 96
11 66
52 44
48 15
17 76
27 66
38 78
46 10
21 29
25 64
71 45
28 21
41 97
89 10
83 59
56 98
54 10
19 65
55 8
88 38
100 88
42 85
1 2
84 24
88 6
12 43
67 32
37 9
31 39
90 76
85 23
83 55
39 74
3 28
24 40
98 3
70 16
3 72
66 21
56 7
54 74
71 30
28 53
28 57
14 33
32 50
19 2
62 2
88 36
46 82
50 17
93 60
10 72
20 44
21 100
37 7
72 11
49 54
55 75
66 97
75 37
5 41
90 100
3 79
62 26
30 26
3 89
66 8
55 35
72 16
2 27
28 47
93 37
47 76
62 81
30 62
8 33
42 72
62 53
53 73
14 47
67 44
40 65
28 61
48 6
88 13
91 7
3 54
54 41
75 91
3 85
14 98
2 73
43 7
92 39
9 53
21 19
54 15
48 97
36 51
83 61
4 72
55 39
11 62
77 8
36 21
87 48
89 1
72 36
14 4
13 41
8 68
10 68
24 45
55 58
33 56
89 30
17 58
6 81
22 64
21 81
70 54
10 6
92 34
27 29
39 25
5 51
12 53
16 17
91 56
92 33
26 51
6 29
73 51
43 59
81 65
86 62
69 76
23 7
14 70
48 33
65 26
61 64
8 13
79 26
99 47
46 51
6 74
10 44
37 46
39 58
14 26
96 59
72 55
17 6
46 21
37 99
20 27
77 66
24 21
94 49
95 56
3 30
88 71
95 99
89 56
20 5
5 42
86 39
44 51
60 67
27 45
51 39
90 73
60 20
25 18
55 79
100 14
5 17
14 24
88 84
7 58
76 46
51 96
75 4
72 46
3 57
3 90
12 95
49 71
91 80
95 17
37 14
72 98
97 1
46 12
62 17
98 39
33 87
72 77
41 27
93 3
16 34
15 36
89 55
76 70
32 27
87 59
14 72
26 58
9 72
14 28
93 6
14 18
61 4
13 68
9 70
77 23
92 12
29 89
60 76
79 74
41 36
27 39
54 98
15 44
82 76
17 20
21 26
64 2
91 44
55 77
10 26
5 22
15 76
41 17
55 10
58 68
42 8
74 50
57 81
11 35
5 10
44 33
3 21
79 19
14 78
33 64
69 18
18 24
65 2
36 19
12 55
41 87
88 66
24 63
36 65
18 19
36 92
85 8
97 19
11 57
72 38
65 57
15 70
48 67
89 25
81 67
87 100
56 30
32 47
26 19
90 27
51 82
81 90
6 46
69 50
94 13
8 6
26 23
35 72
74 9
76 26
47 67
42 98
41 96
52 7
44 31
60 54
19 31
24 49
78 72
23 30
59 25
57 5
26 87
2 40
4 5
12 32
67 19
5 48
30 28
58 10
9 40
35 29
76 59
82 18
77 44
50 60
10 88
65 74
52 92
1 81
81 8
100 58
30 67
35 57
52 12
30 51
30 2
96 91
5 95
28 79
60 68
42 100
53 21
85 38
40 70
32 55
33 98
64 95
93 58
2 57
90 57
73 30
34 84
24 32
80 39
29 5
67 76
33 34
81 63
13 83
82 53
100 74
41 51
80 98
40 59
93 88
65 44
96 84
40 90
100 84
14 55
56 46
88 95
17 98
34 78
56 69
41 93
78 5
72 58
83 91
8 46
97 29
85 33
37 39
91 82
46 25
9 89
73 93
1 73
96 1
43 10
47 62
26 37
28 45
1 94
80 59
77 75
81 55
11 92
79 25
32 56
45 69
100 52
20 68
23 1
82 39
50 26
86 41
75 80
30 70
12 89
42 23
69 20
38 12
92 48
29 30
80 56
29 20
34 61
41 3
11 78
89 22
87 63
43 86
76 53
100 94
82 43
53 5
7 81
8 75
76 12
58 21
86 76
13 84
46 88
85 35
52 28
22 36
96 65
5 70
31 12
16 5
2 43
11 13
71 65
29 60
41 49
46 70
55 13
49 69
65 47
6 69
19 68
11 98
33 31
57 17
56 16
88 99
43 56
56 75
83 38
45 17
100 79
73 82
44 32
53 35
64 78
16 49
70 28
79 90
12 68
48 42
40 97
23 67
21 85
43 72
66 100
65 68
55 52
54 99
96 64
86 4
22 49
35 62
68 44
27 52
88 16
69 87
56 45
25 33
14 82
62 66
50 94
61 38
12 50
52 50
14 88
15 1
28 18
57 54
33 19
29 67
68 74
30 11
27 48
86 11
2 78
49 28
65 82
21 7
1 58
2 53
50 24
68 71
49 72
90 29
80 15
92 56
87 85
3 9
17 46
16 10
96 22
59 47
70 64
51 52
79 53
64 43
96 83
44 25
69 8
97 30
55 18
26 4
50 83
8 22
83 71
13 92
16 100
76 24
46 40
9 36
82 38
98 32
71 100
26 88
28 98
68 33
29 64
49 96
26 20
59 94
11 14
25 69
90 9
23 40
95 81
60 14
10 31
33 55
53 54
15 12
23 61
94 23
68 21
35 16
75 7
82 37
10 36
39 8
19 32
3 27
25 78
11 41
81 59
63 40
4 9
36 29
61 33
62 68
67 98
46 44
72 93
59 33
44 16
72 95
77 36
4 46
70 75
75 28
53 36
66 34
14 16
67 75
34 32
75 1
61 99
56 23
74 5
76 58
54 18
21 84
54 78
95 67
25 49
57 69
79 40
74 18
81 70
59 49
13 33
43 53
79 87
13 97
27 68
80 34
100 64
26 27
37 85
87 73
78 6
92 37
2 99
63 97
8 100
14 36
51 97
39 18
88 55
70 57
95 93
90 39
68 81
49 87
21 72
80 40
92 51
5 23
52 69
75 82
99 24
68 43
12 30
34 77
92 1
87 98
10 48
27 62
93 68
6 35
66 89
98 41
36 27
55 38
82 54
20 34
86 5
61 95
56 67
85 84
87 90
87 67
59 89
47 20
85 95
86 27
8 62
45 67
7 4
19 42
36 87
99 87
94 51
97 54
73 45
38 62
89 54
25 10
66 54
84 99
88 51
69 1
66 74
51 86
81 17
84 51
71 60
95 47
98 30
1 44
4 15
76 13
45 51
11 82
58 92
28 42
77 18
92 77
61 50
66 69
64 18
88 15
69 23
94 61
79 48
41 12
1 74
18 56
66 33
7 87
89 21
78 75
3 24
16 18
64 84
3 25
55 73
5 24
81 100
74 40
98 68
36 47
57 78
42 41
91 62
47 90
56 73
68 46
32 63
70 22
37 49
96 16
100 11
35 91
31 18
96 36
5 66
27 38
71 87
72 81
56 100
69 53
98 6
30 54
25 1
35 41
86 100
39 89
94 3
2 98
96 52
9 33
4 13
94 24
70 88
48 55
37 58
64 5
79 41
34 45
82 48
9 7
99 15
93 97
94 44
95 78
57 21
44 48
13 74
40 48
48 14
60 36
35 80
58 82
85 20
65 10
65 18
8 80
15 43
62 32
55 43
44 78
18 72
23 47
91 40
4 2
88 75
77 78
6 38
93 84
7 72
59 5
29 28
24 9
3 13
54 50
32 100
11 93
1 36
50 58
6 86
28 80
25 36
72 53
33 74
26 24
37 70
97 86
28 73
68 85
97 98
2 15
63 47
1 27
16 28
13 24
40 75
53 11
90 65
32 71
32 70
38 10
72 84
18 47
14 44
17 38
9 60
32 97
51 78
90 60
34 59
77 11
38 100
94 57
41 70
69 3
25 93
57 10
69 84
16 32
13 78
43 79
77 30
39 62
95 43
43 63
54 65
87 10
33 30
6 51
90 13
83 6
10 1
81 37
31 68
6 26
57 19
60 51
9 69
17 1
49 47
11 84
98 77
66 92
75 71
79 62
69 63
30 8
42 53
92 89
46 83
18 63
45 77
91 19
35 92
59 41
95 30
95 16
96 85
60 42
65 58
22 82
95 48
23 70
52 68
17 21
87 46
97 26
57 56
50 84
96 46
45 14
29 26
69 67
16 13
37 10
63 15
81 26
89 23
83 29
95 27
91 74
95 1
51 57
30 57
39 40
10 12
41 8
26 69
26 85
96 73
47 58
57 77
84 47
15 72
19 96
7 68
61 39
50 33
37 94
1 90
69 32
38 42
20 52
37 64
30 60
21 69
18 81
57 74
61 19
86 46
59 42
22 73
96 69
12 66
47 68
97 71
74 4
38 46
7 96
98 85
45 100
83 87
57 18
78 53
91 67
63 39
12 78
4 60
34 17
68 94
93 83
39 84
58 52
27 17
100 23
77 31
14 69
15 14
65 28
59 69
95 4
46 23
81 82
24 59
28 89
75 97
26 41
92 64
80 79
100 46
98 62
83 53
87 34
59 9
72 74
94 34
29 62
29 16
64 23
53 47
31 75
19 37
72 64
57 49
71 12
19 24
5 80
43 97
90 93
64 65
8 87
46 35
15 27
13 35
14 52
94 40
53 58
76 63
60 56
83 56
40 69
63 61
77 29
78 79
33 1
98 43
59 16
8 71
74 24
8 21
67 58
47 8
53 86
1 79
15 13
36 57
35 32
47 57
84 94
46 13
23 8
98 19
79 23
56 66
46 60
26 31
77 21
66 14
17 100
96 44
83 40
73 65
85 74
17 14
24 44
80 44
5 92
59 99
12 59
32 29
5 7
10 73
74 43
80 29
35 76
5 87
88 68
39 91
6 3
88 22
32 76
3 68
76 28
75 99
26 84
23 75
41 56
48 34
68 30
22 74
53 94
58 94
33 97
6 82
69 16
41 53
59 64
16 66
75 33
100 36
92 88
71 56
97 65
35 60
93 76
28 96
35 83
31 13
25 88
91 66
86 68
30 50
92 31
37 23
84 52
87 51
75 72
52 46
49 38
42 68
97 81
78 52
33 12
6 13
86 29
48 51
89 76
4 30
49 21
58 86
53 55
31 15
80 36
1 42
92 60
7 50
27 97
88 7
60 31
78 81
48 49
89 38
92 65
20 82
57 22
20 72
41 62
81 45
85 48
59 10
31 20
5 18
71 36
91 36
33 35
95 42
31 35
49 17
39 57
66 87
85 47
79 46
75 66
94 55
67 21
25 41
83 88
22 14
89 5
87 89
57 76
90 8
37 35
91 76
48 66
97 79
50 31
53 60
30 87
7 16
73 38
67 65
11 80
41 78
38 56
59 51
20 88
29 76
91 9
9 6
28 15
37 84
31 64
28 88
44 89
50 44
82 62
44 3
48 17
98 38
33 88
84 7
97 7
19 75
6 1
65 89
10 69
55 54
94 86
67 96
68 78
47 87
23 39
72 12
3 88
41 95
99 77
35 77
69 22
50 53
25 67
43 32
87 27
87 42
65 12
72 83
94 25
50 68
37 18
71 21
69 93
38 43
43 6
73 19
28 87
95 79
4 82
92 21
38 60
90 2
81 11
68 6
11 50
9 100
67 38
38 39
72 32
49 6
68 53
11 90
23 11
39 22
92 23
46 3
29 68
84 42
13 96
82 27
19 51
14 73
60 49
32 42
28 10
95 58
88 81
27 70
14 62
85 60
31 4
36 16
56 9
26 99
95 65
73 7
91 87
63 96
21 13
33 67
65 49
91 16
29 100
87 58
92 93
43 16
66 95
74 16
94 70
65 98
70 29
60 75
66 25
67 50
63 7
76 85
66 96
