100 2633
29 75
95 93
31 88
12 85
54 28
80 70
1 75
33 47
79 82
32 53
32 29
48 59
80 29
80 22
67 97
69 100
19 41
63 47
5 1
100 56
3 11
2 14
88 46
3 41
53 2
15 90
15 41
58 78
5 39
77 70
45 40
12 53
37 46
89 92
25 55
36 27
55 32
12 6
43 89
22 37
27 29
14 3
8 28
90 30
35 82
92 4
97 89
43 68
91 19
80 9
31 47
76 54
30 24
26 71
98 100
9 8
77 31
48 49
99 26
40 66
99 89
90 79
37 12
68 3
17 11
63 7
100 30
92 43
63 56
77 10
73 32
66 53
3 80
55 54
87 15
83 76
31 98
6 5
57 58
2 33
94 89
88 30
26 4
76 47
50 60
10 94
68 97
79 61
81 53
100 33
23 13
35 27
70 3
71 18
25 93
35 91
50 18
68 22
77 48
36 75
76 35
21 16
42 26
39 70
74 90
47 68
52 64
68 42
52 22
26 16
31 51
60 9
98 40
31 76
53 31
8 13
14 15
77 59
5 92
93 81
37 47
62 52
70 7
89 9
25 56
94 52
25 29
82 12
59 25
90 7
67 89
30 62
57 37
15 49
22 49
94 63
36 45
54 93
98 71
53 85
19 35
24 74
46 91
50 62
91 77
54 40
96 74
7 27
30 53
90 53
38 60
80 2
49 83
29 91
70 21
63 30
74 69
26 77
65 77
10 70
76 20
92 30
24 80
75 34
91 57
77 45
22 26
35 68
93 84
69 72
47 75
57 15
83 33
53 38
74 11
21 90
48 85
57 99
94 26
49 90
51 63
3 47
86 91
28 19
10 35
30 37
98 60
55 100
13 74
43 29
95 97
92 59
90 45
74 49
45 94
34 85
73 26
44 22
26 96
37 13
74 21
95 74
89 48
3 90
32 71
32 5
45 27
44 83
29 39
50 29
74 73
45 23
39 69
36 1
42 60
100 26
68 32
20 7
64 76
65 83
3 17
56 87
78 47
49 47
66 48
68 16
46 95
42 78
84 100
4 95
56 61
43 71
51 2
91 68
41 62
65 6
39 12
28 40
57 6
13 10
86 82
35 44
65 25
79 25
90 52
8 72
20 8
16 76
78 74
81 73
87 5
1 56
42 74
4 87
84 18
21 19
37 35
83 40
69 94
28 3
37 80
88 14
61 33
67 6
34 92
33 95
49 10
3 27
52 3
14 63
44 69
84 14
98 89
88 44
2 86
39 98
99 96
29 2
91 43
93 70
2 83
66 47
53 95
58 66
94 39
35 28
96 43
22 34
50 40
58 87
16 98
12 7
94 60
90 96
61 35
87 35
52 47
38 95
40 20
48 95
65 43
2 1
40 82
84 78
67 15
55 76
81 80
36 17
91 21
26 40
68 38
68 49
56 11
52 34
56 42
36 88
53 6
4 11
44 56
84 1
73 89
83 26
73 77
82 70
55 84
25 41
2 77
36 61
93 32
78 43
62 80
35 90
30 12
21 68
46 19
80 15
97 65
44 46
74 45
93 6
75 20
68 2
85 15
57 5
21 67
20 1
11 79
33 87
22 57
35 53
22 75
83 34
55 15
23 74
37 2
20 45
73 69
41 18
60 23
9 75
1 79
23 56
5 21
16 5
73 6
98 35
100 52
1 68
38 6
51 74
88 75
14 41
1 45
54 19
59 49
57 43
10 4
65 22
44 10
93 98
83 45
81 32
64 87
69 22
16 96
33 1
7 64
63 90
8 31
23 27
26 17
48 12
86 21
19 4
70 5
73 67
86 64
82 93
19 58
26 31
64 16
30 31
38 96
44 20
76 81
31 14
84 99
27 17
67 88
100 41
95 96
91 82
99 77
90 20
54 37
34 96
7 44
64 5
84 58
15 61
2 60
41 12
13 84
15 72
22 32
55 28
55 19
46 87
7 99
22 3
100 74
16 95
1 76
50 92
60 37
26 51
18 79
63 71
21 66
86 46
82 32
93 85
85 49
78 53
17 31
73 83
79 76
41 89
69 46
44 27
65 60
97 32
10 20
50 5
43 21
35 83
98 67
26 34
41 42
19 50
6 25
54 49
5 3
90 29
45 2
39 33
70 69
80 91
47 77
97 72
80 39
63 78
85 59
27 37
23 1
86 45
100 80
69 42
23 33
19 99
93 47
9 77
24 2
96 100
56 28
99 64
18 54
90 11
23 47
55 5
72 6
76 32
59 38
25 95
73 75
43 77
59 53
8 44
76 69
87 22
24 51
95 8
38 21
84 98
34 89
95 73
62 82
54 79
31 9
82 76
97 19
24 66
76 2
56 26
32 83
1 78
15 94
90 80
17 15
17 29
51 28
62 11
35 71
36 33
69 57
78 70
7 60
71 85
14 95
66 94
35 43
9 49
91 66
36 62
48 3
39 58
79 31
83 28
47 26
47 86
74 3
97 69
57 87
45 35
12 38
87 74
34 19
4 31
98 57
45 26
49 31
74 6
8 50
88 45
95 36
43 90
76 84
30 16
74 16
20 50
87 25
58 23
69 55
81 38
70 27
92 11
13 20
78 98
37 21
6 100
65 85
10 42
59 11
75 96
23 5
97 33
26 46
80 96
99 93
39 16
11 6
98 21
95 49
84 87
83 90
5 60
57 68
25 89
36 28
34 88
80 92
88 24
40 93
31 10
8 47
12 8
52 14
40 72
10 18
2 72
87 60
4 15
97 52
11 93
77 88
63 48
68 85
2 55
7 96
53 72
41 63
23 76
45 73
50 24
66 1
8 64
5 4
22 46
86 53
90 37
52 58
36 77
7 35
20 35
34 65
21 1
5 19
52 15
22 90
77 17
87 55
34 15
18 75
11 51
12 4
30 49
4 13
84 42
48 13
10 38
31 33
65 73
80 59
66 28
25 45
80 57
27 42
18 47
100 47
35 14
36 93
46 40
91 39
62 81
19 92
30 15
16 12
50 70
54 12
82 41
13 15
93 38
84 63
78 33
55 50
73 37
74 93
72 99
61 49
86 97
57 20
56 72
33 50
44 80
27 77
34 64
12 11
95 18
86 70
71 60
93 12
82 87
63 87
57 19
21 60
80 85
35 3
64 30
46 50
54 65
91 3
29 14
48 62
7 94
47 57
43 82
30 8
90 27
64 37
87 68
5 46
70 35
95 6
17 44
98 61
59 62
93 22
42 90
60 100
20 18
64 25
27 43
85 40
75 10
29 56
1 12
90 40
97 16
85 58
89 53
84 61
35 15
13 91
48 9
48 58
72 66
64 67
23 91
7 77
85 11
50 2
57 81
41 83
77 52
49 80
97 35
82 34
27 61
74 48
95 17
80 34
78 68
65 14
89 1
10 8
48 36
54 42
15 7
40 71
54 72
28 82
9 39
95 3
38 34
51 16
83 5
78 6
66 2
95 19
41 7
56 14
72 80
33 10
16 60
35 39
48 90
68 74
98 30
20 70
88 48
25 42
11 84
44 50
14 76
44 5
88 20
15 19
13 44
55 61
100 11
31 80
59 71
73 25
36 29
61 91
70 65
22 1
83 4
52 2
38 27
43 25
18 51
46 58
67 11
54 8
90 97
21 93
67 1
7 28
66 33
1 43
8 97
18 82
65 1
79 2
23 11
78 34
59 39
67 76
19 10
21 61
76 63
35 84
68 41
69 81
23 19
70 59
24 63
62 75
45 30
64 19
84 75
88 19
78 8
82 20
34 55
45 54
95 89
75 99
99 76
33 55
27 31
93 14
40 81
60 27
93 67
31 39
20 5
97 60
65 11
76 58
61 99
38 43
52 89
79 83
81 13
50 14
70 49
78 40
56 58
38 1
56 62
9 30
20 36
52 57
51 14
9 65
12 89
39 20
87 71
10 9
41 75
59 79
75 92
22 97
4 70
47 28
83 12
74 54
93 42
19 69
100 37
73 28
8 89
82 11
82 90
86 24
97 9
58 11
50 1
42 83
53 79
97 64
89 15
31 20
17 28
4 18
43 97
10 57
2 15
31 65
45 81
1 8
55 81
49 21
27 8
51 7
10 36
90 16
75 80
80 30
48 67
41 90
100 54
26 72
3 71
31 6
15 78
89 36
96 27
71 67
40 62
24 39
92 37
44 66
67 61
52 7
3 10
54 30
92 60
61 59
80 53
55 64
83 31
24 68
67 51
18 42
6 43
99 6
37 38
96 5
37 44
27 40
51 42
100 36
37 76
36 55
61 7
51 88
14 96
59 1
48 37
99 3
57 78
8 87
62 64
57 70
89 100
48 61
33 72
57 36
73 35
18 100
38 24
82 14
90 36
100 1
24 32
2 64
77 46
23 95
22 85
48 2
22 91
74 53
85 18
30 87
4 44
99 92
50 4
11 32
75 49
21 18
84 86
1 4
72 57
44 59
31 54
95 21
89 19
84 17
68 84
93 92
12 62
86 11
28 87
84 74
25 61
91 69
8 67
46 76
98 51
15 54
79 72
73 3
36 32
32 50
80 78
47 79
96 88
34 58
4 71
24 69
3 54
89 32
25 99
65 72
21 64
49 19
93 48
45 95
96 86
37 36
3 34
13 6
16 10
3 69
51 44
43 60
39 1
42 17
55 44
93 23
48 18
33 56
48 28
8 52
95 10
65 61
31 12
82 69
57 12
55 9
42 20
30 82
71 96
9 35
71 93
45 82
89 26
8 65
88 29
65 92
47 20
3 60
59 58
10 93
68 19
29 10
67 19
3 51
47 40
28 29
93 52
14 48
29 92
8 14
59 86
28 53
66 84
6 84
10 55
68 15
94 30
75 52
12 47
1 86
8 77
4 62
31 57
43 32
17 76
10 24
99 71
71 41
22 17
55 67
86 38
64 15
94 11
99 80
35 56
100 10
73 24
35 46
87 16
90 64
15 38
17 61
94 3
4 33
28 13
40 25
7 66
92 79
39 99
88 17
12 66
83 71
38 36
94 62
27 99
59 97
30 75
57 51
67 90
8 26
16 79
23 52
98 97
48 43
28 99
31 19
58 73
79 17
31 25
23 61
51 91
18 2
68 29
39 77
97 58
63 58
46 75
54 23
96 17
99 79
24 20
72 3
51 81
46 81
78 71
85 42
35 52
85 73
87 75
48 4
71 54
41 91
96 77
39 40
54 99
74 8
25 18
60 20
65 95
75 6
68 92
15 60
12 64
97 71
15 46
57 35
27 62
75 95
96 13
22 42
41 69
40 80
96 66
89 77
6 24
4 16
80 5
50 53
28 1
10 7
98 4
98 38
81 26
52 84
71 39
26 23
89 29
37 1
62 78
27 59
26 68
53 92
86 65
45 32
56 38
69 52
36 74
99 29
81 3
97 28
2 46
39 36
63 22
73 96
85 29
43 10
22 74
81 29
46 99
74 66
82 4
69 8
18 9
50 59
11 20
45 89
8 62
2 78
97 5
85 39
66 70
67 20
19 48
76 13
85 24
89 85
80 32
70 61
75 31
58 27
8 45
85 2
2 87
92 38
14 21
95 88
1 27
85 52
60 45
1 15
30 55
19 39
38 89
3 15
56 76
9 70
89 39
17 66
93 45
91 83
23 79
52 32
50 79
34 71
36 42
21 4
13 62
25 69
99 5
90 2
38 3
89 62
7 65
85 10
67 34
100 29
4 100
26 32
88 79
17 54
62 2
60 64
48 44
97 82
88 12
63 100
76 4
61 90
9 51
68 12
88 40
84 49
66 63
69 93
30 95
86 57
78 16
43 18
100 66
31 13
6 94
75 81
88 55
59 72
83 92
93 83
6 40
34 68
30 43
78 94
21 31
54 20
83 9
11 54
44 76
51 72
35 54
4 20
91 40
39 79
54 81
44 89
28 76
6 7
19 87
47 54
93 24
42 95
77 79
28 6
60 83
90 84
39 74
76 29
97 17
16 62
99 32
50 31
53 69
68 40
62 67
56 64
30 4
59 12
82 22
78 28
38 69
83 64
75 98
45 91
67 66
94 38
83 78
70 42
91 89
71 33
2 21
48 1
37 26
87 11
44 78
7 21
58 45
51 45
13 9
80 12
71 25
25 15
6 20
42 28
84 19
38 14
56 59
70 67
65 96
70 47
76 27
81 17
82 47
9 7
31 94
59 99
68 73
23 36
7 26
25 5
61 95
14 92
80 65
69 84
85 47
46 45
47 74
59 46
80 46
62 72
96 92
74 92
30 96
92 46
81 87
84 12
59 28
91 100
67 40
9 27
67 16
94 46
37 40
40 76
8 61
21 82
46 13
83 69
21 20
33 51
17 70
60 24
24 100
1 71
80 27
96 84
74 5
70 44
72 68
47 36
62 45
47 83
24 16
76 25
96 39
70 88
71 66
29 42
68 89
21 52
44 11
31 36
24 91
98 3
52 24
99 33
19 25
3 23
67 47
83 50
58 40
10 91
95 5
16 43
34 7
16 57
11 26
80 63
50 86
96 98
15 76
64 53
2 65
39 23
52 80
87 77
80 6
87 9
83 99
2 12
21 57
66 51
47 1
75 91
49 89
73 99
79 20
32 20
52 74
67 29
18 62
60 1
80 25
9 67
69 35
60 90
79 40
4 63
30 93
40 74
45 29
82 49
23 21
43 15
88 39
43 34
23 89
67 77
5 48
79 37
16 73
52 82
34 54
37 19
57 76
34 33
22 4
100 92
63 86
81 22
23 48
78 25
30 91
97 45
98 26
7 79
89 35
75 4
57 90
11 42
48 21
90 59
90 14
7 57
95 76
72 25
97 2
80 35
78 96
87 85
97 70
97 11
96 3
13 55
72 47
33 94
27 16
53 100
81 58
81 41
94 5
7 13
88 65
73 47
48 71
71 5
69 43
42 39
47 35
27 94
23 100
79 75
29 37
61 34
90 25
34 18
53 36
21 8
73 23
18 61
16 25
81 48
33 32
41 52
72 17
2 58
24 89
8 63
76 12
56 98
21 39
49 23
4 55
9 93
23 25
89 31
53 97
46 48
13 49
73 63
92 54
65 62
61 76
8 84
86 39
3 31
91 72
81 56
11 21
71 21
38 39
35 26
82 27
7 46
95 9
89 64
76 93
5 22
96 8
21 27
28 10
95 86
10 64
12 25
91 31
60 56
60 22
94 61
100 59
28 100
79 98
60 69
6 68
67 35
78 89
73 53
16 17
50 65
46 97
30 10
94 41
99 70
98 1
55 92
68 79
28 5
54 80
91 53
78 52
14 68
65 74
96 63
87 98
50 42
96 50
2 19
13 25
89 20
98 14
19 75
15 92
93 33
95 98
22 84
12 96
18 69
54 44
10 59
44 99
7 67
2 5
66 54
86 98
88 13
14 85
33 22
65 47
58 26
23 84
50 21
55 86
4 23
62 70
84 28
74 17
21 41
24 46
86 99
36 7
16 13
39 15
3 82
14 57
71 12
50 78
35 72
5 41
62 37
28 26
51 30
88 86
22 2
36 92
26 88
82 23
92 21
54 68
75 100
89 57
55 3
75 55
72 34
86 36
42 52
42 44
51 13
94 51
20 77
6 37
6 2
70 32
95 51
98 69
46 9
73 29
17 23
46 30
22 8
12 40
55 11
35 96
69 95
12 15
71 27
89 81
25 28
33 27
73 15
63 20
82 63
3 19
17 35
7 16
18 83
82 1
6 97
23 28
25 14
42 34
93 26
82 100
92 69
4 61
78 51
51 41
12 21
39 54
5 11
9 23
3 29
22 48
51 86
33 26
87 91
34 63
12 36
41 2
36 21
46 100
33 13
66 83
54 88
55 96
99 97
61 77
95 11
66 6
73 14
61 28
27 78
76 75
73 78
99 51
24 54
36 84
10 72
10 41
42 47
66 65
34 87
20 85
5 18
89 21
39 2
39 28
60 32
38 74
50 100
75 54
47 44
14 67
90 71
71 7
24 56
54 13
30 78
79 26
77 97
59 88
85 82
76 8
60 48
33 67
55 41
62 26
27 4
89 4
98 49
83 8
53 71
87 59
69 10
55 14
66 22
86 35
62 34
65 42
72 30
1 17
5 76
98 2
45 64
14 99
65 53
7 98
10 89
10 63
83 82
69 15
91 65
1 52
86 13
49 32
33 38
68 99
11 69
75 23
4 49
42 89
51 73
6 35
94 47
46 89
76 43
15 74
20 43
91 17
37 3
43 55
98 70
59 47
14 10
10 98
64 68
70 89
66 90
4 77
98 53
7 58
92 94
59 18
88 16
60 96
51 52
63 31
35 30
62 32
79 32
64 74
94 55
70 72
98 73
96 54
42 99
35 63
98 17
75 43
27 24
25 34
79 36
30 13
64 48
7 86
37 49
2 28
87 51
10 81
63 1
11 48
15 33
22 36
14 26
94 72
32 64
10 76
98 23
40 63
92 9
78 60
21 40
35 62
15 63
60 52
7 30
44 74
55 38
29 40
2 43
44 18
55 73
67 83
22 70
12 55
78 67
27 87
28 33
78 20
47 27
100 72
17 10
43 73
73 40
58 1
17 8
4 84
53 56
16 75
38 16
29 53
11 14
33 75
27 92
76 86
31 67
82 39
78 99
47 55
7 84
99 88
35 75
76 11
56 91
76 91
60 46
82 44
17 24
66 52
100 61
84 83
41 98
52 99
38 97
78 23
24 28
49 77
70 2
71 57
14 80
81 66
54 22
91 79
30 76
11 22
20 96
70 18
64 18
96 2
56 43
84 38
65 52
90 6
43 61
3 7
51 49
64 11
61 85
35 25
76 39
32 46
72 93
53 62
31 32
17 69
9 6
59 65
71 84
100 88
3 67
86 10
11 57
82 19
54 36
43 58
4 60
32 84
21 34
11 37
81 36
25 100
26 49
17 87
42 55
47 97
74 83
51 32
42 3
93 96
61 45
2 31
50 23
75 21
50 74
47 90
65 57
87 73
98 65
27 48
23 65
1 73
33 84
24 79
53 21
54 43
14 13
11 46
46 20
58 80
90 46
53 39
8 3
79 58
70 15
85 77
18 38
40 64
50 6
83 25
23 35
9 79
37 17
44 24
27 26
60 31
55 35
45 48
85 25
69 16
58 74
42 87
55 80
37 42
42 63
14 83
3 58
39 73
70 64
57 100
83 24
6 3
44 6
66 42
4 7
48 94
71 73
9 40
96 62
96 46
54 46
33 68
28 43
24 41
91 12
65 29
27 10
40 3
49 97
13 26
10 21
69 31
75 7
64 27
99 21
4 64
13 59
31 35
76 89
50 76
53 84
6 23
53 75
83 63
11 63
56 13
93 44
93 63
60 6
7 69
32 85
16 14
40 48
40 61
51 83
58 69
79 65
50 90
11 49
36 72
17 92
61 3
7 29
55 20
57 13
88 81
30 18
72 24
72 28
48 42
21 94
47 98
79 87
13 94
37 25
50 66
55 53
25 7
68 52
79 29
46 17
85 31
44 3
77 35
66 86
94 85
38 26
62 68
28 96
59 93
94 42
18 1
8 32
55 37
66 62
22 23
16 41
61 81
81 90
77 41
42 96
63 2
43 8
91 36
37 68
30 48
13 32
43 12
38 61
54 57
42 15
73 92
48 20
40 86
96 33
10 26
74 33
56 45
8 53
67 13
49 25
97 93
41 46
83 75
88 71
12 69
3 18
4 47
1 57
96 31
41 23
76 38
73 12
88 63
75 24
75 78
11 30
18 58
96 40
90 10
99 56
16 82
79 14
50 10
43 66
47 6
11 29
98 68
36 35
47 69
63 57
57 75
17 20
15 36
90 98
54 82
95 68
41 58
64 23
20 99
77 100
94 99
94 49
57 60
62 17
74 89
85 28
43 24
82 9
12 9
20 65
36 5
57 67
17 52
79 52
69 14
29 16
64 54
40 75
80 1
34 11
44 64
6 86
85 55
10 67
31 23
66 10
35 16
66 82
81 2
1 49
32 78
62 15
80 8
72 60
60 12
33 70
38 35
60 41
20 12
33 88
80 73
31 93
69 87
78 41
26 44
5 90
14 43
10 80
86 12
30 47
53 13
61 52
91 44
92 95
2 91
42 76
64 50
70 43
94 12
89 58
54 1
41 95
95 67
88 92
8 58
49 76
49 69
40 84
86 43
72 96
67 54
12 14
92 39
10 62
62 7
5 91
18 94
29 26
31 37
77 16
6 19
39 65
25 74
99 8
92 90
68 66
32 92
78 49
55 46
98 24
59 82
88 97
48 73
41 40
79 41
25 84
100 3
83 30
72 87
82 8
97 29
27 39
40 10
57 27
51 15
15 66
67 23
99 60
6 98
50 99
88 61
10 23
55 6
34 99
10 6
54 73
51 46
88 83
57 55
27 15
77 63
46 1
95 54
22 27
55 89
75 61
24 82
35 4
58 25
41 84
21 45
88 23
37 96
28 71
34 44
54 87
42 12
57 2
66 8
94 76
29 19
12 79
26 70
82 57
20 64
39 95
74 98
99 2
4 69
45 31
80 76
86 22
66 55
86 79
5 93
13 100
81 91
29 98
27 41
2 69
5 35
33 80
100 45
70 1
87 88
37 99
24 94
5 100
64 61
74 63
96 25
77 75
23 53
86 69
46 73
99 12
83 89
86 8
56 10
1 91
18 40
30 77
45 57
16 50
89 18
99 35
63 62
6 91
100 64
24 59
85 1
71 79
5 7
53 10
63 99
28 27
3 86
97 14
93 65
8 38
68 45
7 24
27 63
75 71
50 36
84 57
5 79
89 79
83 1
24 29
35 50
25 94
41 34
62 69
93 39
47 88
56 12
29 95
81 9
55 97
58 100
57 44
8 5
54 25
74 70
2 67
79 81
85 7
68 69
1 74
49 12
8 25
7 38
27 75
9 2
43 7
96 6
49 67
18 52
5 49
70 58
91 84
41 87
27 100
14 40
55 56
50 3
21 65
7 95
61 31
56 7
99 40
65 48
88 85
95 50
74 86
67 26
33 25
65 67
71 47
91 14
4 40
97 76
24 33
21 44
55 78
47 29
26 6
58 92
36 11
59 21
44 58
97 34
38 77
97 66
37 85
94 22
32 30
37 78
1 16
23 66
49 39
43 81
16 93
16 34
56 9
17 53
88 90
73 97
54 63
77 93
73 66
96 32
31 18
80 23
7 92
14 24
43 13
78 48
16 9
4 80
62 33
35 11
22 71
47 81
18 65
98 20
3 9
54 7
74 35
62 5
65 36
40 5
18 55
90 31
65 30
42 100
59 75
49 7
95 80
57 18
39 44
6 15
80 7
6 27
66 99
66 27
68 4
67 5
99 65
68 27
38 50
94 87
62 55
66 93
4 9
92 81
52 20
47 62
53 33
45 14
53 7
13 34
80 82
73 42
21 17
66 35
56 95
50 47
64 1
25 86
64 14
79 35
90 89
1 11
72 95
2 94
86 32
93 79
24 61
36 85
41 6
55 8
73 10
7 91
49 20
10 97
43 93
58 93
59 98
24 34
27 95
6 88
47 15
69 32
47 5
5 14
64 88
73 59
82 72
4 54
66 5
80 74
60 74
17 34
33 43
52 11
88 56
80 36
9 38
2 82
89 56
60 89
88 76
71 50
100 83
36 34
69 79
73 91
92 40
14 39
42 62
23 99
89 40
97 75
87 29
54 21
18 8
11 71
33 11
63 79
76 53
86 18
70 38
30 85
81 19
38 42
37 84
60 19
79 6
17 45
10 47
5 58
91 42
84 94
69 96
43 31
38 20
36 99
73 5
77 60
98 42
98 13
25 81
23 77
55 79
70 11
87 1
61 96
21 47
87 65
63 13
98 55
64 26
13 78
56 84
52 48
73 50
11 45
89 66
25 57
48 16
26 90
12 70
26 76
83 86
80 21
66 64
22 64
76 22
98 48
3 92
