100 3882
19 56
3 84
78 47
64 61
95 3
51 58
61 10
26 33
62 44
56 16
73 86
86 1
33 22
47 12
16 72
40 5
18 46
10 83
78 76
16 1
72 94
33 75
40 24
69 90
37 19
99 37
84 64
60 55
93 19
42 26
37 50
14 33
37 58
62 83
38 17
9 34
99 89
62 96
35 43
39 97
36 46
83 29
38 24
100 31
26 8
81 45
83 69
94 55
10 47
41 24
95 14
10 63
17 35
71 4
94 46
42 24
36 80
89 81
27 31
39 6
14 49
74 48
60 64
69 12
82 64
5 72
30 47
33 54
36 58
100 79
40 20
42 65
49 27
28 42
23 88
7 26
74 11
63 31
81 71
32 94
25 9
90 81
21 49
70 29
49 25
86 68
73 17
71 38
27 74
93 83
17 11
31 85
56 48
11 16
65 11
7 22
27 3
95 85
86 56
91 78
53 56
36 44
89 78
25 83
82 100
29 12
7 41
63 58
65 78
79 27
62 21
48 10
44 6
27 17
11 63
44 91
32 74
38 76
91 23
41 37
56 29
38 40
81 43
47 29
68 74
63 46
34 22
68 8
42 13
48 71
48 19
86 53
30 32
38 28
57 40
53 19
91 16
38 13
28 89
5 20
19 21
51 12
80 76
49 91
60 57
94 87
16 73
36 87
92 25
33 42
39 55
61 57
41 48
25 48
5 57
69 23
60 39
75 57
82 33
93 73
66 68
94 75
9 3
36 37
70 3
71 20
78 12
73 33
35 84
1 15
31 69
31 99
3 14
68 31
53 55
88 48
1 19
58 2
86 74
52 72
68 89
42 73
61 3
90 9
84 56
19 90
31 73
40 87
71 36
49 65
48 73
99 53
99 27
81 74
51 13
63 28
2 16
61 29
29 33
8 84
85 2
69 44
60 66
83 72
26 5
94 61
45 74
76 67
4 84
84 42
56 69
10 82
10 74
38 56
53 100
69 1
91 15
38 92
87 37
17 82
25 62
36 30
34 25
65 69
43 13
48 50
83 1
46 24
47 83
7 100
65 80
73 76
76 44
82 30
85 23
79 14
6 60
6 57
41 67
3 96
63 51
54 65
94 63
9 22
92 1
66 16
52 59
29 57
31 62
46 96
98 50
48 72
18 8
90 70
50 80
50 34
100 52
19 91
86 58
73 40
52 6
94 48
52 8
19 81
31 35
37 60
3 31
55 18
18 71
88 15
73 58
20 33
66 96
49 12
44 56
1 49
21 30
99 57
72 38
65 4
77 4
85 92
37 66
39 45
37 93
69 11
13 39
92 80
96 20
1 60
98 55
20 15
26 36
28 71
10 13
52 78
5 69
61 69
23 98
45 13
99 98
58 12
35 74
86 43
29 28
2 86
61 5
50 25
9 15
39 37
64 39
21 55
29 85
41 52
17 53
45 80
75 34
12 71
30 64
18 49
87 26
15 81
13 25
10 5
31 90
84 40
89 91
81 68
31 88
81 96
50 30
81 52
44 72
74 53
74 16
39 33
45 38
68 80
9 40
1 98
10 29
43 90
12 95
66 72
93 94
60 94
41 56
95 43
16 48
24 91
1 46
97 70
41 39
49 55
49 47
26 21
35 78
45 54
68 83
58 75
16 30
48 63
93 45
93 51
50 59
74 78
32 92
4 42
10 51
83 32
31 30
76 70
8 76
36 89
70 11
20 53
12 48
3 63
78 14
18 30
23 59
82 34
21 54
25 4
21 28
22 41
87 56
56 24
14 93
91 67
40 21
2 14
30 72
56 3
17 15
35 52
92 5
55 22
10 95
99 14
85 62
12 38
13 28
42 94
53 71
67 12
32 15
72 56
25 82
69 66
16 86
38 77
95 78
61 20
67 79
38 26
73 66
50 12
32 62
57 14
28 64
100 81
46 3
26 2
71 10
96 97
91 59
74 54
13 86
82 52
98 35
75 82
84 94
95 2
23 20
85 18
94 62
22 49
38 6
53 98
79 19
33 76
92 61
30 80
88 38
83 74
98 5
86 10
90 97
87 22
54 73
11 22
77 85
71 40
72 36
45 37
6 62
79 74
61 77
12 5
17 39
21 9
78 51
50 8
3 4
38 21
91 45
92 39
13 41
87 27
47 13
60 38
18 51
14 50
33 49
85 51
62 14
13 84
13 88
66 75
22 36
100 48
95 66
47 16
63 60
4 8
55 7
35 61
96 35
90 4
76 97
73 5
51 80
34 30
14 90
27 93
91 94
64 87
10 40
65 20
44 70
81 66
26 83
89 7
34 1
59 94
93 58
54 99
82 97
94 19
54 7
97 44
28 51
34 92
95 70
48 30
25 1
11 78
54 52
33 97
47 34
76 75
96 61
45 90
78 92
51 49
27 18
37 48
33 23
52 63
44 64
62 50
27 94
45 14
9 85
7 34
61 47
35 9
100 17
2 96
66 36
27 73
33 10
78 44
65 79
28 8
16 7
2 48
80 44
13 76
47 97
77 28
15 34
22 67
27 78
3 90
49 96
31 89
63 98
54 58
91 37
4 29
7 28
58 78
78 5
81 14
14 77
93 100
40 56
8 60
29 88
18 50
41 17
75 96
46 20
24 10
81 39
50 49
14 44
4 10
69 28
16 88
86 83
75 45
8 61
34 14
19 2
59 35
38 25
86 6
48 86
76 52
82 69
39 19
65 12
59 53
7 35
27 21
13 69
27 38
63 17
35 92
51 50
79 87
60 33
78 59
52 95
60 87
88 66
82 78
22 99
58 44
52 84
67 69
14 69
63 75
4 55
58 66
74 15
42 79
64 85
38 22
75 32
56 7
64 74
36 41
74 43
63 30
82 90
73 60
23 17
61 90
8 46
44 77
45 97
11 90
46 37
12 26
87 2
15 11
15 54
99 19
48 24
96 93
49 8
28 23
5 39
84 85
70 23
82 72
99 9
79 10
53 81
73 6
7 44
99 72
89 60
97 68
37 47
39 10
2 13
21 83
87 21
20 58
11 93
53 1
18 75
41 98
87 91
59 5
58 90
76 1
76 23
44 86
47 81
33 55
82 87
11 61
26 22
15 65
12 7
23 78
9 91
90 56
6 23
49 83
59 56
80 13
15 69
18 57
13 90
95 76
56 63
7 39
99 73
45 43
88 24
3 66
71 15
45 30
6 70
72 62
59 24
24 60
79 35
71 56
8 30
9 23
59 93
20 37
59 16
58 29
9 6
98 95
19 59
88 63
13 73
95 63
73 24
50 36
47 86
96 7
84 29
76 21
34 64
40 30
5 77
48 91
87 44
20 47
71 46
84 65
88 81
51 55
44 94
66 94
88 30
34 77
53 47
65 14
40 85
73 23
42 31
18 95
18 88
100 99
8 9
10 26
91 65
10 9
96 47
19 36
2 57
63 90
7 2
67 39
74 57
32 73
13 52
40 13
97 99
16 61
38 33
35 14
95 47
1 42
74 80
53 87
71 68
98 77
65 3
44 84
53 82
6 5
85 5
14 36
35 15
24 26
74 36
62 92
85 19
74 58
75 71
99 96
72 27
30 4
23 82
66 23
63 96
92 45
48 53
60 4
65 44
70 60
40 59
5 15
19 23
88 55
24 89
56 88
16 42
93 16
78 28
64 29
95 73
82 93
43 2
56 65
50 43
47 4
45 18
19 49
40 90
46 80
2 72
84 87
100 36
59 27
72 90
81 30
18 72
98 61
54 88
78 48
97 62
68 67
80 53
76 7
8 37
37 97
87 41
90 2
14 70
85 46
46 22
90 79
40 26
23 31
95 87
51 32
22 94
18 68
77 1
14 30
89 80
58 99
44 93
59 76
82 54
6 68
75 59
53 64
37 16
45 51
25 100
43 3
46 68
3 36
94 31
48 57
11 72
98 3
21 63
3 1
32 57
48 70
11 73
32 26
86 98
52 79
50 7
43 55
28 54
70 65
5 96
74 73
17 19
16 76
12 8
68 55
86 35
45 15
12 63
52 73
1 85
71 55
1 47
59 30
5 43
89 94
71 14
37 83
72 74
99 13
19 6
6 74
98 36
41 65
83 43
27 85
76 51
27 6
56 5
21 7
9 67
25 18
3 22
11 58
100 50
59 72
17 25
28 4
18 61
66 51
97 17
3 92
94 74
32 9
88 40
95 1
14 94
17 9
66 85
73 59
2 54
66 49
77 33
81 54
4 46
91 75
58 89
98 30
68 21
50 20
32 43
39 89
72 21
64 1
7 61
86 46
15 16
10 68
27 81
49 97
94 17
74 77
74 92
54 80
29 87
19 76
31 44
58 100
16 89
97 36
77 99
48 89
11 14
25 61
10 89
63 16
4 31
16 67
86 25
96 58
20 66
67 88
2 47
98 70
1 10
77 69
92 86
19 65
35 3
32 14
27 60
82 19
86 26
64 37
61 50
40 65
93 55
98 69
46 44
41 40
94 68
93 77
42 11
12 91
9 52
40 64
41 85
8 20
33 78
86 38
31 58
97 93
49 77
63 7
92 99
16 69
65 38
56 28
22 18
89 51
100 2
66 38
15 24
60 43
68 14
13 30
64 47
60 80
52 22
48 11
55 61
28 32
28 99
88 41
61 2
21 81
30 10
70 43
71 58
49 92
61 42
92 50
52 36
6 17
24 1
32 98
91 7
36 39
30 41
8 6
30 23
65 37
6 87
81 64
83 30
8 67
80 7
51 35
96 24
60 30
67 82
83 39
47 71
44 81
8 69
73 20
40 25
50 68
80 77
74 100
84 32
79 95
62 74
46 59
60 20
2 79
5 94
64 98
38 8
52 65
50 6
97 29
81 24
40 17
47 91
34 52
84 71
43 100
86 22
65 27
73 9
74 66
48 93
40 31
6 65
46 55
26 76
17 72
64 97
49 9
91 51
63 9
77 3
23 84
45 95
80 40
95 90
83 42
37 61
3 93
86 76
84 80
68 60
72 6
83 13
47 67
76 56
10 72
71 19
86 28
15 12
28 48
73 34
5 17
68 88
29 69
82 73
93 18
20 90
14 47
61 19
54 64
46 48
71 41
24 49
23 61
81 17
26 54
44 73
69 99
80 8
81 99
94 37
11 64
17 28
2 51
92 88
29 100
19 24
49 42
16 84
64 66
79 20
9 100
35 95
65 21
67 63
54 85
21 93
94 40
27 90
52 28
100 34
80 48
9 84
31 55
62 39
21 50
100 37
70 28
27 63
31 47
37 15
46 87
70 53
96 23
54 13
4 56
7 14
9 55
42 89
90 36
38 11
23 72
30 65
24 35
33 1
30 94
3 16
41 96
34 20
95 60
89 25
76 65
57 54
49 70
38 30
85 24
33 15
53 27
79 33
74 8
42 35
49 44
22 88
47 68
99 24
95 96
34 37
88 39
50 71
49 40
53 34
27 10
100 66
50 72
29 15
61 84
49 64
39 54
66 57
99 74
64 99
83 73
50 29
43 34
44 27
39 93
89 66
19 84
92 100
41 11
43 71
68 17
34 88
68 72
20 14
34 61
46 62
82 51
88 27
60 56
82 76
24 78
87 78
65 43
43 73
54 61
62 58
74 24
87 7
33 43
76 6
94 7
26 41
58 27
95 28
100 60
17 20
47 90
26 6
13 93
79 21
96 12
18 20
8 53
41 84
79 93
39 23
93 32
39 72
91 32
79 24
96 98
97 52
90 91
46 57
29 34
27 97
81 1
10 73
3 97
75 81
22 92
48 69
9 87
65 51
60 35
11 26
44 37
39 84
82 8
31 61
83 98
10 58
59 98
74 98
60 50
1 99
75 55
6 10
91 96
89 74
84 6
79 89
30 17
75 7
10 88
33 11
89 63
84 47
63 45
30 46
19 10
53 33
84 21
36 67
44 33
55 91
29 60
66 35
50 1
6 3
69 85
24 3
25 35
85 16
29 78
52 38
31 25
38 59
43 16
51 11
20 7
8 87
20 54
16 9
88 26
13 31
32 96
74 84
78 60
37 62
33 51
19 46
85 28
50 95
85 76
92 20
22 20
61 52
50 73
73 98
56 74
2 80
98 26
47 85
44 13
7 9
46 98
68 26
63 77
81 67
59 26
52 43
78 77
67 74
19 86
42 74
54 35
13 12
94 23
67 15
20 45
68 11
100 16
27 22
79 66
1 93
62 30
97 34
60 31
82 39
71 97
87 77
40 68
70 40
72 96
84 1
74 17
19 95
50 86
21 36
67 40
14 8
15 18
80 17
50 42
19 44
41 8
61 45
75 24
70 85
28 91
89 46
64 32
15 28
56 78
2 29
9 72
93 31
60 40
36 47
51 94
7 27
22 32
84 10
58 3
79 58
2 24
10 41
4 9
34 2
52 39
50 5
16 13
23 79
61 40
90 18
63 5
46 51
52 19
64 46
37 72
73 22
7 93
52 12
14 53
83 44
79 49
80 43
11 79
76 9
82 66
33 52
74 75
35 100
46 26
21 53
25 26
63 37
87 3
57 25
29 19
40 14
55 47
60 28
87 33
24 63
55 17
37 21
75 3
28 68
77 39
95 7
17 32
53 46
19 9
2 23
83 90
53 11
12 86
22 78
22 81
80 94
64 48
12 17
88 2
56 14
17 33
51 14
86 8
36 33
57 96
3 71
26 47
87 49
67 70
27 52
29 65
34 38
40 100
6 15
34 87
45 59
98 65
91 63
23 40
71 26
81 35
89 26
60 76
72 61
12 72
79 40
5 36
27 35
97 59
52 60
66 25
98 72
85 38
6 33
98 94
11 96
35 37
38 84
15 50
55 54
88 65
98 7
35 13
57 49
61 4
65 75
96 50
32 11
86 84
8 22
65 89
36 6
43 76
40 72
22 77
56 81
20 77
75 98
73 3
7 62
10 7
29 42
74 18
15 30
22 82
77 8
72 57
76 36
80 57
93 63
49 74
88 98
88 96
86 63
55 82
11 25
2 59
34 17
85 15
77 41
92 84
68 90
51 42
35 39
8 94
69 38
99 83
35 58
58 94
69 19
8 64
72 46
88 60
93 42
9 11
88 47
52 47
54 40
62 19
77 68
42 91
86 7
31 65
54 23
97 48
91 73
8 65
94 78
83 52
31 14
55 16
21 32
16 80
12 76
63 15
52 56
67 94
5 99
61 9
77 7
56 97
77 51
65 32
42 95
62 24
79 84
44 26
12 64
72 87
22 4
75 88
77 46
1 55
46 81
100 86
40 63
18 39
5 34
64 45
76 31
27 4
33 45
91 54
27 50
19 92
64 25
87 93
13 72
23 10
4 38
34 19
58 49
76 40
96 38
35 11
60 69
34 68
33 89
80 1
7 53
1 62
25 45
85 14
87 14
59 55
58 30
1 38
21 44
13 23
68 16
92 37
19 97
47 69
38 89
28 58
30 53
33 65
68 63
9 26
48 40
5 60
77 47
47 99
33 47
74 38
57 50
67 58
29 81
12 81
19 45
57 90
88 4
37 25
79 8
18 98
28 72
60 51
16 58
33 100
52 49
31 16
20 57
4 53
75 77
93 56
68 96
94 97
15 86
76 77
12 77
67 49
35 1
56 6
66 92
22 93
32 87
6 32
23 74
45 71
30 91
73 62
93 57
23 45
36 38
83 59
70 17
32 55
39 94
92 29
33 30
2 52
81 77
74 90
3 38
59 14
42 56
49 5
11 18
5 35
99 75
34 79
31 8
78 93
49 2
32 95
70 35
45 52
76 39
46 43
30 90
95 82
55 67
15 22
79 98
41 94
31 28
13 59
97 75
91 6
46 69
81 85
85 20
83 36
87 39
73 15
66 11
53 69
26 14
17 67
39 43
53 66
83 64
73 7
45 65
35 80
48 18
94 57
73 51
54 47
55 35
34 98
20 19
33 28
6 1
54 93
56 18
63 33
58 95
69 26
98 56
98 11
47 74
18 67
74 21
81 93
37 89
31 98
79 59
88 7
58 34
74 12
28 79
56 80
37 56
50 26
41 72
21 77
10 20
10 92
71 11
27 14
80 39
66 13
97 53
48 79
10 45
59 86
90 87
78 30
47 76
11 7
19 80
97 25
18 4
23 60
56 26
24 44
67 29
7 71
32 63
17 60
41 59
88 82
4 93
7 68
92 31
96 48
16 95
75 69
56 15
5 30
33 24
42 8
49 29
20 26
54 17
72 15
7 99
13 24
42 39
53 36
21 11
39 20
10 78
45 79
92 72
21 4
19 70
48 7
56 34
43 66
21 73
18 13
89 77
19 89
51 57
20 30
69 55
90 66
90 42
57 87
91 1
50 74
37 73
89 54
81 80
77 97
50 78
78 20
94 13
45 3
33 91
89 88
81 6
57 85
36 60
24 11
51 6
17 22
19 96
31 80
1 21
77 23
97 69
49 31
84 30
71 100
41 31
16 52
84 43
19 31
24 39
44 52
95 13
3 51
43 29
94 54
16 99
36 31
96 51
90 25
56 61
15 43
43 53
47 82
34 24
39 8
11 77
72 77
5 82
88 86
77 26
12 43
87 16
24 25
57 69
38 31
68 92
58 26
41 79
93 20
31 79
37 23
66 24
52 29
87 50
2 92
85 93
14 91
34 6
94 26
77 86
86 30
30 85
81 28
72 75
31 21
62 49
80 61
58 17
71 21
69 4
2 8
6 85
70 81
70 4
61 39
20 51
93 99
4 7
6 25
29 6
13 85
24 76
46 91
47 70
57 59
51 59
56 92
71 73
97 16
92 79
37 1
24 80
5 88
53 95
69 32
55 63
46 52
70 50
58 55
41 75
21 2
49 60
44 32
11 57
53 31
55 50
2 17
48 43
61 41
86 4
24 37
80 85
8 85
62 63
85 32
75 44
3 5
18 54
65 23
4 74
28 37
76 99
39 70
60 90
28 96
66 10
99 65
11 50
93 38
97 9
16 57
93 49
13 89
7 90
66 93
87 71
16 22
2 31
70 92
47 28
98 20
96 74
20 64
11 28
68 98
72 73
23 4
57 30
56 70
73 84
27 69
27 39
63 26
62 35
93 24
35 91
67 45
5 80
61 1
88 51
71 54
80 71
22 76
28 74
42 52
30 79
25 44
53 78
94 71
57 21
85 97
16 49
31 32
2 42
19 32
45 96
24 51
59 64
9 60
20 6
87 70
9 44
30 25
28 53
7 40
63 18
26 78
13 32
48 39
24 47
14 73
28 39
79 44
14 76
12 11
85 3
69 35
91 66
56 45
44 47
47 41
82 29
27 12
33 46
47 58
48 98
90 38
34 23
88 94
17 51
35 46
50 3
89 62
73 81
45 85
59 88
53 35
55 3
88 17
6 90
1 65
47 42
81 82
90 99
58 92
85 11
93 35
45 73
27 75
32 76
36 25
50 65
37 96
95 22
34 28
54 98
58 84
72 88
9 82
92 63
51 21
4 13
57 37
60 13
84 28
66 21
23 100
19 100
1 23
45 34
15 47
68 36
76 90
43 4
42 97
13 62
69 89
10 46
14 98
90 33
3 19
58 40
59 4
15 10
37 17
65 24
17 59
62 33
11 99
10 18
26 92
42 30
32 97
15 19
47 3
2 36
69 54
1 26
12 97
2 69
75 90
31 57
60 48
66 67
49 85
12 9
52 11
20 1
8 58
61 65
83 58
27 57
18 23
92 75
78 98
48 58
79 56
86 42
63 19
37 4
63 6
88 64
100 83
2 50
81 98
5 24
27 2
96 4
83 6
48 15
3 99
39 69
66 86
71 5
2 25
67 2
29 68
32 16
72 49
65 86
76 3
29 76
78 66
40 45
50 69
16 8
78 49
53 44
100 51
77 18
62 100
35 2
56 21
64 21
83 9
88 35
21 13
97 84
41 29
64 73
67 92
77 53
24 7
36 79
43 18
21 69
65 90
67 24
16 71
36 16
26 65
43 42
85 53
60 46
32 35
82 99
44 95
15 23
5 13
61 89
92 40
95 56
39 14
90 5
78 62
89 90
47 89
59 67
41 68
8 40
55 42
10 31
94 24
100 1
56 49
29 59
24 30
9 74
18 92
32 86
10 37
69 17
21 95
64 76
80 33
70 54
51 71
21 33
90 23
23 14
9 69
95 57
99 29
35 82
42 6
28 66
68 61
16 75
99 63
59 100
91 77
61 83
13 37
82 91
88 49
6 11
49 37
17 24
58 68
93 33
90 71
69 91
18 32
46 76
4 100
59 96
98 25
69 63
76 72
46 82
81 38
41 70
23 62
49 69
64 7
80 70
88 6
70 66
75 37
70 51
96 71
50 52
81 50
100 90
90 84
41 55
52 5
87 15
34 16
80 26
12 31
60 22
26 74
16 65
3 2
49 34
97 6
60 79
76 18
28 92
64 10
23 22
42 22
78 88
45 26
23 64
25 51
86 31
50 85
76 91
87 13
57 77
85 87
74 55
93 6
80 97
72 25
3 37
12 66
35 99
8 100
36 77
29 7
93 12
77 48
65 47
82 92
57 23
50 44
49 89
39 31
52 94
63 85
5 11
64 6
44 63
66 84
56 66
86 82
81 26
100 57
72 54
94 16
97 61
98 85
83 67
32 52
26 28
84 70
57 86
54 97
39 98
62 15
3 44
59 37
1 31
64 16
26 91
32 25
66 63
88 87
45 16
34 39
88 97
56 85
73 94
49 23
97 83
37 5
42 57
66 77
42 70
54 6
24 18
2 77
65 100
36 88
55 79
77 95
88 90
32 5
80 41
94 28
83 5
48 47
23 83
24 9
46 66
62 9
3 69
38 51
95 55
87 76
83 4
29 51
63 100
38 37
25 77
83 28
86 91
54 43
90 59
31 24
67 64
24 86
25 91
100 96
85 91
34 94
100 78
11 60
49 61
94 77
90 26
37 7
7 92
3 100
8 66
22 48
60 19
86 20
82 14
32 70
24 97
16 83
47 51
75 85
57 97
10 12
80 72
61 33
26 73
52 98
7 72
27 26
21 48
56 33
39 66
95 86
37 84
13 91
41 6
26 93
78 90
11 39
16 51
78 97
20 49
56 1
43 58
72 33
1 7
1 68
74 5
2 44
34 66
63 39
17 45
6 47
44 59
68 32
60 85
76 58
73 47
41 97
46 83
75 20
99 25
93 50
34 41
20 4
12 60
47 27
86 67
66 61
77 60
7 30
44 74
78 69
10 77
99 10
14 19
3 89
82 84
71 93
27 82
54 59
68 24
70 9
79 81
74 82
80 98
12 22
68 76
63 65
57 79
53 26
59 28
57 1
56 46
40 44
24 70
97 43
98 45
37 70
19 57
32 80
55 80
10 36
79 97
12 54
34 21
35 57
85 61
14 83
54 96
7 65
67 52
77 6
14 55
29 40
70 61
81 95
75 100
53 39
65 96
22 37
19 40
71 76
71 74
66 71
4 48
91 31
18 36
4 26
99 18
41 38
8 96
81 87
40 62
14 38
57 81
93 95
5 97
38 7
31 87
46 42
79 96
98 21
76 48
7 82
21 97
29 17
2 45
65 94
94 90
81 69
39 49
69 45
58 46
11 91
70 73
5 47
28 40
22 100
90 24
2 97
67 99
42 37
18 40
95 25
21 92
86 5
15 38
79 1
82 41
48 17
61 26
77 82
5 25
71 57
59 21
73 12
52 53
6 95
23 67
2 94
59 92
26 13
32 27
17 79
70 22
13 17
41 16
35 40
17 18
75 12
38 54
11 94
41 14
31 7
22 19
73 39
6 71
18 59
72 78
20 21
23 24
58 53
32 12
43 24
64 41
93 29
13 92
77 92
71 29
88 45
47 50
4 44
57 38
39 56
22 30
30 56
10 90
27 48
45 62
13 58
32 42
50 82
81 33
20 16
54 76
67 27
83 12
17 89
28 16
89 5
25 12
42 12
93 34
59 77
9 88
31 77
75 11
84 2
81 20
82 11
82 56
62 77
29 53
56 31
26 84
20 24
85 86
47 80
87 63
82 49
91 22
100 87
77 40
5 95
44 20
34 33
48 82
18 12
7 66
64 92
42 68
33 99
2 10
56 23
92 47
22 75
62 28
35 4
91 72
18 66
85 100
79 15
75 47
61 51
93 88
30 87
60 82
19 47
36 94
74 1
26 75
81 25
60 59
77 16
10 91
71 91
11 62
82 13
91 99
43 88
39 58
93 43
28 49
53 63
77 52
43 67
42 27
61 93
15 36
57 45
68 87
80 59
66 47
96 73
76 93
2 89
99 15
12 46
62 56
46 65
19 27
62 5
73 69
71 85
28 88
10 97
73 30
81 23
59 87
17 10
31 97
29 22
28 5
50 64
71 1
68 52
56 36
46 97
68 4
96 60
68 54
63 72
64 86
30 54
99 20
16 92
86 69
3 64
15 57
59 7
49 84
52 69
19 11
76 53
34 35
28 14
67 90
51 99
84 100
54 75
53 60
24 28
14 66
72 100
44 22
25 59
13 19
36 92
52 90
51 67
19 41
40 50
42 7
49 100
11 84
12 36
55 70
35 83
4 66
98 28
46 21
24 54
59 9
100 38
79 51
60 18
4 2
15 93
42 20
62 90
5 7
81 58
97 91
43 63
43 72
69 71
11 46
65 18
81 18
25 41
23 51
24 45
39 96
70 46
51 27
26 64
86 14
27 16
77 43
1 11
78 38
12 80
67 35
29 31
98 33
20 55
19 78
91 21
82 58
34 31
84 50
33 50
93 98
71 61
4 94
66 27
40 2
7 81
41 86
29 11
4 34
16 10
38 83
83 19
99 21
61 38
24 83
26 82
81 72
20 83
80 37
99 55
93 53
78 42
43 68
26 37
92 65
96 15
96 13
91 2
10 69
58 15
54 14
88 21
78 71
13 81
86 81
37 30
54 9
36 96
17 47
84 54
15 49
74 3
14 72
50 19
78 6
92 53
63 36
24 32
43 8
62 61
49 75
49 7
38 42
21 47
8 98
5 45
37 69
9 94
76 83
70 34
8 72
7 36
56 77
79 80
38 98
53 61
33 19
68 91
62 79
28 87
86 80
74 37
18 19
12 34
40 66
10 81
49 94
29 26
25 42
94 38
73 46
81 49
67 10
54 41
2 81
91 29
74 33
99 66
64 80
34 95
25 73
10 55
67 34
67 77
44 15
90 34
67 85
58 56
89 87
65 5
77 64
96 43
52 1
91 83
38 62
90 35
28 22
17 43
47 57
48 23
24 27
45 47
57 22
72 84
99 94
10 8
2 78
73 65
26 97
15 27
15 94
69 70
100 30
98 84
83 15
29 77
67 93
63 97
72 65
27 9
13 63
68 69
74 69
82 38
52 92
75 39
9 46
44 29
19 77
41 100
41 99
98 87
12 55
84 33
35 28
98 51
89 34
36 20
10 96
79 9
67 33
76 62
18 97
80 69
67 56
51 39
54 31
98 47
43 47
67 98
32 10
29 63
82 83
85 74
39 1
45 60
46 31
76 66
91 79
44 11
50 46
99 52
27 41
45 78
77 37
94 92
82 20
36 86
64 38
6 7
1 58
31 9
90 1
51 68
16 6
79 43
86 45
7 33
65 67
67 72
39 47
26 85
42 100
98 29
78 80
96 25
93 28
17 64
15 41
5 93
11 95
41 5
79 16
9 41
86 40
50 9
26 96
81 37
34 36
70 96
34 74
31 83
53 84
72 53
70 20
48 36
100 91
22 69
95 15
51 41
77 50
98 91
92 83
68 5
22 24
3 68
33 71
61 30
1 78
55 34
3 33
51 74
69 72
14 21
15 3
51 7
74 61
31 67
56 57
80 83
71 52
16 17
12 6
19 35
60 10
4 67
91 80
33 68
98 10
12 19
82 70
89 84
52 21
45 7
97 67
38 43
13 97
49 76
96 56
35 50
20 41
4 99
73 57
12 94
17 4
20 80
70 5
25 80
75 50
75 38
46 13
58 14
34 26
6 61
95 84
7 15
27 77
94 69
16 60
95 36
16 96
92 51
82 96
39 12
100 45
46 2
97 100
30 12
83 71
33 92
93 90
83 17
25 28
54 95
80 82
92 71
17 75
96 83
36 1
28 73
64 43
62 60
13 1
65 64
57 64
18 3
42 3
21 39
3 41
54 100
67 78
76 2
18 70
25 14
87 18
21 96
55 87
46 15
98 76
22 72
93 74
34 69
67 19
56 10
78 36
14 61
70 71
4 63
74 46
48 32
75 31
40 51
72 47
57 28
17 52
60 75
96 18
47 87
59 15
5 23
36 35
29 30
70 10
15 39
64 35
93 89
85 43
85 37
100 98
69 95
27 54
32 49
29 32
82 6
2 30
47 100
4 24
32 71
44 18
65 22
4 89
38 79
58 80
39 65
21 80
6 43
76 28
80 27
60 86
80 9
53 23
94 100
73 88
50 54
63 64
24 69
29 90
70 25
8 29
59 99
8 7
29 27
98 15
38 39
34 83
68 64
56 32
23 63
74 41
52 96
11 54
6 22
87 48
41 90
86 3
14 52
83 60
46 14
16 90
15 8
59 49
20 67
45 1
52 15
58 22
100 56
22 47
15 4
93 69
79 94
77 42
90 28
27 89
62 42
42 67
36 62
38 47
13 9
63 8
34 54
86 37
89 11
43 22
46 41
57 8
3 62
53 3
28 61
71 31
78 96
36 11
12 4
78 43
69 62
43 21
68 39
2 11
29 45
10 94
56 89
2 63
44 5
60 44
40 47
88 50
23 21
81 65
67 46
85 96
70 45
64 95
71 2
83 18
76 57
62 22
70 15
12 88
83 7
74 40
1 87
5 79
17 98
49 43
76 41
16 4
48 29
100 28
48 33
52 23
58 41
32 39
55 77
3 10
45 12
71 25
64 91
68 37
60 14
100 27
87 12
18 35
85 55
65 97
95 83
54 87
89 8
30 92
14 64
18 91
55 48
37 33
91 43
43 87
11 88
2 18
41 1
18 9
69 43
88 76
12 90
91 3
65 87
26 30
85 73
69 7
92 9
70 7
78 68
77 30
64 72
73 38
32 77
33 70
63 1
5 55
3 32
98 58
6 28
11 56
87 23
35 63
74 65
79 77
12 56
8 11
25 55
4 76
29 16
10 21
100 67
1 97
95 89
85 34
79 61
61 13
99 62
32 54
70 30
43 40
73 92
94 35
84 20
59 43
29 73
64 78
51 90
95 46
9 39
56 2
76 11
3 67
54 10
82 42
87 51
32 40
71 63
13 33
57 7
94 21
5 100
32 8
76 20
100 68
7 52
35 48
87 67
52 31
86 9
90 49
11 20
3 12
63 20
24 6
59 95
79 68
72 55
22 45
87 80
23 44
32 1
86 55
2 32
60 42
100 77
69 33
89 73
86 70
33 9
25 47
69 96
95 24
52 66
53 15
69 42
26 52
65 34
16 12
18 73
23 11
85 42
89 86
66 45
6 48
64 22
87 97
67 50
82 21
67 38
64 58
11 30
1 9
4 92
36 42
53 50
21 24
11 100
68 75
64 31
67 25
58 42
20 94
59 71
85 33
56 25
96 42
72 19
82 71
66 26
75 64
63 22
26 43
80 6
35 56
31 95
18 29
46 34
79 25
44 41
20 32
55 36
16 46
46 47
62 67
43 30
57 17
4 45
31 43
59 70
78 61
85 48
49 71
32 37
34 10
85 68
38 48
10 11
11 31
99 86
45 76
58 77
70 12
62 29
62 88
13 48
1 73
76 79
63 42
98 43
49 35
64 27
71 89
57 63
76 5
57 36
92 76
15 90
6 40
22 14
4 79
25 27
88 33
24 16
99 40
4 62
31 15
55 97
1 75
25 88
93 52
89 53
8 5
50 76
83 87
21 89
12 68
8 35
38 19
62 54
23 55
32 45
98 24
19 54
38 63
64 93
85 72
99 34
61 73
71 42
74 52
61 99
26 57
19 43
69 92
95 41
62 86
59 42
57 70
58 25
89 29
69 64
97 7
68 73
67 5
42 9
91 52
35 97
53 37
15 66
14 15
30 6
65 62
54 77
48 84
91 53
95 8
82 18
100 76
1 12
27 96
73 90
91 20
91 40
26 70
79 86
13 49
70 78
67 30
36 84
24 29
51 31
87 42
47 35
11 43
84 69
62 47
78 17
88 32
45 87
49 3
86 29
28 10
75 53
8 55
31 74
43 99
75 48
24 14
12 37
27 46
50 45
65 82
86 75
32 50
57 44
35 77
62 81
85 36
42 80
17 92
5 46
92 27
61 58
82 79
88 99
63 59
49 68
18 21
63 81
95 39
96 77
72 51
50 22
32 38
81 51
33 25
93 47
42 45
88 57
36 40
58 72
84 17
96 94
100 21
47 94
41 28
33 96
78 37
1 8
10 62
74 13
50 91
55 6
27 28
39 50
49 26
17 44
85 82
12 57
99 8
78 81
58 24
95 37
37 90
99 42
21 6
9 58
26 67
13 50
72 35
34 76
44 89
62 57
66 48
3 7
9 43
30 51
41 32
62 98
11 86
81 41
98 9
15 89
65 10
76 10
52 20
14 97
12 98
71 44
64 90
80 66
67 73
44 54
81 76
25 10
42 66
21 45
52 58
75 23
52 86
29 3
50 16
25 7
3 17
32 46
61 48
93 23
88 20
29 21
36 73
15 26
99 2
5 48
25 75
78 55
91 5
67 89
9 29
59 32
58 7
71 88
35 65
13 77
3 82
15 68
99 56
55 73
83 40
53 67
48 31
6 35
95 80
45 89
34 91
16 23
13 71
48 3
84 93
4 11
24 36
67 60
45 8
64 4
23 29
39 59
50 89
67 71
43 51
59 68
80 28
72 20
28 43
4 52
83 56
29 46
31 59
5 87
92 12
5 18
8 47
34 8
74 14
59 10
28 19
42 10
44 35
94 29
78 75
98 89
32 79
12 53
9 36
92 91
10 85
65 68
36 70
94 3
93 62
96 64
6 49
47 56
44 61
53 90
46 54
55 30
37 43
20 31
89 32
25 94
50 99
47 9
24 82
62 53
54 4
3 54
10 87
95 33
14 48
89 76
34 51
39 100
61 63
14 89
13 3
52 87
36 4
75 89
97 4
31 33
81 92
24 50
83 57
6 69
85 83
71 79
6 92
99 71
73 63
17 14
95 100
93 41
22 80
42 81
85 79
6 99
22 89
46 49
66 41
66 6
74 60
24 100
2 82
69 40
69 25
33 18
12 40
81 83
61 86
51 69
55 27
96 44
5 29
88 95
97 92
42 44
44 100
14 84
3 23
23 99
77 65
98 44
75 19
6 31
71 27
7 47
11 47
63 54
8 92
36 59
5 58
61 95
21 17
22 21
26 95
4 19
1 14
4 95
75 15
79 47
67 95
91 93
13 100
36 81
66 50
44 92
25 22
95 75
4 14
34 62
56 91
74 95
19 55
22 39
100 89
88 74
6 98
51 19
32 72
23 97
2 64
56 43
2 22
78 63
42 53
16 38
63 74
87 69
53 68
100 73
12 61
98 71
78 86
13 11
24 61
53 24
81 16
39 57
35 45
77 83
