100 3918
44 75
9 30
68 94
68 47
91 20
86 78
35 60
84 66
13 78
100 49
49 21
86 64
99 87
11 64
24 65
78 69
19 89
72 64
71 62
10 36
72 40
32 100
45 50
8 58
20 97
20 64
6 78
20 62
40 21
22 2
13 38
39 8
74 10
76 68
4 64
35 80
28 85
78 23
12 13
89 60
74 63
77 41
48 34
6 67
99 16
77 4
40 48
78 9
96 45
64 7
12 61
74 21
52 33
74 33
23 18
41 55
42 43
62 74
24 88
83 97
38 31
91 50
31 74
79 95
56 7
58 19
32 24
37 12
88 60
98 72
15 70
31 35
83 34
69 19
14 71
72 61
38 6
22 98
98 71
86 76
32 1
8 72
4 22
56 57
60 82
39 2
70 2
38 18
2 85
82 34
42 46
3 100
5 95
8 54
39 1
50 3
90 62
82 80
71 78
60 13
81 20
81 23
41 53
33 78
7 52
94 2
33 20
48 79
35 21
57 20
27 42
10 21
86 40
67 44
33 57
49 15
65 35
35 20
26 5
24 96
74 57
90 88
49 34
80 15
94 98
41 2
80 33
39 20
34 15
55 30
17 37
89 15
15 18
32 28
17 99
11 43
52 94
44 35
95 73
91 40
24 2
91 9
2 79
68 2
22 3
37 67
28 30
51 91
65 73
74 84
58 97
43 28
24 91
49 81
37 43
60 68
90 27
5 46
95 27
1 83
36 3
37 5
63 22
40 41
26 6
90 64
59 74
57 83
97 69
22 11
69 34
15 93
65 2
57 79
49 33
78 25
19 34
7 98
12 38
90 58
40 38
74 54
91 55
69 45
39 62
19 79
51 21
24 48
42 75
79 26
77 72
91 93
24 35
38 58
99 74
73 55
20 28
80 94
60 19
85 89
19 87
97 51
90 96
2 25
76 44
51 69
32 93
44 6
18 99
34 78
18 76
28 99
34 22
94 77
79 52
64 79
92 100
76 82
72 9
75 69
72 43
98 48
65 53
45 63
83 37
20 49
20 79
64 76
22 30
58 84
34 6
2 12
58 57
8 76
53 72
49 1
88 73
32 37
44 18
71 77
34 89
81 2
35 18
87 94
23 92
47 80
15 96
7 68
74 61
69 11
41 70
10 79
30 83
65 88
40 42
13 65
77 92
22 77
76 99
64 88
82 26
99 83
93 46
68 85
63 58
49 2
58 95
34 52
67 78
55 10
22 74
61 20
23 44
74 30
2 44
98 5
79 30
33 41
64 9
2 67
91 73
24 42
52 59
76 35
42 25
8 77
7 22
13 8
81 75
95 77
31 43
24 13
82 49
88 9
20 16
9 48
57 42
55 66
64 6
70 57
51 68
48 35
10 13
63 75
89 50
19 9
39 84
43 40
86 20
93 62
8 47
20 54
14 46
66 12
5 59
64 40
87 1
4 37
66 75
81 51
29 23
39 81
69 35
97 89
76 34
19 70
23 19
56 85
60 75
94 16
29 87
17 69
28 95
2 35
56 86
16 89
36 44
93 66
84 1
67 48
80 90
79 58
27 37
75 5
31 33
7 35
94 42
55 22
81 9
94 30
28 59
70 98
51 53
99 26
9 38
80 67
45 72
26 75
71 69
33 1
44 49
60 46
68 75
70 18
7 78
17 75
99 88
94 81
1 24
42 69
68 30
51 83
17 61
77 2
17 70
17 16
31 39
81 27
14 5
85 92
83 43
1 65
4 54
72 82
85 71
78 85
88 80
60 69
22 36
80 29
84 65
83 77
93 54
46 56
60 51
59 13
2 11
98 32
15 76
20 36
13 73
13 58
60 78
41 1
89 8
76 14
89 94
88 6
18 80
60 76
79 51
69 95
91 59
59 58
55 87
32 83
7 37
58 96
72 4
70 50
8 4
41 51
19 15
87 74
28 6
50 98
89 93
67 50
46 36
57 18
84 71
99 68
82 14
12 46
55 61
7 27
90 38
22 57
18 2
32 10
63 56
83 6
61 71
78 100
53 59
51 59
46 23
21 87
4 38
40 70
24 53
73 81
14 100
91 5
90 16
89 4
2 50
56 45
42 81
90 6
93 92
13 34
25 96
43 29
4 87
51 47
84 86
27 14
36 87
11 50
72 50
10 85
75 84
20 11
73 77
77 75
43 100
32 68
68 96
79 39
21 5
27 19
31 94
19 80
21 47
41 94
84 77
49 52
89 47
94 21
89 44
41 69
94 69
93 52
43 19
53 78
22 24
87 80
64 32
65 91
60 57
79 81
98 12
35 5
90 73
32 12
51 24
82 24
14 30
95 75
76 57
9 7
22 97
70 22
41 26
24 56
20 48
27 87
81 88
42 61
9 75
55 43
26 20
59 50
75 15
41 36
88 72
7 12
68 43
24 8
33 79
14 91
11 27
50 1
21 53
96 93
40 1
28 27
11 17
52 10
22 92
82 77
6 93
52 98
69 21
38 67
90 4
23 28
14 11
3 47
42 66
52 61
96 22
18 68
37 56
37 97
18 12
61 32
89 82
74 26
66 11
29 12
70 11
28 14
48 61
14 88
17 29
63 23
40 14
73 20
67 95
55 94
19 66
62 5
71 75
77 88
90 86
1 75
19 63
87 16
45 43
74 77
98 18
89 31
27 82
26 98
76 54
88 67
94 65
84 32
3 7
79 55
45 40
92 12
49 70
43 26
5 56
55 70
71 90
83 82
18 31
43 96
89 61
67 93
55 9
16 60
90 46
26 3
10 18
91 95
83 78
21 81
63 20
18 96
92 80
28 33
85 24
58 34
19 33
40 44
84 88
24 38
46 64
65 67
24 50
40 37
37 60
40 5
93 16
66 27
87 8
24 75
52 83
58 22
42 82
3 75
93 42
33 88
49 8
71 23
86 26
66 38
44 51
53 40
25 82
22 76
64 56
56 13
49 98
40 22
1 54
45 38
24 60
3 51
21 86
72 69
93 10
62 82
81 19
92 45
37 46
42 17
100 50
9 10
37 22
37 94
93 43
23 59
73 3
34 54
54 27
2 99
38 76
84 63
19 90
97 9
99 20
73 47
24 37
26 42
70 46
99 37
33 39
30 37
16 68
17 85
85 4
18 84
81 91
29 48
70 63
76 55
3 5
21 63
49 90
94 50
74 6
48 55
29 9
33 23
81 65
42 18
22 50
13 94
63 80
2 52
41 35
52 38
25 99
74 51
54 36
8 68
1 57
45 84
33 76
14 44
60 49
41 76
43 9
3 40
9 50
33 86
57 38
73 12
11 52
53 9
19 99
82 41
60 11
75 40
78 77
63 86
70 13
97 85
94 67
98 3
47 55
92 33
36 71
50 18
35 43
25 68
19 4
32 38
70 28
20 77
82 22
14 1
57 31
32 53
10 61
3 72
6 8
39 85
74 17
81 84
50 63
73 2
70 47
16 63
22 84
20 18
69 36
3 65
20 47
22 75
45 77
97 55
83 9
86 9
83 100
20 94
8 66
89 71
39 13
37 47
93 70
87 45
76 92
50 10
84 24
10 11
48 5
23 64
55 59
61 47
72 44
28 16
89 74
17 94
65 51
36 15
87 83
37 41
11 77
76 32
79 38
45 18
49 78
44 71
34 62
42 7
70 91
33 55
63 41
27 61
96 86
73 23
37 20
43 71
59 72
50 43
79 17
12 21
37 21
26 19
11 36
60 18
82 3
45 76
33 34
36 57
46 65
85 69
38 59
35 4
6 51
69 98
82 20
27 70
59 96
46 16
14 57
79 13
71 10
80 60
74 91
65 9
67 97
3 20
90 76
43 66
50 87
38 53
77 15
70 67
76 47
53 73
19 6
38 62
66 90
48 84
4 9
25 100
82 52
52 99
28 67
35 39
67 5
54 6
42 86
81 59
13 52
49 96
64 54
24 47
31 34
60 25
83 25
75 41
57 69
87 18
13 26
79 42
92 36
87 51
68 63
54 63
63 91
92 35
14 63
23 10
21 67
54 31
72 38
69 49
78 52
88 89
15 58
76 2
42 6
52 19
8 75
74 49
69 73
75 53
41 25
45 25
72 55
77 26
49 35
78 91
94 72
45 66
46 62
59 79
54 7
38 36
32 77
41 72
100 56
11 76
84 61
71 8
26 60
72 46
8 67
41 65
32 15
15 44
16 72
82 98
92 90
91 85
93 60
37 36
64 21
15 7
2 43
92 30
10 87
86 10
66 87
68 78
3 68
72 32
40 99
68 1
38 21
62 21
86 85
1 85
80 99
54 99
43 58
10 17
87 81
65 57
47 97
22 8
58 33
2 97
19 76
46 49
99 39
36 40
64 63
6 37
74 42
1 26
60 1
13 66
19 7
26 71
75 20
43 76
4 53
35 26
69 67
12 99
41 62
77 81
57 63
77 80
37 50
20 70
23 21
27 4
44 45
9 31
11 100
27 50
99 22
71 2
60 85
13 93
95 11
27 92
16 61
57 15
19 92
30 27
65 100
39 12
17 55
63 92
74 70
33 37
44 20
53 5
29 30
34 44
95 45
68 45
34 8
10 31
37 100
55 20
27 48
8 23
32 39
50 96
21 9
83 70
49 57
39 91
82 16
36 99
25 47
75 98
50 75
36 50
55 89
95 36
89 37
68 44
80 69
61 51
72 87
95 22
19 47
22 26
67 64
33 90
15 6
22 45
6 100
62 59
23 38
53 31
24 17
14 24
47 40
27 36
27 93
72 73
36 2
29 50
13 97
31 44
51 84
86 61
67 35
52 46
69 40
67 1
57 8
56 43
78 80
22 80
17 100
83 81
27 22
52 30
78 40
94 100
6 80
59 100
25 71
22 5
55 82
20 41
11 6
64 38
50 26
9 60
67 51
34 55
69 64
37 15
30 32
42 83
93 69
40 73
96 33
83 84
78 82
41 74
30 8
26 18
56 89
56 52
66 96
72 31
40 16
35 85
14 53
97 49
93 41
1 27
73 16
37 84
100 41
31 27
40 62
11 18
47 13
41 27
99 14
8 2
52 81
17 90
60 91
92 6
62 95
9 39
9 92
56 29
97 53
53 91
92 60
36 13
12 72
24 78
65 22
13 44
26 95
28 54
32 82
35 29
64 85
75 18
3 64
73 1
1 53
28 25
47 78
23 99
39 97
72 11
44 84
26 47
27 77
65 12
6 76
4 96
49 40
73 22
46 1
24 87
46 97
82 13
53 99
19 8
97 32
74 83
69 100
97 6
23 84
94 99
11 35
13 37
86 95
58 1
70 94
96 6
18 24
79 62
47 18
27 94
39 54
82 56
84 97
28 91
34 87
3 76
43 22
66 91
78 14
65 10
1 29
77 30
90 30
57 77
81 46
71 48
70 34
75 32
56 95
58 94
26 67
52 88
22 47
47 2
65 25
62 100
12 100
33 75
4 88
7 79
81 38
87 26
7 2
36 94
38 33
86 4
94 7
98 15
85 61
25 31
93 61
29 49
47 36
29 31
15 29
79 76
82 38
53 76
8 88
58 4
46 26
14 72
31 46
60 40
3 74
66 41
32 20
61 87
17 80
68 93
22 39
20 14
64 75
43 92
9 1
28 19
58 69
23 72
13 89
54 84
32 2
8 17
32 49
67 20
98 46
68 83
34 5
90 84
13 19
65 56
46 59
60 29
19 31
69 90
90 83
31 75
57 66
35 78
61 99
29 85
95 51
24 58
71 55
95 25
27 32
25 6
54 19
64 50
8 36
41 38
30 16
58 36
24 25
48 38
14 8
73 92
65 30
25 91
47 27
23 67
20 2
92 17
85 76
91 12
43 13
81 13
47 6
69 7
33 70
69 33
69 39
3 27
12 56
47 38
51 38
89 52
12 43
75 82
14 33
47 4
41 22
36 91
34 65
46 87
17 35
79 69
18 81
74 86
90 82
66 18
28 36
32 6
72 49
27 83
75 96
46 83
48 6
96 1
75 54
90 51
16 81
67 16
39 60
31 59
71 41
66 23
93 18
7 23
45 11
61 69
49 30
50 23
67 27
53 29
46 58
77 47
12 60
57 6
53 64
36 12
54 44
88 85
90 14
37 74
28 81
93 4
28 86
17 62
63 37
30 88
62 37
40 7
76 24
99 78
39 78
31 69
97 75
28 65
80 59
86 18
48 22
26 7
51 22
91 38
42 10
25 46
3 69
67 9
81 11
35 59
73 5
93 97
97 29
43 79
41 91
11 97
45 48
66 79
11 37
61 3
44 59
50 90
32 99
21 95
86 100
85 59
97 65
6 20
80 4
15 83
100 10
16 44
28 40
25 52
39 47
83 61
93 53
72 79
75 85
32 50
21 73
17 89
10 41
56 73
25 1
88 19
29 27
10 75
23 75
38 83
44 80
13 76
100 31
81 97
9 47
22 38
37 44
87 70
49 89
96 52
63 35
20 10
38 29
46 82
42 33
82 95
53 77
72 66
83 85
70 76
28 45
54 9
80 56
91 16
66 58
94 45
68 79
93 22
72 24
90 34
55 28
91 83
54 77
79 45
52 37
71 5
48 10
51 88
32 80
8 79
59 40
62 65
47 57
87 3
29 47
66 34
90 77
39 41
46 7
56 31
41 84
39 24
92 25
77 62
94 59
47 100
2 27
76 39
45 24
37 29
5 18
32 47
71 56
58 2
56 48
51 25
26 8
2 29
23 31
48 15
100 16
96 27
25 55
62 15
26 70
34 57
53 96
39 48
67 60
92 7
35 52
47 88
49 42
8 59
28 4
82 63
72 58
2 55
15 71
1 71
51 23
5 6
43 33
45 7
26 36
38 61
86 12
91 42
90 68
12 69
70 92
45 23
2 64
54 82
50 80
85 63
31 67
56 33
4 46
35 72
4 45
60 77
81 89
57 59
54 62
94 84
61 96
5 1
15 30
4 30
61 44
32 23
58 89
85 62
33 66
61 63
62 2
30 5
58 92
74 40
69 52
89 20
75 89
4 76
37 14
67 85
35 25
7 93
91 52
16 9
91 96
81 93
52 44
87 86
42 35
31 91
5 58
45 29
90 95
48 73
81 30
94 25
39 86
26 48
30 53
89 48
14 65
64 48
54 69
5 60
74 47
20 25
23 49
64 19
1 69
6 27
59 63
91 68
86 27
40 95
34 18
16 52
44 28
29 77
55 37
90 61
33 99
29 66
23 27
19 12
87 69
71 82
32 46
41 97
61 94
12 27
80 3
39 28
14 23
77 12
45 26
1 94
28 38
36 34
65 8
28 18
84 57
40 35
97 31
86 52
64 51
27 65
93 20
96 83
60 98
87 58
25 33
10 80
39 90
26 83
65 83
9 99
13 90
77 46
16 70
11 24
41 87
96 44
80 79
7 60
38 75
94 38
85 96
79 100
43 97
59 73
59 24
6 17
23 80
42 21
74 4
18 55
48 53
17 27
14 39
43 65
39 7
23 62
95 100
43 86
48 57
13 46
61 4
1 12
78 2
41 68
76 56
97 73
26 16
100 33
73 61
72 39
81 34
79 24
44 70
5 42
48 86
83 33
34 37
1 56
82 59
16 65
66 82
98 45
79 88
45 70
59 92
87 23
45 6
59 30
76 83
56 70
40 85
30 46
56 97
48 47
18 39
68 20
57 2
89 18
96 77
31 98
88 100
1 44
67 99
83 35
56 28
46 94
34 29
27 60
19 10
25 39
58 32
97 63
44 95
77 93
70 36
73 82
34 73
98 59
32 92
56 44
80 76
36 66
49 27
5 39
91 15
76 81
99 56
38 68
92 5
50 6
53 26
87 54
54 85
36 52
28 92
66 53
82 10
63 66
18 69
58 48
48 11
41 42
48 2
42 16
67 81
39 4
3 41
23 52
7 14
65 70
99 100
8 83
71 86
46 15
18 59
16 36
96 8
91 69
90 55
88 22
89 40
25 62
3 23
23 6
58 40
5 12
5 68
59 6
81 54
11 90
81 61
92 42
4 51
68 46
36 77
58 75
7 32
88 20
20 24
46 63
35 30
59 69
51 40
50 40
51 78
3 71
9 24
95 10
8 12
78 48
86 22
86 82
30 24
59 48
60 59
80 54
44 91
81 55
14 58
2 10
34 3
1 89
33 95
61 21
27 88
65 44
44 8
49 7
80 73
2 3
35 74
73 89
93 90
10 96
18 88
18 82
23 88
62 96
98 95
58 53
45 71
4 79
38 56
81 22
3 37
14 4
23 98
19 1
75 73
33 81
64 31
82 92
47 58
26 31
43 15
40 63
43 87
23 96
10 81
19 46
97 57
54 59
91 11
26 30
32 78
5 32
16 23
57 99
77 58
48 21
4 63
63 48
19 45
71 31
94 18
34 32
50 85
72 26
58 80
54 72
89 65
25 69
52 58
76 26
61 39
63 39
91 21
83 47
29 61
80 39
31 13
81 7
63 96
51 30
17 71
92 78
27 18
99 50
91 84
81 99
80 83
33 91
100 57
31 76
10 1
31 8
86 25
70 72
17 84
95 93
35 28
7 16
72 80
10 3
12 87
100 27
100 4
14 59
83 53
66 44
36 39
56 3
55 6
52 70
20 85
16 45
77 79
66 56
82 43
41 86
100 21
75 65
65 64
45 9
47 71
24 94
38 46
52 63
34 94
32 44
13 18
51 19
34 85
19 94
70 61
15 61
65 21
71 18
84 53
88 66
100 22
2 66
65 23
84 50
87 30
61 82
93 5
95 55
100 15
30 61
97 74
72 95
92 44
21 7
88 12
65 58
7 8
56 36
49 84
98 84
3 21
79 29
5 20
54 24
30 42
17 50
45 46
21 16
95 78
2 95
80 86
30 33
94 32
15 87
72 78
14 94
77 56
11 62
15 1
64 17
8 11
10 26
45 39
70 8
31 86
50 35
6 30
54 55
38 1
14 79
86 32
51 89
1 64
18 79
32 89
27 8
71 53
69 37
27 39
60 63
29 92
88 96
21 57
96 95
44 82
82 6
88 50
34 14
28 8
32 62
25 64
71 68
79 53
56 18
87 82
13 20
43 84
28 75
22 66
61 23
42 59
47 84
71 65
6 39
84 42
51 9
71 16
92 46
37 28
7 85
52 53
98 65
54 91
30 100
96 41
100 67
51 72
86 6
51 43
82 94
13 98
80 27
62 28
32 31
33 22
31 70
32 95
24 67
78 36
50 14
75 55
67 90
48 91
97 36
41 15
16 58
48 85
52 24
23 42
31 20
8 29
11 40
25 5
78 16
50 20
6 36
45 15
74 98
59 25
10 16
66 73
96 79
1 100
79 70
74 52
51 27
27 63
88 68
91 45
67 73
26 80
62 58
44 97
79 15
29 100
5 54
31 84
75 25
95 74
92 81
37 1
13 55
94 11
61 66
49 53
62 6
65 52
9 77
47 91
77 52
64 98
77 6
28 29
8 69
31 1
9 22
55 83
59 15
23 48
72 37
46 28
86 68
45 54
35 66
61 76
35 79
50 46
93 75
38 49
82 97
29 24
27 73
89 96
49 6
87 35
67 83
19 25
71 58
18 53
47 35
46 96
2 89
80 30
8 99
54 49
49 59
22 42
86 79
43 53
59 78
83 79
32 43
55 85
83 71
86 89
11 82
4 81
14 3
64 68
48 25
19 72
16 8
61 67
24 70
59 70
13 77
70 86
87 79
50 39
42 68
45 58
41 28
41 83
88 62
17 91
66 16
50 68
70 96
3 29
85 47
27 25
53 81
14 66
3 81
92 18
66 4
48 62
40 79
51 13
52 40
75 94
82 79
32 88
43 52
66 30
35 15
96 57
31 51
87 57
53 80
60 100
77 34
64 59
63 15
98 100
35 16
61 7
13 48
28 97
26 59
29 96
53 27
69 32
27 35
98 27
72 96
68 62
20 27
1 52
32 73
78 5
27 57
78 50
15 2
74 81
25 49
100 85
20 72
85 74
74 8
73 76
69 23
84 30
38 84
60 50
19 61
24 74
91 82
53 8
92 15
68 21
93 72
65 11
57 12
26 12
52 21
97 14
97 25
48 1
94 56
88 15
9 34
79 78
92 8
22 85
36 62
24 61
16 12
72 25
31 78
83 23
15 27
46 79
61 65
75 37
12 81
29 26
39 94
43 34
87 37
36 48
44 46
15 4
39 34
79 47
67 34
87 71
82 50
2 6
48 93
23 20
50 53
42 67
42 60
85 15
83 56
31 21
54 70
20 51
6 56
88 86
46 11
30 57
78 19
35 94
72 5
29 10
62 89
76 30
71 95
45 55
56 42
9 49
55 19
45 8
58 68
45 62
21 6
92 10
42 37
28 87
98 96
36 79
55 64
21 72
43 64
89 63
18 37
20 76
23 74
71 60
8 15
50 34
90 1
86 19
86 45
29 83
25 73
9 35
30 11
21 99
22 21
24 19
36 17
2 84
31 4
74 60
80 31
100 81
12 64
42 77
10 14
31 49
32 26
53 17
69 43
96 40
75 57
10 33
51 36
47 94
11 32
100 74
92 86
46 66
66 51
69 44
26 92
24 40
35 6
100 87
33 2
25 80
4 7
85 9
7 73
91 37
69 5
7 5
83 86
63 1
3 52
68 55
90 36
75 2
87 59
43 46
12 75
14 21
96 60
89 45
47 49
23 58
75 36
3 25
88 7
73 45
20 78
74 50
7 29
69 65
86 54
96 84
49 28
27 78
37 71
87 53
79 31
32 59
72 22
41 12
83 45
55 16
22 59
96 3
32 22
8 82
93 24
78 81
17 43
100 54
23 94
7 6
3 90
73 100
24 36
53 15
38 11
58 37
99 29
40 8
61 62
15 39
48 51
62 57
2 13
44 47
1 20
65 55
99 69
98 63
78 66
69 15
9 52
78 90
42 76
62 13
70 25
31 83
24 97
52 32
91 23
74 9
41 61
70 81
69 74
59 97
100 51
99 59
67 96
51 39
98 66
93 2
45 21
26 24
49 39
50 48
63 53
98 87
89 79
12 4
33 35
11 78
10 97
25 8
25 85
69 27
58 74
16 59
17 4
18 54
72 15
84 40
67 32
5 70
46 100
55 32
45 30
78 43
49 10
85 3
62 53
51 70
92 53
69 22
69 13
33 9
6 94
19 48
92 75
51 77
62 31
69 96
16 96
30 41
18 4
96 38
74 39
12 51
10 62
73 19
22 90
89 7
96 81
64 78
74 43
65 39
3 8
77 63
11 89
25 12
25 40
63 49
11 31
18 6
81 14
67 76
49 75
44 27
21 54
87 64
41 57
58 17
89 67
90 18
22 61
54 16
4 13
3 45
29 94
59 11
74 11
4 94
33 45
45 41
49 22
71 52
31 42
89 30
74 25
62 78
85 44
28 72
33 27
43 80
42 96
25 14
58 82
6 89
92 83
3 91
9 28
65 79
69 38
54 41
48 7
40 68
51 62
83 19
3 99
47 96
60 8
85 45
12 9
22 13
80 1
92 49
85 23
43 61
82 28
78 45
39 89
74 68
47 23
54 33
51 92
35 45
48 60
4 49
25 57
5 80
40 100
71 11
66 15
28 42
25 81
99 5
10 90
51 46
95 1
98 25
81 71
27 9
11 61
28 98
18 83
34 93
96 28
100 36
26 81
39 19
44 78
52 28
5 87
51 10
53 61
9 70
93 85
47 65
5 38
27 89
90 98
37 70
96 35
5 96
78 76
26 91
26 62
10 34
16 88
93 28
57 19
6 43
11 79
24 10
34 45
30 78
27 5
36 35
20 19
88 43
93 84
83 40
28 74
4 97
96 19
73 43
65 50
48 32
27 68
37 73
71 33
42 29
99 77
27 45
64 30
37 49
94 40
10 72
38 37
88 54
27 99
57 7
48 44
12 55
54 68
75 74
83 17
24 43
20 69
97 1
58 6
87 22
85 36
64 5
24 41
41 48
7 33
12 63
35 58
30 71
86 38
98 36
33 60
15 14
72 84
17 2
22 91
98 4
97 12
96 51
67 79
19 22
83 94
66 99
56 58
67 98
15 81
89 28
17 65
97 96
79 28
51 18
7 58
50 42
100 39
7 87
90 7
46 80
49 58
91 27
83 24
76 58
75 80
20 12
51 28
35 82
95 7
45 81
46 10
42 39
62 8
4 25
9 95
48 97
84 25
13 57
6 10
46 47
63 30
93 50
71 67
10 25
5 28
100 53
98 88
68 33
11 12
9 82
23 57
8 63
34 91
42 36
58 54
2 53
33 16
2 91
24 4
29 91
31 12
42 15
55 56
73 96
49 50
45 65
45 64
68 82
40 2
92 56
11 51
40 56
62 67
13 63
66 40
15 26
31 16
18 25
50 15
28 66
51 7
4 10
79 97
10 99
58 21
86 60
95 47
99 38
15 25
28 77
88 11
63 67
61 59
53 88
90 85
74 71
69 81
26 66
58 64
17 78
91 57
44 98
32 14
17 48
64 80
76 87
22 20
55 49
43 4
100 75
41 32
57 39
1 72
62 14
46 76
83 75
18 62
77 18
79 61
99 89
98 47
74 76
38 50
51 8
74 55
3 42
57 68
79 6
6 68
17 15
69 53
16 38
49 66
55 46
55 31
13 27
95 4
14 38
95 87
23 9
40 17
87 6
38 2
77 14
84 4
87 47
89 64
92 34
95 30
57 9
39 67
24 62
65 32
86 77
25 36
48 68
40 61
49 77
66 76
62 70
42 64
73 83
84 34
69 92
99 86
60 52
93 35
83 4
52 29
71 39
64 91
29 21
56 25
89 25
33 32
20 95
99 42
41 90
44 79
78 37
90 31
22 46
89 92
38 34
21 80
28 69
90 8
43 63
11 96
86 8
48 72
31 85
61 75
42 89
66 64
52 48
76 48
43 99
90 45
62 44
29 33
32 70
76 65
55 96
73 42
37 16
1 79
72 60
18 63
7 70
14 55
32 16
97 8
88 2
66 89
89 90
92 61
88 48
38 15
8 18
22 62
37 10
2 14
4 32
65 74
84 59
41 79
56 20
34 24
20 80
36 86
73 6
86 66
56 87
16 79
73 87
96 26
68 89
26 9
67 43
65 26
65 96
5 43
71 40
13 23
24 16
48 12
52 41
76 1
44 58
22 35
59 3
25 26
88 41
17 63
100 35
46 27
89 14
70 42
45 47
41 73
55 5
14 22
84 100
60 2
54 73
23 25
55 58
80 41
54 65
74 82
62 66
79 92
33 47
24 86
93 100
54 50
69 77
60 36
8 61
6 75
65 87
81 85
86 29
35 84
28 2
43 77
60 90
43 23
39 53
94 95
11 21
76 95
18 36
87 2
34 1
16 15
76 72
29 4
77 76
70 21
68 23
4 20
13 85
3 17
55 3
93 87
57 51
76 27
97 61
10 5
35 10
22 64
23 39
29 16
67 72
2 30
69 29
92 31
28 3
93 78
59 41
63 47
46 8
34 51
83 63
66 37
98 81
23 24
10 70
38 71
38 44
12 30
39 21
87 78
88 70
19 50
64 28
96 12
25 53
11 4
57 80
52 6
41 95
57 93
95 80
42 97
5 89
53 98
84 15
13 67
38 17
99 65
77 1
63 42
55 62
49 62
77 21
50 7
80 11
17 5
92 66
35 46
19 93
3 92
22 60
3 60
23 100
48 75
20 90
100 80
18 58
54 2
67 74
79 5
42 65
63 25
94 73
82 96
85 95
70 48
97 70
86 15
4 5
31 63
63 99
42 13
83 49
74 12
57 4
52 50
54 90
14 26
69 62
51 73
45 51
62 27
30 72
15 64
85 70
100 72
33 87
100 66
83 39
36 88
71 32
6 63
34 64
9 36
78 38
17 34
35 32
53 42
59 93
55 80
60 43
50 69
31 2
74 78
64 33
14 75
43 59
61 34
67 11
40 88
4 52
74 93
36 19
21 15
75 34
60 30
54 40
12 49
77 67
36 31
33 59
99 35
76 59
58 10
77 23
96 48
38 42
72 91
1 21
42 14
52 66
67 10
73 24
46 33
34 46
69 55
35 34
96 94
43 47
1 86
15 82
3 57
78 58
45 100
90 32
89 83
47 62
95 42
88 69
11 83
81 62
5 49
93 11
19 98
65 4
64 62
85 80
13 95
66 68
93 38
75 29
64 93
80 61
33 77
17 47
3 30
36 43
15 94
21 8
31 41
27 43
32 74
32 85
54 78
21 71
89 70
43 89
30 10
21 44
93 94
76 49
25 93
15 47
6 33
79 84
44 94
12 6
17 18
17 28
49 88
100 70
19 42
65 95
75 90
96 21
86 75
35 71
10 15
87 20
87 31
6 65
52 80
49 93
49 14
20 34
12 89
41 23
35 1
43 16
95 6
91 8
42 62
5 77
56 26
100 8
46 9
95 52
85 49
94 33
27 21
18 19
76 62
52 85
52 87
44 26
36 65
7 67
11 25
82 29
40 18
17 30
14 93
48 80
16 47
62 56
45 49
12 3
75 78
17 23
11 75
36 82
28 71
13 68
31 5
87 9
84 87
56 39
45 93
1 6
53 46
99 84
64 92
62 63
71 93
93 80
99 96
24 33
56 47
1 13
68 84
98 99
69 76
49 79
94 48
98 43
70 80
97 76
49 11
52 22
13 83
29 65
93 88
74 92
73 84
40 93
97 33
53 90
82 48
91 13
77 59
85 43
28 7
97 72
61 54
30 54
30 91
2 45
55 36
72 42
92 71
37 59
86 97
29 64
5 29
44 10
1 43
83 12
44 30
38 19
43 91
57 86
59 9
92 67
50 41
94 66
64 73
77 17
68 49
86 91
17 1
99 93
57 45
10 12
14 9
40 80
35 14
86 30
35 3
24 21
46 21
70 12
8 42
28 50
44 17
98 54
12 54
3 39
5 51
81 24
18 52
48 16
100 5
63 73
91 10
95 60
54 66
28 94
87 75
9 84
23 56
89 100
28 63
89 10
40 92
99 13
83 21
97 52
98 20
6 46
98 80
14 73
54 94
84 85
27 84
14 19
89 41
38 10
56 74
83 22
70 3
58 98
69 86
21 4
71 29
78 3
81 8
40 33
26 90
27 26
39 26
10 47
59 36
50 30
64 8
9 96
62 3
28 1
66 48
58 9
79 90
10 84
34 28
45 42
42 71
34 2
25 67
74 45
67 57
1 82
23 4
8 84
13 88
38 54
95 14
77 10
11 58
24 99
92 94
1 81
12 22
4 82
13 86
60 10
57 10
13 96
9 80
40 12
73 17
8 33
25 7
15 95
1 16
44 60
87 63
68 19
60 94
95 70
88 1
76 29
53 94
35 62
78 46
16 83
53 7
17 66
11 29
98 9
99 34
57 89
42 55
19 62
65 49
25 37
88 87
77 91
4 33
52 42
19 59
50 92
30 20
56 41
21 13
1 3
92 41
13 61
40 97
59 89
20 43
44 43
46 91
30 48
83 66
85 41
83 7
47 60
95 49
56 54
8 93
41 21
45 36
39 66
57 43
33 62
1 99
44 93
11 9
67 36
78 42
59 2
32 42
93 82
99 91
55 77
34 86
71 46
5 45
25 50
73 93
47 59
73 26
16 62
35 23
67 52
27 59
53 3
92 87
36 53
15 60
91 6
71 70
68 39
34 72
49 61
71 66
22 29
44 24
26 58
18 43
64 14
19 3
61 25
89 9
88 46
20 84
47 11
43 70
42 87
58 29
10 39
6 61
4 1
5 36
23 34
31 17
89 77
59 34
19 44
9 20
57 29
12 15
36 96
51 17
50 13
49 87
50 79
18 30
1 22
97 30
93 1
47 86
57 90
11 98
82 31
96 92
66 32
94 76
34 74
36 72
59 20
34 7
75 47
59 83
41 64
78 15
68 97
17 96
23 93
49 67
60 4
26 17
17 49
57 37
85 66
43 90
6 71
40 30
76 75
83 60
99 95
68 52
23 55
49 3
81 50
52 73
98 79
64 74
16 14
58 3
90 56
9 6
9 18
91 4
1 66
51 14
88 31
50 61
29 54
13 25
7 62
69 47
96 56
26 4
63 44
72 99
16 39
4 44
36 7
4 40
60 23
5 2
5 8
77 98
62 83
74 66
1 74
62 1
49 16
50 95
31 95
94 5
82 17
57 92
69 6
71 34
9 25
92 84
80 34
100 18
31 24
5 63
76 36
49 56
3 11
85 65
50 5
17 88
94 26
52 45
28 84
52 75
88 37
67 4
60 14
93 37
57 32
67 54
46 86
80 68
94 10
29 6
29 46
6 70
3 13
88 97
68 67
99 62
13 28
93 76
38 73
27 97
93 65
84 36
16 95
93 55
66 21
27 74
36 61
66 80
9 71
76 40
75 51
20 15
21 25
86 44
54 60
5 16
12 59
45 17
88 63
52 72
63 95
39 70
51 33
77 19
65 15
32 54
37 81
56 51
31 73
48 81
35 54
15 23
74 46
80 37
58 85
5 44
15 40
54 52
90 47
37 35
70 29
55 98
63 34
61 45
27 58
91 79
13 35
90 87
41 17
21 82
8 78
7 41
16 80
54 17
9 13
14 36
26 11
78 10
67 3
21 59
44 57
49 94
86 55
98 24
59 39
82 100
39 43
74 36
40 90
97 66
84 16
89 87
48 90
19 97
86 16
17 19
9 5
49 51
12 35
70 58
36 73
24 100
75 39
84 52
58 12
80 36
22 17
9 100
68 95
64 52
69 4
1 42
1 2
68 12
15 54
73 98
90 23
51 76
2 42
9 56
70 60
78 97
92 88
13 29
45 1
82 2
33 67
3 95
100 28
27 72
7 84
97 91
36 1
70 14
61 28
90 42
64 10
16 34
51 80
22 79
91 32
56 30
89 46
56 53
32 3
98 6
26 33
87 40
46 73
26 57
83 93
47 67
8 38
85 53
29 78
91 56
58 67
64 95
86 62
49 41
67 86
100 68
56 93
46 69
72 86
94 43
55 88
41 19
55 21
5 52
35 97
21 75
3 89
72 85
20 71
16 41
6 85
31 99
61 57
75 62
85 19
5 57
57 71
21 33
58 41
23 40
33 50
5 84
73 62
64 71
45 31
37 86
60 79
63 81
1 47
51 42
79 25
68 15
92 37
72 75
28 88
4 59
94 3
21 89
57 98
18 91
66 20
98 10
24 68
85 51
64 83
76 71
52 47
76 52
39 88
23 22
29 89
38 88
71 73
19 100
99 90
24 27
98 17
57 24
15 51
64 36
12 94
79 3
32 60
1 59
66 7
53 67
97 16
63 69
15 5
6 16
60 58
4 3
18 64
26 88
62 94
60 21
65 40
79 85
53 60
80 2
58 28
18 78
28 31
89 69
27 40
34 11
83 95
21 34
18 97
55 53
51 99
92 95
44 29
4 36
47 72
58 51
51 86
35 90
57 52
49 80
5 65
38 25
34 98
41 81
76 100
48 74
21 78
9 79
24 12
37 90
35 55
15 99
50 56
71 49
54 10
33 98
97 7
61 18
51 37
13 80
42 34
77 39
16 56
86 59
98 86
42 9
82 81
84 62
7 91
98 97
68 53
88 56
43 10
92 14
46 84
72 71
16 25
12 45
19 32
84 6
86 17
18 3
11 68
64 39
100 13
53 86
28 15
66 24
31 15
63 11
29 40
48 31
43 41
18 22
54 95
7 1
86 7
17 52
37 64
19 30
30 36
35 53
17 13
8 95
61 2
52 31
