100 4581
27 81
71 26
4 91
33 73
19 12
30 45
43 53
70 24
33 97
39 17
34 51
36 43
69 72
68 75
65 5
92 94
85 56
7 34
75 80
43 80
36 14
100 57
9 22
12 34
22 96
67 29
69 59
37 90
26 67
76 93
35 28
98 8
70 84
38 4
96 16
31 53
33 69
23 57
14 4
77 80
43 100
81 33
35 26
51 16
56 45
19 65
76 17
41 68
86 51
48 46
51 24
4 31
56 78
58 70
5 17
85 39
39 93
31 87
60 61
24 38
11 19
19 23
5 74
84 36
6 59
47 72
54 28
83 88
38 47
77 39
38 57
95 4
59 97
67 23
16 14
95 55
80 59
28 25
95 59
66 11
12 87
42 58
80 10
44 49
40 45
71 62
23 77
20 37
8 72
98 40
44 85
4 84
53 47
91 80
4 97
19 61
38 3
69 19
20 41
43 73
60 57
77 85
75 93
99 5
92 42
13 92
21 42
32 63
90 78
14 52
98 23
50 38
80 90
23 21
93 33
11 69
69 76
19 6
95 17
13 83
81 46
23 4
57 84
73 23
97 9
93 62
46 11
48 87
68 66
54 90
53 1
99 50
13 62
80 11
34 31
81 57
69 38
74 16
57 96
74 1
77 36
66 7
46 92
28 19
100 39
84 61
64 76
26 38
84 14
90 57
48 11
71 67
26 41
93 32
18 81
16 5
43 94
7 25
13 57
7 85
93 86
11 54
74 9
72 61
19 22
45 61
46 64
15 71
83 38
66 9
74 98
57 97
28 78
46 65
8 40
81 80
14 19
54 66
37 100
14 2
9 35
53 55
69 21
51 94
42 40
96 35
76 35
38 92
38 63
91 48
16 46
11 3
67 96
60 63
85 31
41 8
92 61
5 40
71 80
35 21
80 4
28 91
40 58
47 44
81 13
49 60
55 31
11 51
31 95
8 14
22 41
68 19
43 9
74 10
45 31
26 28
92 59
84 62
39 98
97 56
94 91
99 40
23 71
79 18
42 30
77 4
6 18
42 94
78 83
43 51
14 17
89 70
22 12
88 96
10 4
95 21
23 33
4 71
80 63
93 49
58 44
75 76
35 60
25 91
15 95
87 13
37 25
84 76
27 40
99 30
44 97
35 57
35 62
97 98
5 26
40 41
95 6
48 89
54 88
14 20
14 42
75 46
71 59
8 55
85 24
52 57
93 64
9 51
60 11
69 13
14 78
92 63
34 18
41 45
42 97
59 91
70 38
43 78
21 24
11 16
7 94
84 99
30 3
62 82
89 90
46 10
67 70
51 67
79 63
86 3
36 74
72 73
21 52
5 20
88 48
30 38
78 76
40 9
16 40
65 11
83 60
71 11
56 44
55 66
53 78
16 98
54 4
82 14
63 52
95 67
90 11
50 23
60 39
91 79
60 41
93 50
54 58
19 70
67 44
42 36
53 15
90 24
1 25
23 64
57 61
25 42
21 87
30 89
66 34
51 68
50 55
13 28
72 99
60 56
33 1
86 39
52 66
87 71
66 81
7 63
44 78
45 78
18 37
42 93
47 85
37 35
84 86
55 56
10 73
54 57
58 59
77 57
40 10
49 80
62 97
54 32
6 71
70 91
24 46
40 90
92 12
70 61
63 95
47 41
87 1
22 39
29 23
4 73
11 38
1 72
34 17
16 71
30 68
87 34
3 32
52 5
58 8
70 51
31 93
19 39
1 31
70 21
20 55
56 23
33 80
72 37
43 21
99 6
6 54
24 53
46 70
18 27
83 12
30 86
23 26
72 71
99 90
74 40
69 10
36 100
35 20
61 93
42 6
30 100
54 80
47 48
38 8
45 100
19 96
3 50
89 16
74 32
30 79
53 98
79 64
96 55
10 14
22 32
62 26
83 29
36 70
84 20
20 59
61 29
17 4
44 80
57 37
91 52
97 70
100 87
61 59
7 1
51 93
2 26
43 85
98 90
23 1
93 92
55 36
76 63
16 23
27 84
27 62
38 40
42 81
96 66
85 14
78 60
86 9
83 81
65 74
99 9
64 48
72 92
54 23
45 88
59 46
18 88
73 96
52 43
94 56
6 84
8 50
50 44
72 49
57 28
24 67
35 47
30 58
62 78
77 89
95 45
40 61
45 9
85 86
65 99
59 41
2 31
25 95
41 61
96 82
52 94
83 94
81 92
99 1
85 65
58 5
20 63
30 92
42 3
65 27
12 58
19 32
68 83
6 86
72 81
10 16
55 76
44 92
34 5
42 10
8 88
88 99
100 68
36 2
90 62
33 95
63 90
47 92
75 25
81 74
58 52
9 54
72 6
2 73
98 36
10 1
21 83
46 34
71 20
74 60
83 34
42 1
64 47
95 69
1 29
45 75
58 15
51 81
75 6
36 66
21 54
44 77
57 26
93 81
20 16
9 77
47 54
94 61
78 20
37 28
46 22
31 42
35 77
41 21
44 99
68 8
78 29
72 91
48 15
66 10
75 98
44 22
76 52
84 12
68 84
13 26
89 51
1 39
82 93
62 83
51 17
46 82
94 18
94 53
82 5
6 77
64 30
44 42
78 80
24 2
11 22
99 69
50 56
53 34
62 23
51 20
13 68
22 6
78 11
96 89
78 86
58 31
81 1
47 81
98 21
96 4
87 51
55 38
64 73
97 45
98 67
45 42
52 2
4 89
56 20
63 44
36 61
48 34
97 1
2 25
73 17
2 63
51 91
45 32
54 5
2 42
5 11
24 11
25 3
76 1
17 7
13 63
38 42
24 37
85 79
66 94
68 72
59 96
100 19
71 79
18 20
52 65
2 62
75 38
49 7
19 3
68 24
88 59
87 24
70 71
70 48
67 73
86 42
28 42
44 30
49 57
99 51
66 84
76 19
92 69
45 15
34 15
12 98
21 55
8 66
12 55
75 81
61 39
97 99
54 75
93 57
48 6
96 94
83 14
41 29
59 38
41 95
68 57
59 49
83 89
68 73
85 29
78 52
84 39
68 33
6 98
76 44
25 41
74 82
81 54
44 72
52 56
5 49
79 24
20 91
51 44
29 18
72 50
92 39
26 97
46 35
66 62
65 35
2 55
57 24
45 3
97 85
64 29
15 83
81 70
93 8
97 27
1 14
30 1
67 8
59 62
81 89
35 68
49 36
98 89
88 6
82 22
53 72
14 46
18 1
62 77
36 91
6 13
21 25
93 66
32 92
46 36
27 35
22 77
19 33
78 94
88 29
11 49
28 44
92 55
82 89
94 32
13 89
47 19
33 46
18 99
89 71
40 91
69 23
79 94
65 87
80 65
90 72
30 94
89 2
63 54
57 63
56 83
28 17
29 95
31 6
22 72
53 76
8 90
26 82
38 31
36 9
30 25
46 76
72 17
10 31
81 37
48 62
90 96
83 86
21 73
36 79
85 91
42 48
59 99
88 82
39 54
69 79
98 30
51 71
68 86
25 5
77 10
12 6
74 48
68 50
9 18
31 39
27 7
51 76
69 40
31 16
8 62
12 24
54 69
10 72
51 28
1 88
66 16
61 26
1 36
52 96
98 56
73 20
68 15
30 41
56 74
17 69
60 9
97 82
77 41
35 70
23 2
18 10
58 76
50 61
12 94
56 42
35 83
84 40
81 38
31 94
39 28
43 55
14 12
46 98
8 15
92 26
13 77
76 13
65 49
14 94
85 51
31 49
51 78
64 61
82 23
60 5
91 54
81 16
20 21
81 7
81 10
47 3
81 22
13 22
31 26
83 26
73 25
30 80
67 45
50 24
42 79
22 86
99 33
14 62
83 85
94 86
72 23
90 47
41 67
58 57
68 48
39 99
50 65
47 71
48 76
45 38
31 62
64 35
79 3
19 42
5 66
76 24
97 55
64 4
100 20
24 43
38 56
84 58
61 81
49 95
76 74
74 61
19 53
86 50
58 64
98 41
3 87
81 12
72 85
36 13
44 16
77 45
11 41
90 28
51 72
88 94
70 68
8 97
3 68
40 79
100 77
39 7
99 55
15 79
2 91
73 62
79 87
48 55
78 66
29 70
83 63
4 33
75 60
55 17
79 75
41 85
39 68
42 57
60 77
19 99
22 70
24 18
82 36
17 99
13 56
23 89
79 22
19 16
23 36
96 31
91 87
73 51
81 97
9 59
72 95
76 36
81 64
33 15
100 18
11 6
26 3
70 88
57 65
15 92
4 50
20 76
13 17
80 13
61 20
2 22
85 96
66 70
20 9
89 95
35 61
45 91
49 89
30 20
22 18
7 31
41 39
4 46
35 34
37 1
89 47
91 24
38 28
18 26
14 86
70 30
2 29
55 57
41 48
55 91
87 28
51 41
19 43
42 53
60 90
16 76
97 61
24 71
96 78
82 69
23 91
93 55
96 84
90 82
18 69
95 27
91 43
71 97
74 7
46 38
91 41
7 88
57 9
28 45
79 86
43 34
21 97
67 40
37 7
56 34
50 27
81 34
36 5
61 77
14 15
79 51
90 41
92 89
72 11
82 40
75 15
35 13
15 12
88 65
71 78
51 23
51 45
78 95
98 95
11 27
71 61
72 32
4 21
47 27
97 10
47 74
1 61
96 20
15 36
96 14
49 56
92 97
95 20
37 27
45 22
15 42
83 80
52 32
70 56
100 29
52 12
43 39
69 61
48 21
86 97
39 52
8 71
3 18
49 91
72 35
36 62
66 85
14 76
82 67
96 40
67 54
41 94
52 61
63 24
80 5
59 37
59 3
31 72
41 73
18 63
31 97
32 13
5 7
12 72
75 49
8 5
12 57
66 40
51 37
61 5
18 45
50 76
39 55
100 55
89 9
67 93
40 71
45 79
10 8
10 57
59 54
71 88
87 90
63 86
71 65
72 80
42 16
6 87
61 43
57 4
61 58
49 43
77 18
76 30
26 42
98 24
80 58
24 4
20 23
93 87
30 22
51 22
63 19
87 86
6 17
20 4
60 92
66 44
70 59
14 95
84 85
36 29
84 49
6 44
60 71
34 47
69 60
89 75
58 98
30 12
71 39
27 9
76 91
43 29
11 44
99 10
55 27
16 24
67 68
25 88
31 80
54 46
81 77
78 68
45 59
85 53
60 26
56 51
45 7
90 53
74 14
80 41
31 35
22 59
75 41
39 29
13 3
34 16
30 69
7 68
76 21
32 8
5 51
7 93
59 30
11 36
59 19
73 99
44 64
5 46
25 64
9 23
98 82
77 74
96 68
73 90
73 39
44 65
51 1
89 58
64 55
52 93
45 39
93 48
33 67
81 87
30 39
81 6
99 23
35 41
16 45
51 52
4 18
54 51
63 15
69 68
92 51
85 12
99 98
51 39
60 40
49 33
66 29
1 35
83 37
66 25
59 31
41 56
60 98
42 62
69 67
31 44
2 85
5 72
55 25
41 79
61 11
47 1
56 35
26 63
49 15
16 60
83 44
78 55
97 76
93 30
26 73
60 88
75 29
28 79
24 59
56 11
12 90
72 25
97 53
97 12
18 70
8 75
17 93
4 7
46 89
97 89
59 15
80 62
99 46
98 72
66 30
56 88
18 23
2 3
4 48
46 66
42 69
20 47
58 21
13 44
84 35
90 25
58 18
2 37
99 29
46 27
78 3
54 96
50 83
57 89
17 96
79 78
75 53
64 70
61 13
44 60
89 12
32 11
1 64
12 37
1 94
55 87
66 77
29 35
100 67
80 28
17 98
89 85
14 88
52 22
49 8
41 31
34 100
60 87
4 79
75 5
72 38
53 88
70 12
33 61
40 81
38 22
64 82
99 3
4 70
47 56
2 71
63 25
6 69
86 67
68 34
80 55
6 29
21 40
9 55
20 66
95 84
4 41
72 13
55 4
65 7
97 43
91 69
23 13
50 80
43 92
65 83
11 8
40 26
47 18
90 51
43 28
77 12
24 32
72 54
77 78
65 77
95 40
16 26
96 75
78 49
5 55
1 75
53 4
92 86
2 90
89 69
80 1
26 1
98 71
86 54
47 99
14 33
88 66
10 41
3 100
56 66
71 94
2 54
76 100
38 85
15 28
29 32
37 15
24 84
15 39
8 4
5 19
62 50
85 27
56 61
6 64
27 74
82 75
19 97
90 93
59 78
52 25
2 57
42 39
69 44
76 40
69 36
81 32
57 16
21 72
65 93
40 3
27 51
26 24
82 18
18 39
14 56
18 21
72 16
35 33
5 81
35 91
77 7
9 28
51 14
93 22
79 25
72 41
1 9
19 52
70 43
64 67
81 30
4 52
5 3
94 11
19 90
35 11
18 76
87 73
18 12
66 12
53 25
84 25
78 10
45 69
73 61
51 82
99 31
28 71
44 12
33 58
60 22
56 65
72 4
93 97
59 29
58 65
89 50
12 8
67 11
96 38
41 50
11 76
62 52
62 28
87 53
96 77
47 55
12 82
60 27
23 83
36 59
98 92
6 47
36 95
35 52
36 92
27 20
22 5
69 64
10 53
94 74
1 22
21 89
15 41
80 7
96 13
57 7
75 66
1 43
92 4
74 68
5 4
27 91
13 37
86 82
50 42
82 55
73 98
88 76
83 66
17 65
20 50
4 26
7 56
42 37
8 20
28 55
76 85
17 36
30 23
46 1
94 63
96 83
60 52
28 77
35 100
61 75
83 93
91 89
63 4
100 85
18 65
98 63
60 21
78 12
7 55
83 28
2 46
44 24
2 66
48 52
19 55
97 13
67 81
98 38
56 10
89 59
48 2
15 80
17 19
23 27
26 53
69 22
83 61
84 73
16 35
55 3
98 27
84 13
100 79
98 43
94 57
64 32
71 9
12 32
28 53
12 45
24 34
44 15
78 17
58 50
18 50
21 13
1 4
94 2
33 92
37 47
92 49
47 75
60 68
97 35
64 59
4 35
85 74
60 76
13 99
1 85
77 72
97 32
55 26
12 33
36 16
3 37
11 26
52 40
31 3
29 33
81 91
35 14
86 65
17 47
96 36
55 22
11 12
74 6
32 18
97 96
18 87
90 15
75 21
42 72
1 55
95 26
28 60
81 3
43 38
16 4
95 2
10 13
70 77
57 34
37 9
17 20
34 22
43 56
81 21
14 21
94 58
45 20
92 2
94 69
72 76
61 88
4 88
58 51
42 13
20 3
42 34
1 63
31 79
53 59
79 6
66 74
26 17
12 13
94 33
62 25
80 18
55 67
13 34
58 85
53 71
7 32
82 91
49 71
43 25
78 63
53 79
88 23
96 21
66 89
76 82
12 68
40 93
40 4
53 56
13 64
81 78
75 14
5 50
81 85
82 17
76 61
65 47
53 74
60 6
68 9
68 29
22 87
19 18
8 85
65 12
37 77
7 38
12 36
61 80
30 33
96 24
42 46
28 52
7 67
91 39
70 37
37 23
21 94
60 79
85 30
87 42
61 51
46 15
99 81
16 9
49 45
65 28
37 97
100 41
94 64
74 12
63 59
64 95
42 9
80 66
1 50
50 35
82 53
27 28
88 21
43 6
62 61
31 13
23 94
36 97
87 14
97 5
12 91
57 47
38 51
87 43
78 23
82 57
63 8
47 16
87 5
23 43
24 29
63 48
55 89
26 100
42 88
11 57
55 37
58 96
38 17
4 61
21 22
28 36
57 15
3 82
46 71
54 17
41 55
21 91
12 31
20 92
14 48
33 100
3 39
83 71
44 26
65 48
79 70
25 71
35 88
65 21
8 13
97 29
62 91
90 17
20 36
89 80
93 3
45 80
30 65
50 91
25 31
53 33
100 72
68 5
96 12
7 2
3 21
16 54
39 24
30 15
10 30
75 22
84 59
87 39
64 84
86 66
19 20
4 59
3 56
99 11
67 25
10 85
69 2
16 39
69 51
67 39
10 50
50 87
52 10
70 5
29 44
53 27
25 77
1 77
55 73
100 40
24 7
47 84
27 70
24 28
13 11
71 64
45 33
45 21
57 83
25 26
8 64
64 85
76 94
35 23
38 53
33 70
30 90
67 58
21 17
39 62
90 29
92 84
86 95
95 56
64 21
50 32
10 21
12 47
84 3
3 76
3 4
16 100
70 13
65 59
35 48
65 68
51 8
97 64
8 87
98 28
86 70
40 63
77 73
18 66
23 96
87 80
21 51
88 87
33 85
25 80
9 32
14 31
27 80
45 76
70 87
41 63
18 35
48 28
55 63
32 40
65 51
76 29
48 50
99 64
86 46
45 96
45 44
48 72
46 85
34 40
13 59
93 91
47 29
28 93
26 75
65 84
92 17
59 27
25 51
54 71
4 28
2 75
39 33
62 24
69 83
57 53
88 36
57 95
36 41
81 15
76 90
91 17
42 80
72 3
48 84
18 62
90 22
32 83
55 23
78 5
31 5
69 77
55 46
3 28
67 3
87 77
32 16
100 10
34 39
53 86
58 73
89 72
26 15
29 84
65 53
49 29
52 99
37 96
8 27
41 42
62 49
20 60
10 93
2 32
3 90
63 17
3 65
57 85
79 74
7 92
25 12
84 78
23 84
61 7
53 32
76 37
70 69
54 56
23 86
62 22
10 91
76 96
92 95
1 70
82 100
45 92
55 6
6 97
61 46
44 86
29 56
67 27
70 57
18 15
65 78
90 97
91 8
71 3
24 55
8 22
16 22
86 57
60 23
14 39
54 41
34 37
25 68
76 79
24 1
54 97
5 96
80 38
87 97
94 72
83 18
35 40
24 20
92 19
65 37
46 56
58 71
16 3
22 26
73 83
42 76
19 37
70 93
8 31
77 71
87 58
27 52
53 16
53 3
10 88
55 98
41 32
87 92
83 55
53 23
39 25
26 68
80 37
97 68
56 8
90 43
76 12
35 95
16 52
14 18
34 78
88 89
7 73
88 73
39 64
7 71
2 16
84 43
27 63
47 40
91 67
21 2
67 88
7 35
73 1
44 5
62 68
5 29
3 10
83 53
58 83
83 41
15 91
90 32
8 84
33 79
13 58
15 51
66 28
12 2
19 54
29 96
8 59
20 77
75 59
26 69
76 7
100 95
28 49
74 100
83 54
73 29
70 15
64 11
84 32
9 93
37 88
45 71
51 47
52 92
57 20
27 6
1 92
1 71
30 17
45 68
43 82
3 62
21 30
96 39
29 12
34 84
88 84
56 93
11 7
94 45
39 35
51 42
40 73
82 19
13 82
28 2
67 89
73 46
35 25
9 100
9 38
91 33
69 43
62 67
64 3
41 89
25 44
98 51
54 95
57 43
78 50
19 86
64 60
89 14
76 26
43 33
23 48
82 54
89 61
76 5
99 58
9 13
72 70
14 38
76 83
81 68
50 85
71 100
95 52
16 55
94 17
12 49
5 13
8 65
79 43
37 43
67 17
22 33
34 61
25 93
31 83
23 17
72 96
44 17
37 22
14 93
87 33
54 43
79 68
62 70
18 17
27 88
39 80
19 66
73 52
95 76
88 38
75 20
92 71
50 13
35 36
18 64
28 69
11 20
10 35
37 16
1 15
89 35
45 74
43 30
57 22
81 25
76 38
19 62
15 56
44 36
92 75
51 29
39 57
80 73
4 58
88 19
56 67
59 14
43 35
12 50
25 34
46 87
21 28
50 79
78 2
52 46
20 29
3 36
6 67
34 1
96 71
89 53
67 18
87 78
62 16
86 80
28 89
52 84
69 93
92 88
85 75
47 67
52 97
77 58
39 26
17 68
81 90
65 54
28 30
49 53
45 29
55 62
86 56
37 26
67 22
38 6
24 100
70 83
80 29
76 47
87 7
27 86
13 38
32 42
53 40
2 49
35 63
47 93
5 27
16 21
83 39
35 53
79 67
26 70
11 1
5 41
43 32
2 83
68 92
97 65
81 98
54 48
99 91
9 76
71 38
33 17
39 72
64 80
27 25
52 79
14 7
67 14
76 80
43 93
6 61
31 52
7 6
30 53
72 62
69 9
1 21
55 85
41 46
31 51
69 75
95 10
36 4
68 18
8 7
2 17
67 43
53 80
93 34
94 97
82 38
51 60
30 51
37 85
62 7
25 57
19 34
14 6
75 84
25 10
13 93
65 100
81 52
52 68
64 12
52 3
97 66
70 75
34 49
47 9
17 64
10 17
24 49
26 52
87 64
43 31
17 80
53 39
86 60
45 19
56 71
14 5
34 36
65 22
91 18
72 36
16 68
60 15
61 32
70 54
7 20
38 16
17 89
99 82
37 17
38 34
13 65
11 34
92 16
78 6
11 42
11 9
6 96
34 88
62 47
37 45
95 50
49 3
28 23
50 30
91 74
84 30
38 61
68 49
7 9
77 46
22 49
49 66
31 91
56 68
30 96
1 83
56 59
74 84
12 86
73 31
39 94
10 96
31 77
24 36
63 96
53 66
99 76
83 75
66 35
94 87
89 78
73 12
94 47
86 96
100 96
60 97
83 98
1 78
8 23
59 74
15 38
1 86
52 49
23 100
60 8
20 54
61 42
98 7
8 53
69 12
12 10
46 57
71 81
100 31
80 98
7 75
63 58
86 45
1 12
98 87
89 33
11 75
33 10
68 6
65 79
64 45
90 71
38 62
85 34
77 50
79 92
45 34
78 88
46 90
88 47
38 2
71 19
5 30
21 63
36 19
91 66
6 70
78 31
51 53
30 31
30 16
57 32
31 32
1 62
100 75
63 62
68 89
7 82
90 85
41 57
9 91
21 67
92 66
85 61
73 15
4 12
48 67
8 48
62 57
23 63
51 88
48 81
18 57
53 60
89 36
10 82
54 24
83 97
69 53
95 18
65 63
52 53
44 70
22 35
97 74
18 52
30 36
70 45
46 100
69 48
98 66
82 80
49 76
12 61
27 72
61 18
61 65
84 44
80 24
35 80
27 2
4 6
26 36
8 43
85 26
95 16
90 26
57 71
67 35
75 51
77 92
10 70
84 71
47 36
80 9
92 83
98 69
41 70
35 8
45 87
19 51
51 10
100 48
41 3
31 63
26 99
54 10
42 100
3 97
32 89
14 9
49 87
63 34
20 2
68 94
100 17
38 58
29 54
58 19
6 82
82 61
14 71
41 96
87 23
24 27
27 3
50 82
89 38
32 1
25 83
62 40
13 4
32 37
38 95
60 36
51 40
73 28
11 97
3 12
97 20
5 47
26 66
11 92
50 14
90 100
82 34
11 63
9 46
73 19
45 6
77 11
40 72
95 65
44 73
29 62
74 35
9 6
100 98
64 75
34 71
31 40
31 56
31 36
52 9
53 11
27 75
79 72
8 36
53 14
89 79
40 30
8 77
10 63
69 25
36 40
87 99
9 49
91 34
15 4
22 56
38 91
48 43
62 86
63 49
14 70
52 90
3 98
43 2
73 11
95 83
16 56
20 13
28 72
31 50
55 45
65 66
55 10
9 5
97 48
98 45
85 54
87 36
73 63
73 38
59 47
70 7
83 46
91 86
57 19
67 16
44 75
62 37
7 42
85 25
85 69
17 11
54 79
97 14
95 46
36 38
15 17
60 50
43 83
49 25
16 61
11 84
47 98
100 58
54 52
48 5
25 97
84 67
89 22
19 29
46 93
65 10
46 20
71 91
84 98
79 17
59 48
32 71
3 46
16 90
30 82
60 18
19 89
11 87
40 89
78 48
15 88
66 90
12 93
81 14
23 68
60 58
55 94
48 95
88 58
82 71
14 58
30 19
44 41
91 1
55 14
16 12
62 87
67 28
21 66
21 99
5 73
97 80
59 68
62 54
15 54
36 71
34 67
22 76
21 15
57 3
3 70
20 83
13 41
63 33
10 24
4 25
94 98
31 33
43 22
47 30
55 72
42 75
64 16
82 77
13 79
96 92
88 50
94 73
25 29
60 24
80 67
92 58
47 61
4 94
8 78
8 57
56 58
79 62
37 31
4 82
48 53
65 14
59 39
34 77
79 1
70 80
25 87
57 69
15 55
97 18
4 37
69 49
37 82
26 84
86 34
30 60
86 35
25 89
1 98
62 5
12 17
79 90
21 80
55 13
28 7
84 51
95 60
80 23
71 85
53 95
34 76
94 20
57 79
56 18
68 98
36 83
2 33
77 94
4 87
80 2
85 15
11 50
85 70
61 79
59 57
19 74
27 32
38 67
60 80
55 35
24 15
31 28
19 44
10 61
4 76
50 97
86 32
54 42
100 78
4 78
21 44
66 60
96 11
75 56
32 76
22 4
41 66
29 52
59 55
80 99
98 26
17 62
40 28
2 40
46 50
34 73
18 92
99 34
41 6
22 71
16 87
25 60
81 26
26 43
38 18
9 19
84 54
37 93
91 3
82 24
10 83
73 82
31 22
82 81
12 5
84 45
38 86
26 6
36 48
40 70
8 42
61 53
76 10
21 37
68 22
91 16
21 34
86 81
20 86
8 6
8 81
34 92
4 60
74 83
64 91
44 94
64 9
96 87
66 50
68 28
58 20
90 34
87 76
47 39
44 38
68 95
22 50
11 33
71 17
65 39
47 11
56 12
41 7
87 72
41 16
60 7
74 88
72 2
29 14
9 94
35 30
69 71
98 42
67 50
37 49
45 53
25 94
39 36
16 63
45 83
72 82
60 31
38 94
6 24
85 19
97 63
84 77
81 62
96 28
25 48
25 98
35 42
11 52
68 38
48 31
78 36
56 80
80 20
35 19
77 79
6 83
54 3
98 14
58 39
32 47
60 42
5 88
28 100
42 55
18 59
10 43
50 57
28 8
91 75
25 23
34 23
19 87
31 17
17 32
3 74
56 87
67 61
13 1
99 43
70 90
92 70
70 42
28 58
7 64
67 15
49 97
82 31
51 49
77 5
83 8
71 37
64 37
69 74
37 74
37 48
99 45
70 47
30 77
60 62
14 60
94 27
17 45
11 95
27 31
39 6
26 72
96 74
25 33
46 96
53 100
80 8
82 15
80 93
16 83
36 22
44 62
99 54
30 61
85 20
59 28
68 61
95 90
76 41
43 81
32 48
89 11
5 56
64 96
33 38
68 99
96 49
27 45
58 90
2 61
95 1
71 30
80 47
37 67
100 89
20 40
67 94
38 52
59 85
59 26
9 62
48 51
73 97
23 12
76 66
57 66
10 9
24 47
95 28
8 52
85 4
44 48
53 70
9 24
66 47
14 37
54 68
89 99
23 3
17 48
46 25
7 54
21 84
26 29
16 28
15 52
2 100
5 84
65 60
64 89
21 50
53 18
8 37
46 21
59 81
6 23
64 68
87 52
58 43
27 78
90 39
7 53
39 5
49 47
22 40
86 5
17 42
20 1
65 67
75 31
24 30
44 40
53 2
58 9
14 91
90 42
57 74
40 64
50 9
82 35
3 58
69 87
32 44
61 14
95 23
14 40
48 24
45 57
13 30
9 63
68 58
28 86
41 58
53 99
24 88
22 98
73 86
92 22
29 79
66 73
62 96
2 50
75 87
84 38
44 87
75 78
48 10
18 8
82 8
35 2
19 91
48 58
78 58
63 67
47 25
14 77
74 4
87 32
22 74
72 19
70 65
1 48
52 83
27 41
69 65
17 35
92 48
50 16
47 73
75 97
50 74
88 20
48 13
63 74
81 69
96 18
47 15
34 80
62 56
32 26
54 25
32 20
21 27
98 50
8 21
98 61
11 21
62 12
84 56
78 42
64 62
56 21
12 75
63 89
28 94
43 45
3 51
100 22
93 18
93 1
42 20
82 42
49 81
14 92
71 10
48 57
22 66
82 33
32 21
37 68
57 5
22 88
24 35
21 12
36 73
9 33
10 62
11 58
3 94
53 84
36 53
33 57
96 9
36 63
79 16
91 37
47 69
42 85
64 27
16 85
92 40
46 53
74 30
31 68
67 19
51 4
33 76
50 29
1 2
72 58
13 43
21 19
41 12
78 7
17 60
18 55
44 59
43 7
1 16
52 55
66 48
94 13
68 32
58 86
71 18
77 52
69 56
8 1
90 9
84 79
93 88
12 99
36 33
48 77
54 37
58 25
82 52
65 24
15 69
85 28
98 85
94 80
17 56
51 97
95 3
61 17
58 32
98 33
28 56
26 46
9 34
28 5
29 38
91 98
33 64
8 73
45 52
21 77
71 86
23 45
30 37
15 25
53 58
39 37
7 36
55 84
4 75
44 96
44 98
55 33
49 18
90 75
86 89
13 88
99 57
48 75
47 97
87 35
5 59
69 20
66 82
59 10
81 63
32 15
64 86
50 39
2 51
23 46
20 39
30 57
12 71
47 63
23 31
22 54
68 88
64 20
22 78
6 85
34 74
89 94
42 89
7 12
40 55
27 4
61 21
47 52
34 8
75 94
73 89
2 70
9 65
99 77
42 18
80 3
85 5
27 30
84 93
9 79
98 48
2 96
50 7
66 15
33 90
36 58
62 85
79 35
39 89
81 53
14 11
4 68
63 5
91 46
46 80
95 73
72 45
39 44
9 82
92 5
2 6
95 70
27 16
86 17
59 100
37 95
49 14
10 39
35 75
93 100
95 80
59 90
49 85
44 43
41 24
19 13
64 10
9 75
54 14
48 27
9 70
98 5
65 34
78 26
97 91
79 46
12 88
82 70
33 75
46 97
33 52
18 41
49 17
94 60
96 47
70 23
73 42
73 3
18 84
65 4
64 38
62 46
38 78
90 13
55 32
84 2
48 40
87 82
34 62
48 39
19 46
53 92
17 87
40 6
96 48
67 66
79 37
27 17
72 7
36 45
99 85
52 85
73 54
92 73
100 88
96 8
52 59
43 20
10 89
67 31
72 46
70 25
58 6
70 32
7 89
17 9
81 88
45 93
19 98
23 24
35 85
7 90
14 30
84 91
16 25
25 78
28 14
14 43
92 27
61 86
85 13
69 14
84 80
30 34
56 32
85 82
86 43
24 92
93 19
2 41
43 50
54 64
32 14
34 50
99 93
14 13
43 40
74 70
38 49
95 51
99 61
33 84
53 41
58 22
50 96
99 41
83 90
83 24
87 89
55 90
4 47
52 67
67 30
98 96
11 83
28 81
76 67
48 9
63 14
88 95
72 43
73 6
53 17
99 96
50 28
84 28
6 33
78 21
91 73
7 16
67 12
90 35
93 95
45 85
91 53
79 81
62 76
19 24
77 33
10 11
32 60
96 15
22 47
22 20
61 37
35 73
29 37
74 11
76 43
42 99
54 98
66 27
26 20
79 47
76 92
63 37
7 29
50 15
69 27
87 95
99 63
24 93
22 17
9 39
10 2
30 18
25 76
81 4
61 96
8 24
32 49
56 77
75 58
89 74
20 87
70 8
90 36
37 75
77 59
72 88
68 43
23 61
71 63
3 61
62 20
66 51
82 29
91 65
50 45
51 62
37 84
2 60
40 57
66 64
64 83
63 68
44 100
3 89
29 16
89 93
99 100
54 94
85 18
93 16
97 95
7 33
69 34
100 5
26 49
40 25
31 81
47 33
46 29
88 98
29 74
72 33
31 29
63 69
20 25
75 62
6 49
21 39
93 72
23 11
62 69
78 32
99 37
92 29
15 19
50 53
75 74
71 93
98 9
94 49
47 42
53 6
29 34
93 77
98 10
96 95
80 52
99 25
28 76
16 43
75 57
56 1
62 74
69 80
18 43
5 38
33 27
39 69
14 47
95 5
63 30
69 29
95 12
86 48
59 40
37 38
8 94
6 56
13 66
3 96
96 53
96 27
56 19
51 46
46 78
20 28
75 55
49 83
93 68
20 82
41 28
6 50
6 100
78 18
30 54
66 45
22 64
78 72
88 55
70 98
84 97
51 50
84 89
33 86
100 4
53 64
95 75
74 80
65 96
55 70
64 52
69 55
51 18
82 63
41 65
18 72
23 90
22 25
73 70
63 84
31 21
32 85
49 54
16 75
97 41
56 40
79 66
74 46
93 41
47 77
7 30
95 39
54 45
86 10
43 3
66 33
77 3
20 53
94 59
88 79
61 25
67 60
67 59
90 38
44 1
38 10
44 61
82 45
74 64
24 89
100 83
100 84
100 12
79 34
1 65
26 7
60 10
25 9
24 81
77 64
15 23
88 62
44 88
69 16
81 76
94 19
94 34
77 98
85 68
77 17
86 7
71 52
61 27
67 2
35 94
38 65
42 96
32 59
68 77
13 18
22 15
96 25
11 86
98 20
4 11
37 50
99 16
85 78
45 47
17 70
94 29
95 74
11 30
65 26
72 84
40 15
97 2
14 79
49 88
2 8
58 55
6 35
62 99
68 2
29 13
10 67
18 86
63 61
44 34
87 66
83 5
27 14
48 33
51 80
45 2
14 72
62 95
43 5
39 74
99 67
89 65
20 31
53 12
90 77
2 74
44 79
78 37
79 80
100 61
1 17
86 31
1 59
92 3
55 54
82 47
25 86
24 45
5 18
19 79
40 1
53 22
99 71
43 89
60 1
75 18
84 9
37 66
35 99
6 25
49 82
38 77
37 94
5 79
97 72
67 20
24 13
51 12
47 23
64 28
82 84
49 27
29 71
51 83
64 14
39 63
33 37
25 13
9 30
74 20
17 85
57 88
88 32
70 78
15 98
73 13
2 87
85 21
31 64
35 15
55 79
43 96
11 91
57 72
5 2
24 58
39 78
90 61
42 12
59 7
56 2
74 43
61 54
29 63
81 45
13 51
61 8
91 13
77 88
57 73
91 6
73 75
30 32
98 13
12 39
48 61
99 38
10 75
84 81
62 53
71 66
36 18
19 26
81 58
98 31
21 90
91 58
86 36
34 70
24 95
9 4
79 21
84 1
12 63
68 90
52 69
66 24
2 99
44 71
49 39
49 58
95 7
51 63
32 23
47 60
48 60
86 76
92 62
66 59
85 36
42 83
9 73
46 31
36 21
65 62
23 76
8 89
52 86
4 42
79 98
47 86
58 82
46 7
59 12
48 94
43 47
89 56
1 28
65 90
22 23
3 6
64 2
55 11
100 47
94 22
40 49
35 12
15 76
4 67
33 5
93 78
46 49
74 41
75 67
95 13
60 82
86 4
93 98
4 30
6 28
29 40
37 53
42 5
82 39
49 64
60 33
38 19
87 83
63 93
97 28
58 7
77 86
38 39
90 50
2 9
55 86
94 90
33 8
1 6
13 74
79 58
36 50
57 98
53 68
49 79
35 59
17 81
77 27
93 35
3 8
63 42
27 58
18 48
27 83
48 99
30 29
68 55
25 56
87 85
65 76
44 46
59 34
84 10
1 82
42 49
12 20
26 48
23 49
40 87
5 32
69 7
39 46
57 78
6 30
16 49
96 69
74 92
74 25
12 9
82 21
15 100
98 86
96 81
38 32
60 59
30 97
26 56
18 2
78 16
86 75
20 49
30 73
70 20
57 56
23 42
33 44
35 69
2 79
90 44
92 41
73 69
9 67
95 43
23 14
53 67
75 3
37 40
80 85
29 72
23 81
52 6
29 93
79 97
27 57
69 100
59 87
19 27
100 49
57 92
75 50
14 44
34 14
40 68
63 91
29 65
52 7
54 60
69 46
39 79
42 74
59 82
1 54
25 50
45 4
18 16
45 1
2 77
47 7
64 43
7 83
49 55
13 40
16 84
95 94
88 86
19 60
55 29
22 85
63 28
11 15
10 45
22 83
23 7
10 29
86 16
26 80
96 7
3 29
73 56
4 66
88 17
64 90
44 10
7 10
12 26
35 45
5 94
40 24
66 43
41 82
73 79
45 5
66 69
97 7
63 85
33 51
82 95
13 15
10 68
69 41
63 46
82 28
46 18
7 13
97 15
76 56
78 99
72 60
94 40
85 88
52 24
54 12
46 43
67 90
32 98
13 67
22 7
17 83
53 54
91 61
88 41
41 71
98 34
79 26
54 40
23 92
58 23
69 5
78 40
54 87
76 68
16 13
45 60
16 65
74 31
69 4
65 33
54 93
72 83
76 70
19 40
6 92
46 40
75 63
54 13
100 73
33 96
8 44
73 18
36 32
61 22
91 77
82 16
53 73
19 1
91 7
90 14
20 90
58 1
2 13
3 69
28 32
7 48
46 47
60 55
42 27
13 47
2 86
34 52
71 31
13 49
10 34
25 19
56 72
24 99
84 41
86 69
86 8
21 47
64 63
77 49
72 67
15 93
95 44
14 3
8 46
28 10
74 24
49 61
60 37
7 18
66 58
72 63
60 96
88 80
32 80
67 87
69 8
52 42
58 97
71 74
71 75
62 33
24 97
20 52
1 69
81 56
7 44
76 73
42 24
55 34
55 51
36 56
80 14
17 66
23 85
36 94
52 75
50 92
19 95
94 81
32 75
72 66
65 6
45 48
47 8
100 81
15 10
83 84
97 69
83 40
41 52
42 29
2 19
18 33
38 21
98 64
52 98
96 79
9 53
76 71
81 55
26 77
58 74
4 39
34 60
69 31
71 13
31 92
46 6
17 41
37 6
51 100
66 63
42 77
94 26
52 89
59 23
5 90
24 22
86 100
57 36
2 93
34 96
4 93
89 1
88 11
63 87
39 66
26 58
98 76
99 7
65 43
92 56
49 74
90 45
100 7
23 41
14 41
4 44
74 8
85 95
60 85
9 85
96 70
56 30
2 47
73 45
16 33
78 97
37 69
23 97
73 78
31 66
44 89
74 86
100 97
51 7
2 4
34 32
51 32
35 92
100 38
52 13
83 48
78 19
59 11
27 13
29 86
56 9
15 86
73 59
5 10
19 83
82 25
80 68
50 100
15 5
45 63
91 57
63 77
15 61
8 95
70 63
34 6
61 31
31 11
49 21
57 67
71 50
88 75
23 74
37 98
54 35
65 32
65 25
54 50
76 6
17 16
97 77
69 32
76 2
99 49
41 86
21 59
10 27
39 27
39 40
57 17
38 27
73 93
15 29
28 18
24 56
19 80
99 14
29 98
85 67
44 20
34 97
34 4
84 50
47 95
86 72
52 37
48 29
79 8
28 47
46 45
21 86
89 62
70 49
75 24
15 99
59 33
99 36
21 71
79 7
57 29
72 65
78 47
81 19
96 32
96 1
3 35
63 3
11 39
54 76
15 31
84 46
9 87
67 49
5 24
83 30
26 64
40 77
99 86
6 16
32 6
11 45
65 36
38 25
62 98
32 62
73 71
83 33
42 43
57 87
99 4
4 56
44 9
5 89
2 15
20 68
92 37
6 57
47 83
84 60
9 29
71 27
2 30
8 17
64 100
65 92
73 48
93 27
29 53
30 88
13 39
9 8
61 66
90 18
62 94
9 15
31 84
45 58
75 28
73 27
33 56
88 9
38 35
25 8
100 25
35 51
54 89
95 42
58 2
58 47
10 90
30 52
16 97
39 2
2 82
83 79
76 59
68 42
83 77
59 86
67 92
52 74
17 24
79 93
61 28
46 17
44 53
9 92
12 28
62 21
43 15
33 21
98 4
95 58
43 77
22 42
58 46
16 59
33 88
53 13
75 72
26 10
24 77
84 69
23 66
32 91
34 72
39 23
95 30
46 88
58 69
88 31
22 97
19 10
74 44
40 23
98 2
67 97
25 24
95 77
23 65
89 60
78 41
99 28
17 59
88 63
13 86
31 90
98 59
83 3
59 43
4 29
39 75
80 12
8 30
22 14
100 27
79 32
60 12
65 98
100 80
8 39
11 40
65 82
24 64
65 81
6 36
14 57
26 8
20 38
70 39
81 39
40 80
15 6
88 43
38 48
91 29
86 26
45 13
92 25
6 5
87 61
47 68
74 51
47 91
4 90
95 9
77 67
93 59
91 44
60 100
61 24
12 43
1 5
15 27
40 12
83 91
5 35
43 4
79 95
40 33
44 23
31 89
31 65
91 42
6 21
65 40
84 42
94 6
12 46
4 83
48 80
49 1
24 69
96 93
93 21
48 71
58 62
81 73
29 81
65 15
67 5
77 19
13 75
33 71
80 16
48 49
84 17
100 21
78 92
15 74
18 44
38 79
8 16
16 15
31 54
52 72
18 31
81 41
91 22
60 43
13 60
57 1
44 55
16 77
74 72
99 66
13 33
43 17
38 87
69 88
15 64
100 62
90 1
95 91
52 100
93 53
43 62
38 41
23 10
57 21
32 46
47 10
29 60
50 70
9 61
51 77
79 48
71 95
19 4
52 36
50 69
50 19
2 88
85 48
66 14
31 57
74 73
6 66
98 18
32 95
8 76
66 32
24 72
30 78
58 17
40 7
48 3
88 97
34 2
2 11
97 40
93 20
46 13
45 62
22 27
45 89
32 35
38 23
96 80
33 42
16 94
85 93
85 40
21 5
28 74
78 74
50 64
7 21
86 24
32 99
15 77
6 90
49 4
71 42
72 30
11 18
77 75
18 54
78 98
63 50
53 21
80 22
41 1
76 27
9 3
55 30
70 60
89 6
56 63
25 18
37 86
26 45
51 6
46 60
81 20
62 41
71 55
63 22
45 65
70 52
57 76
3 7
93 26
10 37
77 29
61 78
19 49
46 28
91 26
70 31
94 24
59 42
21 29
31 76
54 26
30 87
92 91
50 26
32 33
55 74
15 78
64 41
54 38
2 81
39 97
11 100
81 50
91 60
1 68
27 68
7 19
21 9
73 85
24 31
63 43
