100 4555
70 13
95 49
14 65
54 16
30 11
96 97
51 72
71 16
10 73
18 85
75 91
13 73
61 16
70 16
44 10
49 3
96 26
93 100
41 80
95 29
52 6
18 37
58 61
83 22
81 52
85 84
29 65
70 24
98 35
96 76
97 37
3 24
44 1
73 87
96 88
26 8
91 39
72 91
50 27
79 69
85 63
100 42
15 90
74 18
25 47
50 54
33 71
10 39
15 40
25 16
38 18
34 76
4 85
63 68
23 53
70 11
10 15
49 28
15 83
67 80
18 16
96 90
68 89
94 59
45 1
62 20
4 46
22 8
91 97
2 4
28 14
90 56
6 9
7 21
35 38
81 90
61 78
5 98
28 60
22 97
6 8
67 2
67 53
30 14
28 8
43 100
44 40
82 20
30 59
85 70
88 77
86 5
71 90
70 30
74 5
72 55
76 30
25 32
79 66
86 89
91 26
57 18
60 79
2 89
22 81
4 22
35 72
60 4
69 53
77 98
52 27
17 40
87 82
9 33
13 97
30 98
69 57
99 33
70 31
6 49
94 76
86 30
57 91
32 18
52 56
23 46
84 83
20 58
87 80
52 97
12 81
18 55
82 12
66 10
86 42
29 33
91 42
22 18
4 18
29 71
86 56
73 49
50 59
71 30
58 34
29 61
56 14
30 9
18 45
60 61
67 63
11 62
87 100
84 51
3 27
43 11
59 67
72 60
25 99
2 75
56 42
66 85
86 33
56 77
60 92
52 91
67 8
66 47
100 37
50 41
70 10
71 80
57 19
61 15
19 27
35 63
92 59
82 40
58 23
89 79
1 14
99 83
73 67
82 89
92 82
6 54
47 20
54 96
76 18
100 4
27 32
24 22
69 82
51 85
60 95
65 40
48 21
13 30
81 15
55 50
99 84
71 75
64 26
89 80
77 23
53 79
89 49
100 68
47 53
58 33
95 70
48 83
92 4
19 17
93 8
69 88
86 60
15 73
34 57
54 19
88 15
66 75
60 6
34 21
15 31
24 44
47 59
38 78
25 65
53 35
48 45
14 79
64 93
55 22
87 96
10 87
4 16
21 36
65 100
92 18
72 50
52 62
51 66
45 24
24 88
4 54
15 50
74 91
30 25
29 35
76 58
6 62
77 71
22 47
55 82
49 48
60 98
70 92
99 62
25 70
69 100
39 95
10 4
67 74
100 89
18 86
38 26
57 92
60 54
39 26
2 51
99 72
70 54
36 58
57 9
12 50
100 45
79 97
79 10
97 16
54 98
94 56
86 12
42 66
52 69
12 88
74 90
9 16
45 50
51 36
52 77
43 18
97 38
98 78
33 46
34 91
31 19
28 48
31 82
56 60
40 18
45 71
86 17
52 65
15 84
86 1
3 60
37 38
7 47
15 7
5 15
94 45
70 32
40 69
23 29
65 9
15 29
75 14
3 70
55 91
40 2
93 58
52 96
99 40
52 24
30 19
15 14
49 15
97 1
43 48
44 31
71 2
13 12
40 6
43 12
100 98
55 89
8 97
66 83
52 5
51 11
58 66
32 94
77 8
89 20
35 34
4 91
24 56
70 45
17 60
77 63
56 37
95 27
11 85
25 71
55 53
85 100
29 64
91 25
14 40
82 50
7 98
94 8
16 98
19 50
43 13
10 95
68 99
28 85
13 82
96 80
79 57
65 96
26 84
32 19
82 48
69 22
98 89
77 92
11 61
49 30
15 24
88 49
26 36
29 79
46 12
24 12
29 66
11 56
26 18
17 25
24 100
94 15
81 74
15 86
37 84
19 71
14 34
39 69
45 5
52 21
30 7
37 19
32 65
77 72
15 39
71 72
25 38
30 18
94 99
31 59
86 47
36 5
14 64
97 70
12 14
24 46
21 64
28 92
44 88
7 76
5 13
100 34
65 17
41 91
83 54
90 39
80 95
72 7
95 36
15 12
74 24
34 5
52 46
91 93
5 35
26 89
33 68
89 14
45 99
79 45
78 17
62 26
33 92
94 14
98 95
15 6
56 84
81 73
43 95
23 9
36 77
100 5
1 54
16 79
58 48
82 64
8 90
26 74
62 58
62 98
96 82
62 93
89 93
53 81
37 98
10 55
27 14
5 16
57 31
47 50
100 55
79 8
28 96
66 69
1 40
45 7
1 90
83 41
66 24
82 90
94 57
38 12
24 33
72 15
10 63
5 70
60 88
81 50
13 71
45 89
9 66
80 81
69 62
35 84
27 2
34 33
59 44
59 91
64 19
55 20
53 88
97 26
15 97
100 53
76 66
77 74
2 18
47 45
34 86
45 90
12 73
99 61
87 47
54 35
56 22
28 95
72 58
56 88
18 7
92 48
60 87
24 79
9 56
75 84
22 100
47 88
3 4
36 32
36 80
52 64
75 24
87 51
16 30
6 74
75 48
34 99
14 22
84 66
9 92
90 25
22 45
92 79
96 75
38 95
46 75
51 62
29 51
16 40
30 67
22 90
69 93
6 37
93 90
66 60
52 12
92 43
47 65
31 92
100 38
32 53
69 91
24 34
62 64
30 58
43 21
4 62
89 63
68 1
67 27
14 26
45 44
62 47
80 70
23 43
28 58
71 91
12 95
7 85
22 27
79 51
5 89
33 73
70 67
95 20
89 59
72 45
44 100
26 34
41 16
62 46
47 4
57 33
39 23
69 28
24 82
59 90
41 45
28 87
96 74
76 2
4 68
84 93
72 94
70 89
22 5
90 78
53 7
31 87
49 37
73 41
73 1
90 99
77 93
89 46
15 68
68 73
20 26
75 95
68 41
18 6
85 80
59 76
62 61
65 67
92 67
93 76
35 39
32 40
20 29
76 53
77 16
19 67
78 86
75 49
83 36
15 56
20 30
32 63
34 94
23 15
95 68
15 75
42 51
66 44
48 74
79 99
92 62
33 12
33 53
7 60
49 32
49 82
87 75
60 33
41 42
70 59
42 59
90 65
17 10
28 47
64 92
94 89
64 48
87 49
50 5
32 46
94 55
14 51
59 19
92 96
28 64
49 97
51 73
61 64
1 2
53 77
52 45
31 69
41 31
30 65
98 28
23 54
70 2
16 24
72 54
88 30
7 42
87 72
72 37
94 23
80 90
51 76
97 64
69 77
9 98
8 73
15 2
52 28
25 95
5 60
20 44
8 35
18 42
43 15
98 36
66 63
12 49
74 34
64 5
70 56
29 34
59 60
84 48
46 86
1 57
8 29
74 84
83 85
17 11
54 57
6 12
80 60
6 10
78 20
38 52
71 46
6 28
4 23
94 88
24 36
40 7
12 67
16 27
58 65
21 44
77 37
10 78
45 76
77 80
84 77
79 74
40 19
24 60
2 30
25 96
47 99
45 8
9 4
86 37
55 58
54 77
78 21
80 88
89 61
52 78
55 68
26 37
96 23
27 28
84 43
42 36
38 54
51 4
76 91
16 39
66 72
13 3
8 18
47 14
28 89
66 16
48 46
91 88
84 76
78 87
96 68
18 66
24 8
20 48
86 80
97 18
29 81
26 45
70 62
36 4
46 31
89 77
18 10
30 57
24 68
60 78
47 55
71 85
14 17
26 92
14 8
51 93
46 87
80 51
43 77
22 6
85 88
43 78
32 6
48 24
30 80
88 54
89 97
20 99
9 79
23 36
52 8
70 64
48 73
35 93
44 47
89 83
61 59
85 87
90 75
24 14
11 4
86 74
8 10
75 10
75 61
53 26
70 20
22 41
87 6
67 64
66 90
78 91
78 35
63 71
42 12
91 2
60 49
69 49
60 35
98 74
58 25
52 57
14 4
25 86
40 98
66 71
69 74
24 87
50 99
89 35
22 23
11 71
95 34
24 1
49 77
85 81
29 3
83 33
86 95
83 28
57 72
42 82
82 45
72 97
56 78
56 49
99 42
67 43
75 20
44 83
25 51
92 8
58 1
55 4
84 68
8 70
24 55
86 67
33 14
33 62
91 11
35 12
41 100
43 55
3 30
65 57
79 81
57 41
73 34
31 49
9 18
62 12
13 45
73 14
74 33
24 27
39 92
55 99
91 67
1 75
86 63
84 80
67 50
97 80
10 93
79 5
99 46
76 14
63 28
16 75
13 32
23 41
27 92
67 25
94 31
70 78
78 58
9 12
15 46
1 5
32 15
66 23
32 75
85 25
18 48
81 92
31 42
100 63
15 69
2 100
15 96
34 75
39 70
95 69
12 61
95 72
62 94
95 2
65 44
74 58
48 1
37 76
18 88
91 79
1 47
19 60
62 16
20 19
2 58
54 49
11 78
38 87
25 3
78 12
59 26
9 47
69 5
13 44
63 47
86 87
6 76
68 91
47 31
52 13
57 88
42 20
63 59
66 68
33 16
76 33
60 83
80 32
2 31
11 8
66 62
17 74
23 44
36 30
42 38
48 47
59 85
68 16
95 6
22 37
68 21
43 97
37 79
29 12
32 38
74 87
45 84
41 79
23 28
30 73
58 18
67 77
65 24
87 71
70 41
88 31
43 39
6 30
11 94
88 50
90 48
19 81
68 92
8 68
81 14
9 41
36 17
91 15
91 18
73 55
56 64
70 84
21 98
41 28
82 99
19 6
56 74
92 10
67 48
88 59
83 55
43 38
15 65
54 67
34 82
9 71
43 73
72 12
28 50
96 43
40 75
60 64
47 96
52 72
62 32
12 36
43 29
9 69
26 79
97 100
44 53
10 54
70 17
46 72
33 21
78 76
71 38
69 17
57 73
5 73
23 56
23 21
73 26
55 52
98 91
90 7
43 62
71 57
45 87
28 80
31 30
89 39
31 50
80 42
89 40
59 84
61 92
4 8
84 62
55 98
32 45
57 48
1 32
25 54
14 50
51 50
28 73
32 71
96 78
91 22
18 23
13 42
94 7
3 22
82 62
63 16
98 76
69 55
56 53
54 65
10 11
46 55
20 39
80 50
56 66
5 47
71 6
15 79
97 31
16 22
93 72
45 29
62 28
31 80
1 31
56 65
100 52
15 45
78 14
16 34
17 76
7 26
64 41
65 55
29 1
80 34
49 67
61 93
94 81
76 28
11 84
60 21
19 1
30 64
58 17
80 91
89 12
59 22
14 97
27 100
55 19
7 10
97 57
69 23
1 85
26 15
71 27
79 23
62 37
32 30
94 27
57 14
46 54
25 80
82 30
31 53
71 68
52 14
78 47
65 51
100 39
45 92
94 3
7 37
38 64
36 29
49 47
26 35
54 24
47 39
83 3
21 39
71 84
98 56
95 53
30 40
91 45
96 95
91 13
60 22
36 85
64 73
9 52
77 9
15 78
5 39
98 70
27 62
59 34
62 60
85 42
25 52
32 88
84 12
80 64
99 23
23 32
98 58
7 63
66 49
28 22
43 47
26 99
57 93
44 12
49 81
83 34
77 1
24 90
2 52
85 78
1 63
10 2
59 79
98 3
40 10
61 35
54 29
8 46
26 80
61 8
85 72
46 35
83 67
80 46
90 49
29 11
7 50
32 69
79 64
99 67
5 44
80 5
20 65
98 1
44 82
18 19
96 57
30 5
34 18
86 29
97 11
36 74
31 54
42 71
86 73
52 82
10 26
86 58
65 63
22 1
27 80
81 7
99 14
35 17
86 48
53 21
5 59
12 92
11 44
58 63
47 77
94 63
24 9
55 49
44 63
84 13
94 38
41 59
17 96
46 64
30 44
99 95
53 82
71 24
40 95
46 66
97 67
95 16
77 10
40 46
56 26
76 43
39 40
10 29
83 47
30 1
80 73
9 72
60 15
4 33
9 37
18 41
86 22
44 3
39 14
18 39
88 66
69 56
5 57
87 18
89 81
83 77
6 5
68 37
75 59
13 96
86 26
44 33
25 10
23 86
28 36
57 78
63 69
47 79
93 96
37 67
67 87
15 38
13 33
23 59
96 35
72 82
6 91
9 94
95 62
80 14
69 58
90 6
1 87
21 41
43 72
3 41
46 76
40 4
3 20
96 2
60 23
57 68
57 36
4 96
88 82
89 30
89 84
63 60
2 38
7 32
23 82
40 36
72 5
60 68
99 89
23 98
86 75
67 6
36 60
33 7
66 82
63 5
56 18
24 13
42 28
49 8
82 91
54 94
4 56
9 2
50 85
64 7
68 97
55 40
94 84
65 41
74 40
51 69
39 93
75 93
48 40
17 13
34 20
12 77
37 43
84 73
80 54
91 66
49 4
88 7
6 80
39 11
36 92
67 84
4 30
59 74
74 13
89 96
80 63
57 35
28 81
30 38
57 27
78 32
64 85
29 2
76 82
37 25
33 85
69 7
21 13
15 27
14 29
63 62
73 61
81 83
92 86
36 97
6 33
18 71
73 85
77 6
79 83
37 57
3 50
40 71
91 1
14 92
64 27
97 2
98 71
16 99
63 38
11 22
86 52
22 63
22 98
76 80
51 96
34 51
74 75
65 53
93 28
97 28
20 41
28 56
97 7
81 24
67 18
4 66
62 19
27 48
33 59
38 20
61 17
29 19
88 29
11 60
64 78
46 68
69 20
82 38
83 30
14 43
87 39
76 54
93 95
75 82
100 50
57 90
79 38
83 26
26 13
64 4
35 86
21 56
84 14
34 6
37 30
46 25
16 88
14 70
20 71
87 77
57 12
1 6
17 55
78 4
94 82
92 7
61 90
51 44
37 48
55 81
33 55
59 36
9 1
92 88
9 97
85 27
49 21
13 18
83 35
77 66
5 82
95 87
30 63
75 100
71 10
25 35
20 31
69 73
11 19
87 65
87 70
62 83
99 60
25 33
9 67
12 70
42 45
68 65
55 71
20 40
49 50
60 89
82 36
70 79
47 13
76 19
1 51
89 3
71 60
7 89
38 60
97 17
66 37
76 65
11 14
88 1
16 80
31 61
59 24
63 83
38 83
94 85
53 19
20 33
39 34
7 82
70 93
17 42
41 7
35 20
62 80
5 65
23 71
18 1
55 63
78 74
12 83
71 52
82 6
31 58
18 60
38 88
20 17
25 40
90 44
13 53
27 93
92 95
35 95
23 61
37 87
100 51
51 10
45 25
75 12
2 72
89 25
93 7
87 61
20 73
23 75
68 7
47 64
78 83
3 67
62 90
3 100
20 6
99 81
81 10
38 41
63 41
26 90
95 5
39 46
44 49
12 48
57 13
96 69
93 26
97 98
16 20
2 90
62 41
83 61
89 34
13 46
77 31
83 25
72 36
25 48
61 47
72 61
59 20
21 9
41 85
52 63
33 47
80 35
4 86
55 61
11 50
64 34
78 24
59 55
42 11
16 83
84 40
55 35
51 88
36 88
94 53
20 24
42 76
79 43
90 23
4 98
40 34
88 10
90 31
100 25
46 74
74 94
35 16
11 73
41 90
50 9
40 33
99 43
51 30
90 35
12 22
59 78
38 44
39 4
1 67
40 52
80 10
72 88
95 85
79 39
89 13
81 33
31 6
89 69
41 93
43 80
66 32
69 21
52 99
50 8
51 6
100 15
56 32
37 41
96 100
5 14
38 98
68 86
17 63
37 85
72 79
47 93
7 13
87 35
29 57
84 60
24 19
24 41
74 43
22 15
45 39
64 99
51 23
50 53
21 11
12 66
15 99
35 59
29 99
99 53
88 75
63 82
45 19
52 89
26 48
58 35
79 88
59 28
90 13
96 34
58 3
7 61
34 36
96 16
74 73
94 47
80 65
51 13
71 44
26 58
31 71
62 21
94 60
25 8
2 44
98 88
25 94
87 58
73 29
91 62
40 41
66 11
73 35
91 40
94 67
67 40
16 67
83 40
11 16
2 68
68 58
68 80
72 18
92 78
24 4
52 93
63 57
95 74
45 63
65 49
37 58
35 49
38 9
5 31
68 79
97 33
90 14
21 18
10 23
56 33
86 43
97 76
31 93
54 2
77 45
34 2
69 80
4 61
57 26
84 100
82 37
89 43
33 42
13 37
42 94
18 61
26 29
56 79
2 64
41 72
13 72
21 99
85 24
24 61
23 13
8 43
28 26
81 91
18 12
72 26
53 42
12 69
30 10
99 1
76 73
84 27
34 22
27 75
64 95
65 85
56 99
32 99
97 24
72 100
7 79
39 7
68 59
44 26
6 56
74 45
27 54
64 9
79 6
94 41
15 21
61 67
72 3
56 19
90 77
28 13
22 85
21 54
83 93
43 41
42 83
12 23
96 49
91 5
1 81
72 27
79 31
42 62
42 37
82 22
6 66
31 29
96 14
1 70
84 6
9 70
56 47
85 89
6 57
33 36
10 14
33 10
29 67
86 98
4 35
68 85
8 89
29 78
38 70
64 53
72 20
30 75
64 6
67 47
2 36
38 27
17 21
36 45
57 10
35 64
69 11
98 66
15 58
71 48
36 79
76 92
68 31
13 31
21 46
74 15
61 85
6 39
18 100
32 95
60 51
94 70
45 59
47 42
92 63
31 22
84 39
8 15
34 84
95 79
6 99
39 80
96 77
30 78
66 14
94 36
48 66
47 100
48 7
37 88
17 75
35 56
100 64
63 49
49 5
36 15
6 81
27 20
83 4
84 98
42 55
88 48
1 78
1 8
4 93
100 91
3 19
27 10
1 62
5 9
86 84
68 74
79 96
38 58
69 29
29 17
72 4
62 9
34 70
51 35
48 4
55 9
62 68
33 37
42 92
9 22
77 64
74 85
23 73
9 10
7 11
22 70
37 10
26 19
41 54
97 30
53 54
70 15
100 26
9 46
76 67
72 14
3 9
70 6
56 45
40 37
50 33
74 3
48 3
4 27
38 93
83 87
27 21
55 14
56 73
19 5
52 35
76 64
80 49
10 1
83 73
24 89
19 77
43 22
98 51
32 98
55 77
66 39
62 56
79 98
100 60
63 43
14 31
93 1
53 96
91 8
57 60
30 62
58 29
33 45
8 80
12 71
21 86
39 64
63 21
47 57
69 33
24 91
58 60
52 92
58 6
94 26
57 11
38 40
2 42
30 35
98 52
52 17
53 29
5 67
68 43
71 65
48 91
83 50
58 92
45 53
1 12
87 11
21 96
2 98
10 12
20 96
100 19
95 50
61 97
64 87
16 94
71 3
74 11
1 74
78 93
68 72
36 68
37 91
3 17
33 5
57 64
92 94
16 15
87 90
38 29
73 62
89 4
23 95
56 39
54 64
97 94
77 61
71 51
75 35
17 1
91 99
15 76
5 26
65 3
50 98
47 75
83 100
33 32
76 75
34 31
57 32
99 39
29 4
13 50
12 98
35 74
47 32
36 20
39 25
37 28
44 89
19 96
95 44
94 68
57 51
77 30
55 95
37 45
73 60
90 88
8 100
10 94
81 32
54 75
75 98
53 17
42 23
26 66
32 58
11 75
88 46
85 57
18 54
56 89
66 31
29 18
40 97
17 95
48 63
33 67
21 94
29 42
66 61
53 15
70 73
58 85
94 65
100 46
84 91
93 97
18 62
77 4
30 66
4 81
75 64
65 22
61 100
49 27
94 48
97 69
36 91
73 79
20 11
6 63
1 79
13 67
78 71
44 78
5 12
53 66
23 20
70 18
88 52
32 73
83 75
25 27
51 3
20 80
40 21
100 77
87 29
20 50
91 38
72 44
42 88
87 93
64 42
79 30
34 44
74 29
55 28
3 10
7 83
8 63
16 91
21 45
82 26
66 5
85 46
13 61
56 100
79 22
1 41
70 69
87 34
30 95
61 74
18 49
36 87
33 64
31 73
39 83
73 63
31 56
58 51
47 23
39 65
41 53
81 75
91 12
1 92
50 89
11 13
40 50
71 37
20 79
20 94
31 18
88 43
31 78
63 12
25 68
69 26
7 38
44 27
32 86
7 14
44 56
49 53
10 5
5 94
23 100
75 53
5 38
61 94
58 81
6 68
25 97
89 23
59 51
42 46
3 76
83 82
96 11
100 78
87 13
40 42
61 70
74 92
91 73
66 73
93 48
9 11
35 23
69 2
70 96
19 35
14 13
79 12
89 64
64 65
92 30
34 11
49 45
18 93
42 95
18 77
96 58
35 92
5 23
2 46
44 75
21 97
60 32
68 34
8 32
82 60
58 64
19 36
6 27
10 42
99 36
86 8
38 11
31 72
26 95
13 29
5 40
9 86
21 80
86 27
16 59
5 27
83 53
35 68
77 85
50 1
42 15
8 20
70 82
81 35
75 28
86 50
91 90
13 88
4 44
7 12
1 7
51 94
19 46
53 93
68 90
57 23
2 85
99 24
58 43
11 92
10 32
66 93
80 75
59 77
52 26
32 12
11 15
18 47
85 82
73 40
22 25
24 6
35 13
25 60
94 50
77 75
36 56
6 38
54 86
31 28
53 68
99 19
60 16
55 34
84 53
66 92
44 80
97 88
83 70
75 72
97 99
59 27
49 1
98 83
92 40
66 64
37 17
62 54
72 63
74 7
67 78
63 64
88 39
91 92
74 76
97 90
19 83
13 92
1 38
76 26
48 97
87 59
43 69
26 25
48 81
52 10
98 45
32 5
10 69
85 19
19 2
95 7
12 54
4 28
57 56
84 63
3 88
73 4
94 78
52 60
45 81
11 23
25 11
69 1
76 25
70 36
37 75
22 2
75 55
29 47
26 31
54 51
84 79
86 2
10 98
26 27
16 48
2 6
29 70
45 69
43 64
17 18
45 27
58 45
29 6
67 22
41 36
43 66
3 5
53 1
79 42
28 74
27 36
1 28
92 55
34 30
47 27
1 71
57 45
85 90
47 73
38 75
12 16
16 43
94 33
35 69
30 24
46 1
17 26
76 41
78 26
33 30
86 53
50 48
43 33
40 85
67 14
56 51
100 80
12 2
56 29
8 36
31 39
66 94
79 61
49 7
15 34
20 77
45 66
83 10
77 65
69 90
61 19
50 37
62 13
43 98
8 44
7 25
74 21
47 19
36 89
34 42
73 72
55 62
70 49
6 41
28 88
19 42
4 7
83 88
7 16
37 4
69 41
40 96
61 96
37 54
13 15
93 22
87 8
11 52
55 45
69 47
12 87
74 70
39 68
63 88
93 12
7 8
26 55
18 96
21 26
75 89
44 37
92 98
76 48
72 53
13 38
97 39
92 38
49 13
89 54
60 27
41 51
48 79
18 36
40 60
69 6
27 70
43 40
20 67
10 45
65 11
41 34
87 68
79 63
51 12
20 22
87 55
45 65
42 21
14 98
21 2
3 73
1 80
93 94
85 99
36 73
31 43
62 96
97 95
72 6
5 75
76 21
5 76
2 7
93 88
3 6
52 7
57 25
81 36
61 2
80 57
40 24
82 8
24 76
20 15
77 13
11 24
41 81
40 58
15 85
67 100
79 18
31 35
58 82
99 7
82 3
42 35
2 74
22 61
27 7
80 82
28 70
51 47
9 95
73 58
37 47
80 47
90 60
57 86
77 81
47 52
7 75
37 21
94 91
22 96
86 40
4 67
20 10
2 48
11 49
98 57
8 65
35 36
42 1
13 39
58 27
61 27
12 17
32 17
94 39
31 23
87 63
97 83
93 80
31 95
21 29
40 11
99 77
42 67
60 42
72 33
100 6
49 20
1 15
8 16
99 28
72 89
71 79
98 25
44 6
35 10
26 60
58 21
82 46
97 51
31 8
21 82
97 23
93 45
96 83
28 66
76 23
96 94
64 72
28 86
87 16
83 43
99 93
50 63
82 43
98 69
38 61
16 38
21 14
28 57
72 17
45 3
82 68
100 76
18 52
32 77
77 57
19 74
66 13
47 89
77 58
76 52
32 84
73 25
96 64
59 97
87 17
25 42
83 8
85 21
75 4
57 83
75 63
24 86
15 33
97 82
77 76
51 9
23 67
57 84
69 67
60 91
11 2
33 91
2 16
33 27
74 54
81 17
39 60
24 63
41 2
31 10
44 73
27 51
54 58
88 67
65 91
47 71
92 21
1 25
39 67
5 42
64 13
55 44
96 59
51 75
94 18
87 2
95 24
59 83
51 8
36 66
23 50
80 78
89 9
48 34
47 30
21 65
45 54
39 51
99 69
79 52
70 48
82 4
91 20
63 51
86 96
92 44
71 93
21 35
30 23
39 17
86 61
9 61
48 61
1 27
3 12
11 45
56 95
100 66
61 54
40 93
50 64
30 55
44 14
45 34
2 94
31 55
50 46
3 52
45 95
97 71
68 29
74 22
97 27
98 94
60 34
82 27
71 58
61 82
32 43
89 15
14 68
70 88
41 77
15 63
96 24
23 63
42 14
28 91
3 63
53 48
69 76
88 5
61 51
81 42
89 92
37 53
24 94
72 30
54 79
17 73
34 38
47 26
76 55
41 84
78 5
93 2
99 30
38 55
2 80
25 19
71 21
51 99
75 18
72 40
84 95
86 94
18 89
90 54
8 66
93 36
93 24
96 37
53 89
55 21
66 1
99 65
86 38
35 99
74 80
38 81
35 50
34 67
41 88
8 5
84 29
66 21
9 60
44 22
35 70
22 87
82 73
42 16
40 78
87 84
92 37
83 69
47 11
46 91
78 77
32 50
31 33
22 95
74 10
13 80
82 2
7 73
84 18
59 38
59 66
20 76
83 72
93 43
82 78
90 29
23 8
90 43
41 30
89 22
51 46
79 62
28 21
90 10
94 19
51 24
40 76
65 27
87 19
32 31
30 45
17 88
15 71
19 49
10 82
3 90
19 28
57 58
16 45
99 96
21 87
67 62
29 59
82 51
23 14
62 31
9 35
92 5
15 77
68 28
56 20
52 20
41 74
77 17
66 15
57 24
50 17
65 62
97 74
23 49
5 96
9 26
99 37
85 49
47 15
52 43
15 19
61 71
79 58
36 53
33 41
18 53
51 91
19 41
35 32
39 71
50 25
93 29
49 62
17 59
51 18
27 43
39 12
36 90
34 8
56 46
32 9
59 73
43 28
62 39
25 13
53 63
26 43
58 41
48 10
71 28
60 70
94 90
52 29
6 35
22 46
45 20
85 5
7 24
14 20
58 4
42 48
59 99
23 80
70 44
12 4
31 12
1 83
11 33
57 89
19 84
40 26
23 24
59 8
95 3
32 4
5 17
67 11
71 62
9 49
30 68
92 54
44 79
89 10
63 34
58 70
92 100
2 37
36 31
96 98
72 39
63 26
30 81
41 12
25 20
16 100
74 55
62 97
68 70
19 82
19 88
33 88
46 93
100 21
27 90
65 72
33 35
17 71
25 84
6 48
89 88
90 64
89 73
19 72
75 8
48 99
63 40
59 82
54 82
24 35
70 23
78 39
89 51
62 76
43 5
94 44
57 67
56 43
57 4
71 67
69 50
35 11
84 30
85 3
5 41
29 100
2 33
55 56
23 68
62 86
35 100
64 91
36 50
58 39
89 1
49 91
3 32
97 75
57 7
21 72
53 73
73 6
74 72
99 8
27 89
71 4
15 35
81 34
2 43
64 10
77 50
60 10
76 8
70 52
38 24
69 68
55 2
62 87
42 43
55 23
9 40
21 8
53 59
5 20
64 84
93 79
57 95
26 41
45 6
81 2
38 68
32 22
70 51
12 27
19 16
14 82
97 86
81 70
99 49
32 76
24 28
82 57
18 82
22 17
19 63
77 33
53 78
94 69
11 54
83 80
28 44
57 21
6 21
43 34
23 93
11 36
2 88
25 14
7 44
65 2
82 86
45 46
35 7
71 14
81 86
39 49
100 31
11 28
73 27
49 41
43 35
16 78
42 87
54 22
69 87
41 27
66 97
47 97
36 96
59 2
36 7
49 100
57 39
56 85
3 16
77 34
36 14
97 77
52 95
45 35
53 80
14 49
49 29
81 3
28 72
38 90
68 32
59 54
46 49
60 37
20 74
57 99
80 33
59 15
1 55
16 26
34 92
58 80
48 44
26 61
51 43
55 80
36 44
25 88
86 16
84 7
34 1
73 38
72 86
4 41
97 53
61 95
58 88
50 92
1 3
29 55
20 87
13 2
97 92
26 49
30 8
76 63
87 27
91 3
13 4
79 80
68 12
81 54
5 55
41 11
86 36
24 73
30 17
35 44
33 19
78 75
84 28
43 36
92 15
100 9
70 40
70 57
89 62
94 4
65 48
33 89
22 7
40 45
27 42
47 90
21 25
13 79
31 65
36 63
27 23
84 42
43 50
19 75
59 14
59 25
62 100
82 95
25 64
54 34
95 90
39 19
85 20
3 59
16 13
35 37
19 80
55 96
47 82
94 30
84 23
8 12
10 68
37 39
94 77
10 47
71 56
50 21
19 95
28 5
68 77
62 78
62 45
35 1
1 20
24 58
58 100
100 10
78 37
10 21
12 58
8 2
77 39
45 12
98 19
34 50
26 51
51 22
33 22
56 8
13 20
47 41
99 5
74 65
32 52
84 88
38 96
85 38
74 100
49 52
37 80
75 25
94 12
66 22
52 51
17 98
4 59
38 8
97 12
44 17
52 30
62 2
3 61
31 27
40 68
20 4
91 87
18 27
43 44
49 83
27 79
49 16
8 41
82 65
70 76
91 30
66 2
36 64
97 10
29 7
28 94
39 61
51 7
74 93
92 87
7 56
74 82
93 16
53 10
42 63
45 23
23 52
93 56
78 28
42 3
83 46
38 89
5 54
2 79
96 81
100 57
28 65
67 38
71 5
4 50
69 61
73 71
44 52
97 32
79 90
67 17
96 73
77 2
39 3
46 18
42 96
16 55
22 19
50 57
77 14
53 2
5 97
90 72
63 25
65 59
90 28
24 98
53 12
2 99
79 46
5 68
6 43
28 38
7 70
73 98
49 59
55 11
25 9
65 69
29 27
41 89
45 80
97 3
2 23
24 26
76 83
96 67
6 23
43 9
51 15
16 53
48 39
53 61
52 68
18 98
84 20
69 86
54 14
17 89
73 37
33 63
16 56
15 87
89 91
56 67
7 100
88 27
10 84
24 18
38 50
52 53
81 11
97 84
96 31
44 46
59 48
78 49
64 88
94 1
39 24
31 24
79 19
44 19
15 4
10 43
65 42
61 46
2 50
14 45
41 10
42 74
77 21
26 81
71 7
18 14
55 60
4 97
99 76
19 21
53 70
96 46
35 14
42 69
25 44
16 23
4 80
31 45
65 37
37 83
90 100
72 69
20 21
70 90
79 87
60 14
86 49
78 46
97 54
63 91
3 66
61 1
60 30
12 21
98 41
52 15
6 86
2 28
94 100
40 29
77 70
69 75
70 72
64 94
23 3
31 89
98 99
91 47
16 17
46 10
13 93
29 89
40 23
58 99
39 54
53 20
85 54
29 76
24 43
44 54
25 5
17 62
63 93
82 56
11 48
11 3
79 55
59 13
100 11
59 71
68 78
29 96
73 19
84 36
54 17
12 40
31 38
95 21
50 44
71 99
33 3
91 32
83 6
50 79
70 46
70 91
100 14
64 55
54 55
23 25
56 1
20 86
48 87
67 45
24 42
4 84
74 4
69 60
37 14
92 23
37 34
14 91
61 30
66 89
76 50
32 72
73 18
39 98
46 97
12 85
70 42
60 96
76 57
61 50
77 7
9 17
27 30
59 10
24 50
63 39
32 55
50 71
54 9
9 58
48 15
65 61
67 10
14 16
92 20
21 88
52 75
73 97
53 43
55 97
44 96
72 8
74 47
36 10
4 69
14 2
73 9
81 88
3 37
70 71
59 95
85 30
13 58
31 84
100 71
3 38
66 96
54 95
85 13
35 47
23 17
73 16
28 79
22 42
64 71
4 90
85 91
11 68
9 42
27 77
90 51
34 19
84 92
61 49
3 47
40 54
36 22
55 12
64 59
62 36
19 51
63 9
95 77
65 4
34 17
36 37
13 40
34 4
64 45
44 61
5 11
3 92
39 53
72 11
31 98
76 36
99 22
27 66
85 16
9 68
82 100
22 52
32 59
88 20
76 61
23 34
54 87
16 44
23 48
77 24
67 68
11 99
83 5
25 34
21 59
85 43
25 29
31 63
72 78
12 30
77 42
82 79
19 23
96 63
64 8
51 37
40 66
54 32
43 54
85 14
64 18
58 44
27 81
90 32
9 81
19 97
91 96
18 78
96 3
96 12
45 51
46 58
49 51
100 32
94 49
99 18
37 29
80 22
87 81
33 39
39 2
16 31
63 4
42 89
70 66
6 88
45 68
59 80
42 58
76 1
56 59
96 50
94 58
27 34
41 17
44 68
27 46
74 27
80 48
53 8
68 17
44 84
73 94
13 86
23 88
87 99
93 68
33 38
17 7
17 94
46 67
31 83
100 17
76 44
77 91
73 88
14 48
57 38
82 35
32 67
54 69
40 80
45 17
55 67
89 65
56 41
87 5
38 36
22 30
65 38
99 12
44 74
85 23
81 98
25 78
3 28
65 10
6 53
53 60
4 79
39 59
86 70
96 8
66 65
81 67
91 31
73 90
43 45
47 70
5 48
98 47
94 35
14 3
32 44
3 15
85 32
85 60
54 7
96 48
54 56
22 49
51 31
100 99
9 14
46 57
65 88
48 69
36 69
65 43
43 46
54 8
11 93
71 83
14 6
48 30
73 78
30 93
7 87
21 24
5 7
47 54
69 18
80 7
16 50
71 54
56 96
4 43
83 91
40 53
83 23
11 86
100 40
44 97
1 100
20 60
48 32
41 14
18 11
48 52
46 34
46 84
86 71
86 90
26 50
46 26
65 33
57 55
51 55
8 78
81 8
9 20
50 75
33 70
83 65
96 30
43 49
94 95
71 8
26 71
22 76
100 59
69 71
96 27
4 38
56 83
49 24
44 42
56 87
57 8
90 63
15 82
12 76
52 1
74 38
67 35
67 21
46 38
13 22
83 20
41 78
34 49
88 55
78 33
80 56
47 36
17 48
73 45
31 40
73 52
16 82
12 100
65 97
24 80
77 44
65 98
37 90
98 82
17 33
46 36
81 37
74 52
17 28
49 84
2 32
85 8
38 23
24 92
70 43
39 96
70 63
52 90
68 49
9 87
68 47
65 93
99 92
42 54
24 17
87 50
65 6
54 91
16 65
28 12
100 33
9 39
16 89
25 12
2 92
78 95
11 46
58 90
56 91
84 69
46 92
100 73
28 7
61 28
69 78
43 71
59 1
90 89
89 76
34 13
90 84
72 29
92 69
98 93
95 89
98 72
77 73
8 3
68 54
34 71
58 53
18 65
49 42
98 61
47 21
48 35
5 24
37 46
16 57
48 29
86 3
20 98
84 1
46 41
16 36
27 98
94 29
44 60
37 52
40 88
25 15
9 78
2 26
38 47
76 11
16 81
12 56
97 50
90 21
68 64
40 57
77 51
10 96
19 9
25 24
77 11
64 83
88 68
90 55
86 14
78 54
57 3
59 86
45 38
72 42
64 40
15 41
32 14
8 27
21 5
41 99
77 48
65 92
66 95
34 61
32 51
46 17
29 46
56 2
94 6
16 37
74 66
81 76
60 45
20 61
8 95
48 89
49 57
16 74
62 75
2 49
4 26
95 65
17 43
3 46
11 12
36 67
10 24
88 87
58 22
17 64
85 34
32 93
57 66
99 10
81 84
40 35
80 38
25 6
94 46
69 13
40 77
62 24
13 83
64 3
59 81
35 85
6 36
91 58
59 72
60 2
11 27
61 40
64 23
71 36
76 4
88 78
32 20
81 65
31 99
48 68
45 4
36 55
12 37
19 90
72 84
100 28
12 60
87 41
33 96
78 7
30 74
38 84
75 6
35 28
37 23
72 62
21 1
50 62
6 96
22 75
33 95
37 70
97 6
47 8
52 33
25 36
74 50
64 81
85 44
76 71
3 36
66 34
45 85
57 62
53 34
36 13
29 60
11 58
77 25
32 42
17 83
1 11
50 65
5 29
15 67
25 92
95 15
87 44
15 44
7 31
67 51
60 65
8 60
83 27
76 39
56 30
4 25
83 14
69 27
91 9
98 13
25 79
1 16
90 40
54 20
5 84
13 65
85 9
100 13
52 85
57 20
29 63
12 80
68 42
2 47
69 16
99 74
1 96
91 10
14 61
54 15
88 86
4 87
71 96
77 62
34 62
22 57
90 42
49 25
75 65
7 6
67 93
97 42
17 57
65 12
56 38
10 58
69 38
39 86
35 22
21 4
88 35
81 25
83 29
30 50
69 3
33 23
52 67
58 5
66 99
28 51
61 56
58 8
18 81
99 80
13 94
88 45
85 53
99 73
100 70
54 84
23 65
98 64
75 92
28 39
55 48
57 53
41 52
45 75
66 17
61 33
98 80
75 26
28 30
81 43
85 69
21 61
37 61
9 76
7 55
93 20
48 60
80 18
26 32
55 13
37 32
48 9
41 86
65 78
98 53
54 99
9 27
7 59
60 81
83 90
43 3
77 5
24 37
57 59
34 97
95 13
91 53
41 60
69 64
74 39
1 36
17 99
20 90
58 56
81 93
63 74
65 1
67 89
72 22
100 20
82 32
34 65
39 42
28 53
45 86
54 100
16 29
37 95
94 52
55 78
74 62
53 22
98 49
37 89
5 53
98 90
43 1
91 17
49 17
66 38
47 34
74 12
59 12
13 8
46 30
75 9
22 40
62 7
1 60
85 98
28 46
56 10
93 42
93 5
89 21
78 79
67 66
89 19
83 24
67 58
75 68
44 29
13 27
6 59
86 83
72 48
17 15
69 46
81 71
12 34
84 9
27 53
91 86
85 48
53 3
13 1
69 44
96 85
1 33
74 31
69 24
39 29
74 89
85 39
34 9
25 72
57 81
83 2
81 62
76 68
69 19
3 35
45 78
56 72
32 29
28 10
46 81
63 99
93 6
82 81
46 63
50 70
20 28
91 43
14 19
7 46
85 10
100 30
10 76
53 46
39 81
49 64
25 53
64 12
88 26
7 66
4 19
19 92
88 74
7 23
56 34
52 34
73 46
46 6
28 16
53 9
44 9
97 63
98 29
56 27
64 31
69 59
83 51
50 93
48 78
1 95
10 61
35 27
10 34
34 88
54 93
61 43
39 1
62 14
71 92
87 43
66 78
49 76
81 69
35 66
98 42
44 91
18 50
69 37
86 65
76 38
16 52
90 46
81 100
30 53
40 8
36 48
97 60
27 17
2 5
72 16
22 10
3 62
20 64
58 47
27 63
55 15
77 60
84 17
36 9
33 82
47 92
38 49
67 24
51 53
17 6
55 93
77 29
88 71
31 3
1 4
11 26
27 91
4 99
42 52
50 39
73 92
80 11
53 62
44 41
98 6
39 44
53 38
32 34
62 29
14 95
16 47
87 53
87 57
14 58
87 30
18 5
25 87
59 11
27 76
26 33
86 79
18 68
19 12
76 85
72 80
58 89
21 16
99 70
13 10
37 59
1 37
19 78
78 51
77 22
87 33
11 53
30 39
62 5
97 29
30 26
66 54
72 23
59 40
87 94
53 4
54 63
74 64
11 64
1 82
58 16
43 57
81 97
85 92
90 50
86 55
67 72
40 28
48 13
100 95
18 20
66 81
85 26
87 52
88 9
98 26
74 71
88 8
66 33
54 28
22 71
48 22
11 32
69 30
87 14
87 97
14 53
7 96
57 74
82 9
56 75
86 77
19 43
60 75
69 8
5 90
51 74
55 3
39 41
49 79
1 26
20 12
57 42
17 38
19 48
43 20
25 74
63 2
29 82
79 33
2 17
5 37
40 27
80 94
55 8
90 34
13 99
90 76
62 25
75 43
96 84
3 77
60 43
3 2
38 62
47 72
30 29
77 79
47 95
17 90
2 73
10 38
80 17
99 44
7 58
51 64
40 56
9 59
84 50
26 67
5 81
55 6
24 29
64 44
39 32
39 36
80 3
61 36
35 18
92 17
79 100
21 83
41 61
3 7
46 60
32 28
98 87
93 15
56 13
66 50
31 52
18 44
14 69
41 55
45 9
31 60
40 51
11 63
22 73
64 1
88 100
44 57
95 88
46 95
55 85
73 93
43 25
15 64
74 60
46 65
88 99
68 26
87 32
57 15
80 29
88 76
79 65
26 77
51 16
34 3
84 58
6 50
55 27
4 6
37 55
96 41
40 94
100 36
86 66
55 25
20 7
44 98
6 16
53 90
93 44
100 48
58 52
49 92
3 99
74 32
50 60
38 39
50 22
54 13
62 44
50 68
46 20
21 70
26 23
9 80
25 69
59 43
79 94
15 62
6 47
48 62
37 74
84 3
78 22
27 78
15 37
91 7
35 77
62 35
76 79
63 37
93 49
23 87
68 20
36 49
37 20
54 52
84 21
33 49
66 55
28 29
50 10
82 93
19 8
72 76
63 81
82 71
19 65
83 32
48 31
43 94
75 99
71 35
20 81
38 14
96 72
77 38
31 37
90 18
20 97
88 4
73 75
63 20
47 46
75 70
39 73
7 67
42 50
21 3
76 16
35 79
86 85
70 4
79 40
95 41
28 82
98 46
35 41
84 33
