100 4549
81 52
24 7
52 85
16 28
23 46
86 58
88 14
84 22
22 57
17 32
90 36
93 11
62 38
96 1
90 41
88 9
57 5
51 37
36 13
16 76
31 88
60 25
64 9
2 31
4 58
90 49
74 85
64 91
6 55
98 88
85 32
73 17
42 71
14 2
76 85
19 26
28 72
22 96
21 2
51 98
58 91
18 28
74 37
74 28
74 25
8 64
54 88
28 69
30 14
86 54
47 65
2 3
74 9
55 58
40 7
88 77
94 70
46 66
10 65
32 55
5 40
43 18
85 69
12 43
22 32
93 68
7 85
96 92
18 42
86 1
5 38
68 63
28 56
82 56
51 46
61 62
25 8
60 44
32 74
76 28
20 54
43 61
23 52
88 84
23 62
88 20
41 49
84 40
67 83
85 96
24 57
35 43
19 13
90 33
49 62
18 86
59 15
70 44
22 100
21 70
91 22
15 67
45 14
94 88
7 77
26 9
97 59
77 3
47 9
63 9
34 47
83 94
5 64
31 8
58 76
94 30
37 98
82 12
97 58
92 2
29 18
97 51
42 70
95 11
49 8
23 42
4 92
88 50
20 12
95 58
42 66
98 30
6 64
15 91
78 47
71 86
75 73
15 85
3 5
84 43
81 82
60 90
53 83
73 58
40 38
77 6
7 22
33 24
74 70
67 48
74 4
41 28
7 82
59 87
43 89
35 95
94 97
79 51
79 75
99 17
68 81
73 87
27 77
84 60
96 45
97 29
73 43
38 63
78 90
15 42
70 59
3 19
9 4
57 50
5 20
80 22
8 54
40 45
30 91
66 89
52 99
85 66
27 97
93 10
40 46
80 81
49 2
71 41
78 73
98 4
61 5
68 52
28 25
61 69
75 60
93 5
78 92
16 66
24 82
70 63
83 75
89 2
80 95
5 84
54 37
35 34
34 49
5 54
25 15
51 68
8 5
95 31
89 95
93 38
34 56
96 4
11 37
18 5
96 81
64 89
100 89
100 8
73 67
33 46
68 82
48 19
63 45
14 31
25 40
52 13
11 83
87 77
68 99
8 42
9 89
16 96
80 8
35 83
73 70
4 2
56 77
7 57
83 4
98 40
65 9
97 54
3 90
75 27
58 70
59 16
54 71
44 50
5 11
76 40
67 91
10 51
29 71
10 60
100 48
97 79
13 38
58 42
3 32
60 66
55 74
26 17
44 51
8 30
81 3
30 38
6 15
13 15
74 75
86 79
37 88
22 39
49 57
22 35
23 30
34 53
55 39
31 24
64 10
9 66
66 51
57 70
7 31
17 67
50 14
22 45
77 40
72 16
90 88
91 45
31 65
64 90
88 36
29 4
29 64
48 92
70 95
70 98
66 93
33 79
72 97
89 97
18 82
98 66
27 99
37 29
53 79
61 35
88 91
45 15
14 65
50 20
94 36
58 78
2 97
6 83
40 67
44 4
4 1
60 48
18 94
48 43
19 4
33 6
30 15
90 67
83 3
72 22
65 52
65 83
13 6
97 76
33 76
8 71
44 25
6 49
81 37
45 84
43 94
85 50
38 10
69 66
73 10
21 46
93 50
57 10
3 28
78 53
53 65
45 60
25 4
60 98
19 25
36 65
79 29
10 70
17 7
26 14
9 46
48 26
63 21
87 84
72 78
31 13
32 60
47 93
82 10
27 5
69 55
96 6
37 50
11 91
10 47
20 28
79 62
46 50
36 63
44 15
61 100
77 19
30 53
29 13
85 20
13 35
47 77
35 79
53 5
55 90
84 74
5 17
65 3
16 10
1 95
96 70
7 26
88 16
54 25
78 62
62 55
81 77
25 17
4 33
100 53
19 82
31 57
80 85
67 35
5 74
14 90
86 11
82 1
88 64
100 65
82 97
51 39
81 12
36 7
5 16
1 49
85 54
45 100
12 76
18 6
42 25
72 26
68 50
81 7
71 38
56 8
29 45
61 66
52 10
22 13
69 87
10 27
85 57
16 90
68 69
40 94
93 91
34 18
56 89
30 56
76 7
2 74
85 68
81 84
96 19
96 39
59 80
50 60
76 51
14 33
38 100
12 94
100 72
65 98
73 71
5 82
81 13
4 10
45 27
35 26
2 12
81 46
23 1
46 61
47 52
32 39
80 99
45 6
85 73
46 13
68 27
69 9
74 10
82 37
78 83
38 37
11 97
72 65
85 11
20 33
44 39
41 78
69 22
87 54
12 59
47 12
18 100
5 41
10 62
64 69
68 20
55 71
32 75
79 15
38 41
70 19
31 72
31 50
95 63
98 42
17 28
27 28
4 68
3 14
61 32
96 82
30 25
6 56
75 14
70 80
33 2
35 49
12 62
69 23
80 68
7 18
62 64
81 88
52 2
74 12
39 43
83 15
75 90
85 22
8 62
84 15
71 60
33 19
32 96
87 89
88 35
2 24
66 22
40 19
98 43
51 24
49 42
76 22
62 89
67 58
9 24
51 13
81 92
53 62
93 63
32 21
49 19
39 81
89 57
73 5
25 67
65 81
25 85
18 44
61 16
98 2
68 58
79 89
14 89
90 74
39 95
69 62
85 77
68 40
44 99
30 77
55 23
49 22
94 91
38 31
22 82
36 27
75 33
96 76
25 84
97 96
67 88
59 14
19 97
16 13
78 64
54 33
66 75
37 26
14 54
41 60
43 100
36 93
23 29
90 76
14 34
38 61
18 51
21 93
91 69
64 100
97 86
3 88
32 23
68 14
93 81
4 31
94 21
82 17
75 10
94 42
84 30
55 75
10 44
71 57
29 10
88 51
42 97
2 51
49 53
15 5
90 12
31 22
9 10
100 57
53 63
79 12
58 51
77 5
3 98
30 99
66 4
92 98
42 13
47 81
53 3
85 31
43 91
7 79
21 40
33 69
9 21
69 75
22 77
5 90
67 43
100 79
95 28
19 59
80 14
88 60
35 66
10 94
53 26
17 50
82 75
95 93
43 50
81 89
39 72
97 87
87 53
97 67
3 44
16 22
33 35
68 26
49 100
66 36
63 18
24 70
42 22
92 40
53 75
56 48
23 67
3 41
1 29
26 69
29 87
22 9
65 26
35 38
79 9
44 94
72 52
75 35
65 76
80 29
12 46
49 20
60 2
64 7
87 79
54 92
57 90
56 96
53 4
8 85
74 82
66 19
76 45
100 59
63 48
54 57
64 86
79 47
55 97
71 1
24 84
33 59
82 40
66 97
98 93
35 58
18 27
98 79
45 50
26 96
67 8
27 46
25 68
36 30
59 18
63 99
95 42
7 39
86 88
69 82
64 38
26 52
83 17
66 88
38 18
44 73
58 34
22 21
80 13
16 56
7 62
9 44
46 14
89 24
43 60
77 72
4 36
26 6
78 82
41 69
46 32
32 58
25 87
95 19
35 98
11 62
57 16
73 4
9 34
16 68
10 13
40 35
67 5
5 97
25 29
85 55
15 76
91 24
57 32
80 36
86 49
55 22
34 79
90 28
23 18
21 33
4 61
70 23
71 23
4 56
16 32
19 91
47 14
93 30
85 17
60 1
86 57
90 1
13 1
51 78
84 51
76 2
15 49
8 63
75 80
58 8
5 55
15 90
26 43
58 28
2 45
44 28
77 86
20 40
33 85
10 32
15 46
85 84
24 76
79 84
13 70
57 17
86 31
68 22
23 56
44 64
40 64
69 99
78 9
8 28
55 15
81 22
99 14
63 76
52 28
34 40
87 15
54 60
18 87
62 91
23 47
47 43
36 83
87 37
44 13
21 29
69 93
90 87
32 54
92 23
41 15
33 64
84 94
17 64
100 81
80 18
82 71
16 39
61 28
43 54
57 97
47 24
13 84
3 16
88 63
26 76
93 43
95 21
1 97
8 95
68 90
55 47
88 11
24 34
38 80
40 31
81 8
16 42
3 36
59 90
34 65
25 57
39 14
94 5
49 38
15 62
61 55
16 19
94 23
21 16
12 21
20 95
42 41
56 95
67 38
62 35
43 22
13 7
26 74
22 4
85 89
55 41
76 91
53 31
45 62
32 43
16 47
18 85
86 50
96 68
31 27
19 1
38 83
11 22
63 66
4 12
50 84
85 39
94 57
73 48
16 77
70 27
68 79
81 49
94 29
23 51
59 66
77 37
42 17
19 85
38 43
2 65
49 98
55 9
22 70
42 1
19 7
3 54
17 29
57 69
83 23
44 38
74 6
12 49
95 52
58 9
11 2
5 69
84 78
36 31
74 36
26 12
40 58
45 1
4 71
28 57
35 59
25 5
83 68
49 45
84 7
33 23
34 50
92 75
4 99
96 17
32 89
62 20
11 49
55 93
64 45
39 34
80 3
83 76
92 99
63 28
59 63
32 77
70 87
25 81
79 94
92 29
32 8
45 38
72 11
36 28
85 70
69 83
37 99
69 31
1 75
45 39
90 54
16 94
84 57
73 53
18 26
53 25
58 26
4 55
24 16
23 81
41 25
73 23
21 72
29 62
65 18
39 83
49 27
41 67
90 83
3 52
92 17
49 24
16 99
53 58
21 97
80 52
42 99
87 74
9 8
35 65
53 35
49 63
30 68
62 5
20 63
97 31
24 78
89 15
85 97
91 81
100 97
59 69
40 61
25 65
23 35
100 63
73 86
68 61
47 87
18 2
72 40
24 50
41 13
67 30
73 98
10 72
84 48
5 87
92 60
7 61
60 5
3 91
48 95
22 33
17 70
25 91
57 59
31 11
54 70
79 41
66 30
59 6
89 58
21 5
4 79
70 86
22 18
23 17
9 62
7 29
57 40
34 87
15 11
20 11
69 45
27 58
71 93
56 98
48 18
64 49
74 53
45 31
77 39
60 28
4 60
61 44
48 82
92 24
49 66
7 46
39 84
75 62
13 18
100 47
13 76
72 98
92 25
29 74
55 8
88 41
31 59
84 16
76 34
15 100
59 17
23 85
86 80
93 83
86 60
20 74
48 57
43 16
4 88
56 45
4 17
29 81
73 77
42 9
72 71
37 22
93 39
27 11
53 40
30 63
48 72
75 25
8 59
46 38
98 68
2 55
43 74
20 73
11 4
33 94
84 28
53 71
46 93
81 17
74 65
88 61
40 29
32 68
10 61
67 86
36 87
69 100
25 70
80 20
47 18
64 98
32 12
99 71
93 49
93 52
72 3
72 95
72 84
50 92
30 3
66 3
10 69
8 38
44 78
11 19
16 45
67 12
1 44
8 90
32 42
78 80
71 47
43 15
35 19
7 41
60 35
61 17
67 44
56 1
79 3
63 31
85 61
52 19
93 77
6 66
94 72
45 82
9 31
45 74
96 9
37 41
60 83
92 14
12 19
59 37
2 67
25 52
33 77
95 66
31 16
55 81
10 78
37 92
28 2
42 11
100 40
89 31
56 70
41 14
30 11
22 64
35 85
43 45
34 27
59 56
90 23
2 64
97 68
23 82
44 72
78 25
68 21
46 2
47 33
14 48
34 4
35 2
51 14
12 60
60 17
97 26
58 79
13 100
97 80
52 24
96 47
49 21
1 51
28 42
45 20
40 30
59 82
96 12
27 61
9 72
83 44
42 35
13 79
22 1
42 83
60 19
25 2
2 42
74 73
72 15
37 12
52 29
80 46
47 59
86 23
63 98
6 44
19 46
68 33
77 83
63 55
52 48
99 66
84 3
72 13
57 79
4 52
66 78
54 22
100 37
89 88
11 13
32 45
3 96
50 58
76 55
54 62
29 20
80 62
24 81
16 6
100 68
78 54
27 20
14 70
71 3
48 17
78 55
68 23
72 7
27 72
34 13
65 19
83 27
61 18
51 27
39 88
54 12
46 56
80 41
27 29
62 51
95 44
12 86
75 49
59 75
70 40
1 3
59 10
39 11
9 70
60 78
56 7
4 7
9 15
39 28
80 5
50 77
91 90
12 64
18 70
61 29
70 93
79 44
62 16
15 17
3 63
9 87
28 88
45 80
92 64
11 99
13 89
100 77
72 17
97 63
100 78
90 7
3 22
53 81
62 39
52 75
80 25
72 87
76 69
31 91
73 25
85 30
29 22
24 96
61 87
43 46
89 23
99 84
62 14
38 42
100 95
65 4
47 53
28 37
56 11
74 13
92 6
97 12
19 24
1 68
61 71
54 7
66 41
63 2
66 52
11 44
80 100
65 49
35 96
94 95
67 92
56 79
57 45
62 32
43 9
46 59
30 52
9 91
17 14
49 54
33 1
59 43
18 93
20 7
18 41
94 73
17 3
10 49
9 18
46 18
42 78
40 3
67 64
16 46
9 13
89 98
28 89
12 9
55 42
81 76
28 31
76 1
90 11
95 60
33 86
8 93
2 58
66 20
87 91
49 3
31 49
26 57
29 53
43 66
62 67
13 30
74 35
95 82
23 12
24 13
51 82
72 36
4 40
1 65
48 5
73 30
28 86
89 65
61 64
6 3
71 25
70 72
55 27
13 17
27 67
87 66
9 32
40 54
22 90
88 2
27 84
89 20
88 6
3 94
88 100
11 67
26 50
48 38
16 92
9 6
26 92
89 55
42 93
51 17
48 68
82 58
3 42
79 40
94 78
97 48
11 75
50 65
88 47
6 11
60 34
69 29
96 28
30 83
14 95
53 7
86 52
23 11
40 93
98 29
15 37
70 33
17 2
52 34
29 34
16 17
43 44
70 1
25 69
75 63
57 93
90 17
46 92
71 45
20 67
35 89
47 2
50 73
80 98
17 91
66 92
73 21
95 32
46 84
100 91
48 78
63 73
73 95
76 89
42 29
77 76
94 60
34 44
69 43
68 17
90 77
13 33
80 67
54 84
9 36
56 26
35 8
48 98
83 58
60 93
73 54
75 30
61 79
71 51
74 81
77 89
62 31
27 73
100 52
63 25
88 87
94 62
78 33
37 6
34 73
68 11
8 14
97 45
47 97
87 32
68 86
70 75
35 4
91 99
85 46
88 25
83 84
50 95
2 40
6 54
45 36
73 8
18 84
45 92
2 41
68 37
99 18
69 36
60 33
97 78
96 99
21 75
73 96
54 98
58 84
28 13
92 97
67 19
24 69
32 7
88 53
30 57
59 86
71 28
7 95
86 2
5 19
21 69
23 63
53 85
70 92
42 56
30 49
67 81
23 50
40 56
64 79
68 62
64 3
46 52
46 82
95 24
87 16
91 79
30 78
48 10
31 73
11 94
1 83
54 1
1 66
16 38
20 39
60 61
100 90
19 31
2 50
73 93
67 57
14 56
29 49
23 40
30 27
75 46
50 83
100 70
61 93
27 26
45 87
36 20
2 91
98 59
61 90
84 64
64 20
44 35
71 2
19 62
50 63
34 31
37 57
88 97
21 15
25 33
66 77
76 37
83 59
37 9
64 28
53 80
69 60
68 5
42 7
61 1
46 96
52 57
8 19
20 92
86 40
3 33
91 7
24 32
41 11
21 84
43 36
77 38
81 50
68 60
16 37
83 14
51 67
19 20
69 51
6 5
13 95
84 8
80 92
79 65
26 30
1 81
51 83
36 15
57 4
57 88
60 58
94 93
24 87
54 82
50 9
20 94
71 9
1 52
38 87
86 99
71 11
32 30
53 90
63 78
92 61
22 17
74 80
97 71
73 91
65 88
85 95
99 57
41 70
21 53
47 4
49 95
58 74
27 92
38 73
80 1
24 97
51 96
79 50
49 73
100 83
6 84
16 30
70 39
60 31
46 86
12 68
80 28
63 47
64 4
35 63
77 80
41 12
84 69
94 61
20 10
47 3
5 36
7 34
23 79
49 32
66 39
35 10
36 48
59 44
40 51
77 4
47 15
91 78
26 88
48 74
3 82
11 55
50 62
18 69
46 70
55 49
36 35
78 4
31 6
87 7
88 33
86 34
64 94
83 66
47 80
94 26
82 55
46 36
19 79
73 82
13 26
69 78
50 99
45 89
78 87
34 12
37 64
52 6
51 89
6 39
98 67
12 69
73 46
67 94
21 79
75 58
66 25
76 57
86 85
62 37
96 95
6 2
95 2
71 19
34 25
64 87
81 56
21 99
6 79
95 9
59 5
29 99
59 23
99 47
64 93
61 20
86 45
89 38
60 77
85 78
97 62
67 49
76 79
7 48
36 52
25 61
45 10
65 41
40 83
37 93
91 8
15 60
23 9
96 48
95 12
34 36
100 11
64 81
95 68
98 23
90 45
56 39
41 10
11 51
8 83
31 99
44 71
20 8
23 54
61 49
97 37
38 84
41 24
43 99
44 22
75 94
94 85
33 67
37 20
57 80
52 8
71 33
45 5
71 7
61 75
30 86
56 83
72 85
97 74
4 38
56 41
81 44
94 77
62 82
86 74
17 1
79 48
69 73
33 8
94 76
27 24
39 4
91 14
79 32
75 17
10 63
31 58
10 50
32 19
91 5
24 18
50 18
76 72
88 58
87 100
93 87
97 23
6 36
59 3
76 59
46 57
34 10
11 34
28 98
88 78
65 85
88 18
6 97
24 74
37 4
91 97
53 56
46 31
70 83
60 23
32 35
35 81
89 22
88 96
55 96
21 60
80 31
42 21
2 82
60 47
68 35
61 56
16 36
17 77
44 84
42 51
29 30
57 60
91 86
29 70
42 31
55 44
23 2
38 19
41 22
11 58
43 42
24 72
64 46
77 14
30 39
86 83
31 44
19 86
24 64
8 87
56 33
70 79
31 64
68 59
36 99
47 89
47 20
89 52
72 2
71 100
91 36
6 85
2 20
11 53
76 48
54 95
44 41
3 45
4 24
91 68
34 97
10 55
28 40
50 7
66 33
89 12
20 83
34 20
38 94
46 53
15 1
95 5
96 5
12 63
19 93
100 16
80 49
45 75
96 43
28 15
89 94
11 18
55 21
83 87
58 65
71 98
60 100
74 98
22 25
36 50
34 19
36 60
2 38
45 95
34 72
3 99
76 86
80 82
82 33
15 68
6 41
43 92
70 6
47 61
42 79
23 91
56 27
96 23
63 57
50 96
16 64
41 8
75 20
9 25
84 31
91 52
50 22
41 51
48 90
40 27
86 25
46 87
64 18
61 14
13 32
14 20
59 42
48 66
81 34
91 39
59 65
25 62
59 62
73 39
44 93
78 99
76 73
89 96
11 66
68 55
78 23
24 80
33 96
58 18
46 76
69 2
30 34
41 92
60 11
44 90
36 75
72 41
45 51
1 46
70 60
41 34
4 63
14 69
8 70
13 23
37 39
24 68
76 93
87 49
9 41
21 98
62 46
31 92
7 49
10 12
46 41
52 69
5 50
91 21
60 8
57 77
55 67
98 99
61 74
54 2
72 58
76 47
47 49
43 95
48 55
35 14
77 99
7 38
41 81
16 4
20 46
35 76
33 48
23 26
94 24
92 15
33 17
66 7
68 88
48 31
36 25
35 5
99 55
95 79
34 1
30 58
23 39
94 48
56 71
12 92
42 76
99 2
79 38
24 79
97 20
20 43
66 100
26 16
68 71
80 66
50 13
16 78
62 77
18 52
82 15
67 66
67 54
86 20
58 16
70 4
12 31
73 22
15 24
46 74
49 92
59 13
38 88
52 78
80 76
20 53
55 19
84 19
93 34
87 39
61 63
50 74
85 36
42 12
6 35
46 100
70 36
9 80
17 10
60 51
91 66
59 24
50 40
78 28
28 77
88 15
99 41
78 1
61 12
16 18
77 45
82 6
62 88
50 56
9 85
82 77
52 16
60 74
79 92
28 7
32 70
93 1
55 77
94 9
98 8
15 23
44 86
100 34
2 34
31 79
37 67
37 48
42 84
98 16
46 29
81 97
19 45
34 42
34 70
100 86
37 73
91 32
96 40
45 23
7 63
77 44
34 8
71 22
58 17
19 69
39 78
4 3
88 43
31 87
96 63
59 92
46 78
26 64
32 52
56 58
6 21
74 40
16 11
65 73
97 7
49 71
98 13
23 41
64 25
100 55
65 84
65 21
39 10
51 38
8 26
19 39
84 82
9 75
23 5
16 2
16 89
4 82
75 67
41 98
29 24
66 57
79 10
53 67
24 90
79 43
21 77
29 35
37 55
42 46
88 13
56 94
68 84
44 47
67 39
99 81
82 50
91 74
34 96
67 100
76 70
84 32
1 25
3 48
83 25
78 6
65 86
62 63
88 79
61 77
39 35
18 66
35 16
1 55
98 46
96 61
78 68
71 96
94 22
31 98
68 75
76 43
78 31
20 26
24 36
63 91
11 45
83 63
90 35
43 81
48 53
9 5
76 20
6 10
56 37
94 37
99 7
70 90
8 97
48 99
32 93
14 40
11 84
27 19
79 17
86 24
39 65
83 73
19 83
58 36
19 87
63 37
33 51
88 59
65 75
83 55
8 23
80 54
35 45
53 27
89 46
30 7
56 13
71 84
92 28
41 39
12 28
89 73
73 19
49 60
76 9
36 62
6 87
32 14
2 90
81 11
16 86
88 56
87 95
22 26
10 96
46 54
45 37
5 88
32 92
61 23
59 95
40 66
11 38
85 2
4 5
75 37
48 27
45 98
69 49
74 30
50 75
96 93
68 94
27 100
81 63
8 43
76 49
46 45
88 29
22 36
68 31
8 40
81 57
23 77
6 17
60 64
57 44
17 88
14 12
92 3
4 93
38 74
33 63
1 73
5 32
67 1
44 5
37 96
14 13
6 60
7 9
10 91
13 87
58 41
53 33
20 55
99 46
64 58
77 25
53 23
44 33
8 79
91 55
69 81
80 94
48 64
42 47
32 90
4 48
1 40
28 75
82 94
63 16
90 43
14 18
44 21
26 70
98 94
49 82
17 40
43 37
15 58
55 24
42 77
17 80
79 85
64 32
51 50
57 82
67 46
7 16
46 39
86 38
71 94
92 63
23 57
42 48
87 81
9 40
68 44
13 39
18 90
4 41
36 33
67 9
1 43
77 9
89 59
47 30
80 60
10 90
8 69
46 37
99 20
27 74
12 88
30 80
97 22
14 42
47 13
74 76
14 74
7 68
70 52
80 21
42 54
55 25
85 38
16 91
75 8
57 91
33 58
56 67
99 87
2 79
70 37
84 96
83 22
63 86
40 13
86 78
24 75
25 37
50 89
58 46
7 1
80 27
14 97
56 22
11 8
20 79
37 8
35 99
60 73
74 7
14 36
71 13
31 96
71 67
89 18
77 35
17 55
40 47
45 13
37 27
98 9
14 16
37 71
81 83
36 41
94 15
100 54
72 81
7 88
77 95
33 42
96 15
65 5
9 68
87 40
89 6
66 54
56 38
68 19
41 77
76 19
44 48
74 93
97 43
89 25
67 10
56 35
83 85
84 1
19 21
38 65
55 46
62 81
35 7
51 81
12 80
98 34
90 42
19 88
30 69
86 35
56 51
36 8
21 92
20 81
45 59
88 71
63 17
75 43
66 26
90 37
57 18
44 66
14 37
30 1
70 81
59 81
52 15
53 94
58 71
34 6
71 16
60 18
58 98
52 62
38 39
16 12
66 13
26 78
95 74
54 19
78 40
35 51
31 90
63 22
65 42
52 55
70 45
86 5
72 73
32 65
72 86
39 27
57 61
10 53
81 60
13 21
77 74
54 28
59 40
81 78
30 79
10 36
6 67
61 53
82 90
28 91
45 52
54 18
94 49
76 17
62 98
46 22
47 37
53 41
34 55
67 24
83 37
74 88
71 27
13 48
6 53
97 9
18 21
53 69
82 70
62 2
35 97
72 50
35 93
22 10
27 59
44 69
49 16
13 99
26 77
57 65
54 75
81 54
100 25
63 42
29 63
36 61
91 77
42 37
42 96
14 25
43 31
23 65
93 6
20 90
87 12
31 77
83 91
86 37
35 28
92 68
42 45
24 30
78 8
93 88
30 60
14 52
50 42
96 66
80 88
18 72
1 100
61 97
54 89
74 21
86 15
27 54
95 55
8 76
56 24
6 65
50 27
60 65
18 79
51 12
67 76
7 92
97 44
22 88
52 82
69 70
80 34
22 92
55 31
9 27
48 28
32 44
81 9
97 84
75 77
74 18
86 39
49 23
54 68
92 53
32 50
47 83
50 11
87 28
39 40
28 9
60 7
51 91
35 64
6 8
70 66
71 35
10 54
3 73
41 27
62 28
20 91
3 12
69 77
11 82
49 79
43 25
71 74
21 41
72 47
45 81
97 52
89 91
62 24
37 49
20 42
37 79
54 38
73 26
93 28
64 59
77 71
29 3
50 94
65 67
69 92
83 62
53 13
93 65
51 63
28 70
99 22
55 28
14 15
5 100
51 49
62 73
36 56
91 18
98 1
44 17
85 49
39 47
61 9
35 57
52 11
19 78
27 2
79 52
33 10
61 6
45 44
74 83
8 92
18 17
28 22
34 78
66 50
23 24
81 6
35 92
51 64
30 10
83 7
89 19
14 57
91 59
43 30
23 37
19 58
15 53
61 37
53 72
29 48
58 25
57 12
25 98
50 76
24 21
12 65
20 96
21 37
6 46
80 93
49 14
6 24
59 94
40 80
13 43
79 78
44 8
13 90
27 33
100 23
100 99
9 20
4 91
9 52
85 91
32 37
89 42
62 22
68 64
71 15
84 35
58 14
35 80
10 42
77 10
72 25
52 58
65 20
32 34
84 66
47 66
70 3
45 73
52 87
71 78
62 95
33 18
43 72
83 24
56 84
69 89
19 53
23 38
68 43
56 76
25 76
21 56
98 82
28 6
7 59
89 83
9 53
15 33
48 75
93 16
30 62
82 99
37 17
37 60
91 96
77 59
3 39
71 63
6 75
97 98
69 32
73 52
92 39
56 2
29 54
15 48
61 78
9 93
38 68
82 9
13 8
55 54
90 71
2 10
6 7
54 11
10 24
94 41
18 36
30 82
15 75
58 100
38 75
5 76
21 64
2 77
57 27
70 15
58 94
6 32
82 14
99 26
30 45
91 50
21 83
60 72
16 79
74 39
81 38
20 38
100 74
86 69
78 57
55 56
80 2
81 90
82 26
53 51
77 18
55 40
64 42
52 41
94 69
35 100
65 17
56 25
72 66
91 38
20 71
49 84
7 8
36 2
54 41
20 25
10 71
53 76
90 97
87 26
66 45
54 13
25 95
84 91
19 63
47 17
65 71
43 78
60 46
84 90
29 19
74 1
29 78
58 43
89 92
87 60
51 55
39 9
67 4
55 80
78 14
1 27
26 59
9 100
48 40
86 93
34 83
18 98
48 47
93 67
96 44
20 87
82 93
38 6
5 89
53 2
67 74
41 95
99 33
46 26
69 1
69 47
67 95
99 85
6 29
5 56
42 75
27 76
22 74
41 93
19 23
59 79
12 53
75 84
95 16
89 86
93 72
40 24
17 94
61 99
89 78
14 53
24 60
98 32
17 38
9 17
45 28
50 61
73 2
39 54
6 94
88 52
99 58
98 38
24 14
79 71
45 53
24 45
47 70
40 89
33 89
86 10
75 93
52 40
98 75
29 75
52 71
94 46
93 97
38 21
62 34
63 14
58 13
92 85
91 53
59 48
14 28
5 33
13 96
58 96
96 21
94 34
60 79
38 58
7 80
4 97
7 11
39 58
69 97
92 10
44 20
47 98
34 90
34 95
4 51
36 95
56 15
52 59
11 78
3 7
17 45
5 28
44 37
43 49
3 34
19 41
29 67
52 43
38 1
80 16
93 7
90 38
3 43
60 29
63 60
6 57
77 53
6 25
82 8
9 30
65 68
66 24
10 98
54 30
7 47
27 86
49 52
95 83
79 93
31 15
66 86
25 23
98 53
6 99
34 63
16 34
31 17
22 19
20 17
44 56
13 55
38 96
36 67
67 13
45 85
33 72
26 71
37 65
24 46
75 31
9 1
44 65
75 97
94 2
24 93
70 78
67 28
21 23
39 50
66 23
40 6
72 4
7 100
27 38
3 46
56 68
41 61
20 32
58 5
45 54
18 95
32 63
76 52
53 59
100 85
80 48
24 65
61 89
32 11
42 24
98 76
2 87
66 32
38 69
67 14
45 79
38 15
8 29
83 72
20 69
34 84
82 39
89 74
84 80
78 22
21 86
45 41
72 61
96 54
30 42
73 47
86 90
26 89
77 8
46 8
70 5
96 18
36 53
84 37
77 13
6 27
30 22
15 26
42 69
69 37
20 4
69 74
65 95
29 68
61 70
27 43
70 12
71 95
43 63
28 82
59 78
88 72
47 28
73 9
62 92
42 73
11 89
90 95
11 48
39 97
75 39
59 2
68 87
29 33
33 92
23 74
66 21
12 50
16 54
41 63
10 56
82 63
60 89
53 52
12 56
7 27
69 54
73 88
5 51
100 42
35 41
32 18
70 7
79 73
42 61
27 96
64 1
60 20
30 41
33 87
52 84
63 72
47 95
75 3
12 36
21 67
69 79
93 45
13 27
16 40
14 94
22 75
6 47
43 24
18 83
98 50
10 15
84 26
69 88
28 81
24 37
90 58
96 14
78 74
49 17
5 71
92 93
84 29
85 3
37 5
60 38
94 7
71 43
48 9
8 72
26 51
85 26
99 49
89 72
19 74
59 4
44 85
73 99
58 10
52 90
82 34
30 92
22 2
21 14
32 2
97 41
61 48
1 85
42 86
63 80
28 66
90 92
60 55
12 48
55 50
26 38
71 24
49 26
15 80
4 81
3 10
86 75
12 6
78 17
50 8
70 65
84 9
24 85
30 46
37 35
21 4
9 2
82 47
84 93
52 50
68 6
76 99
38 52
50 87
28 46
20 77
100 19
68 39
1 57
14 5
38 34
7 75
89 93
63 89
12 66
98 14
57 39
15 93
49 68
11 80
65 16
33 43
11 25
39 64
41 86
17 19
48 70
23 64
83 32
59 9
5 24
62 76
97 16
81 27
48 16
35 30
3 25
4 50
78 98
59 58
56 66
41 59
25 94
44 27
10 88
16 27
83 92
73 84
89 10
27 15
35 18
11 33
47 29
4 8
73 16
28 43
62 90
70 53
49 96
11 69
68 45
57 55
95 61
43 5
77 15
71 83
5 66
33 100
11 70
77 1
90 98
36 37
26 34
37 78
36 98
83 13
6 48
72 79
29 65
78 93
93 22
57 73
14 4
26 83
27 62
88 23
60 16
65 8
40 36
76 18
58 49
96 79
27 65
56 62
55 14
9 3
98 86
47 86
72 14
28 99
1 12
22 61
89 68
27 94
39 12
29 72
50 59
47 57
59 51
14 29
46 11
52 74
42 91
95 53
30 71
49 74
83 97
38 66
83 5
73 64
20 13
44 36
18 56
94 31
14 44
34 54
79 36
18 55
88 82
7 96
97 49
10 80
32 4
79 99
26 11
86 7
17 46
82 31
35 50
8 27
99 54
3 27
48 21
5 42
40 41
96 67
20 22
5 29
27 22
80 83
56 90
47 64
2 83
22 48
47 35
64 95
19 14
62 48
50 78
26 42
24 77
54 74
41 62
55 38
62 84
46 47
42 81
74 56
34 59
22 14
31 81
76 31
84 86
28 23
77 67
78 18
59 38
58 23
2 84
75 5
45 55
79 22
75 85
21 61
52 60
90 39
10 8
63 90
42 57
78 56
94 51
34 61
83 29
29 16
61 86
21 34
21 26
56 3
10 97
7 51
26 62
11 9
35 17
81 71
26 98
60 91
35 31
32 81
57 8
53 64
76 78
14 27
65 82
80 61
18 3
8 39
70 16
75 89
83 96
96 36
25 12
32 88
78 96
72 5
78 20
24 17
96 75
67 79
73 35
8 61
22 53
81 26
84 100
92 74
47 51
53 39
53 84
64 83
18 15
77 51
91 72
88 75
20 72
93 90
74 8
11 3
57 41
12 73
92 9
43 14
75 87
67 70
2 19
16 1
3 76
55 84
100 92
8 16
6 80
33 52
33 32
31 10
35 78
10 37
66 37
49 91
71 18
2 100
2 15
2 44
94 96
2 81
75 23
68 73
80 91
59 74
25 21
52 5
85 64
77 49
34 51
13 60
97 36
54 9
86 81
22 6
30 76
34 75
70 99
11 1
8 2
65 55
6 76
50 6
76 14
67 18
55 7
97 25
99 90
30 51
42 74
15 50
57 11
30 31
40 43
6 42
71 85
14 81
44 100
8 89
28 59
90 96
15 98
65 43
37 30
21 30
43 21
36 86
8 48
15 54
94 63
28 50
17 66
73 51
54 48
41 100
34 37
16 15
50 54
46 90
83 88
96 77
73 36
7 33
36 55
5 46
95 10
68 72
50 19
15 7
82 20
4 23
12 72
93 85
35 20
36 76
61 54
41 96
62 21
4 87
34 46
1 24
8 96
43 77
7 67
82 92
1 99
11 28
1 58
42 82
73 28
96 87
34 92
39 99
61 81
47 31
47 32
23 34
35 70
55 79
100 36
76 92
25 27
93 17
45 21
90 66
71 87
55 92
50 69
1 20
51 80
92 52
58 81
59 36
100 12
95 17
52 7
38 76
96 64
29 28
91 6
64 14
73 100
95 38
31 32
27 79
76 21
43 4
11 77
51 48
39 80
84 12
59 55
41 1
95 98
46 35
84 47
43 55
50 100
15 57
38 97
26 24
6 90
42 72
60 85
47 45
3 31
79 83
23 84
31 29
6 86
95 92
7 25
44 76
37 13
59 1
87 27
3 69
7 45
98 17
42 39
71 64
9 83
92 84
75 78
14 100
40 22
62 42
48 81
48 30
95 78
3 95
56 54
79 11
32 48
72 74
90 30
57 68
71 76
57 96
1 47
8 24
17 11
28 68
63 65
33 80
30 20
94 92
98 22
77 68
98 11
52 27
17 34
24 73
4 13
76 88
18 31
90 94
18 39
49 83
99 8
23 20
50 33
59 11
20 57
28 1
68 67
2 7
89 7
11 87
20 18
66 62
62 44
48 20
84 33
41 73
94 100
20 6
33 98
29 36
71 92
57 58
88 27
89 80
10 66
65 77
91 54
80 96
39 29
21 50
14 9
83 54
49 59
97 99
3 67
39 17
11 64
94 13
19 92
18 81
3 68
45 12
71 62
3 26
51 90
47 68
87 57
6 69
53 57
32 53
30 28
29 55
8 1
73 32
13 49
29 15
17 53
87 62
92 91
14 10
70 49
78 5
19 57
54 21
1 62
16 20
82 29
91 65
38 25
95 81
66 55
18 4
40 90
98 96
32 1
26 2
8 86
38 99
99 9
63 39
100 51
41 75
31 51
14 87
61 24
13 2
87 58
83 28
21 28
46 48
52 22
99 75
39 36
10 84
64 43
68 10
21 7
5 22
7 69
41 76
46 65
4 95
39 25
77 78
29 96
12 22
74 3
12 17
64 75
62 18
33 34
11 74
99 94
32 26
97 77
95 37
35 94
76 10
99 64
40 99
29 2
5 34
44 98
30 59
70 97
88 55
60 99
76 23
52 61
58 45
48 39
18 30
13 78
73 6
67 85
33 61
61 3
54 93
98 91
13 3
86 51
72 67
21 17
78 36
44 42
89 36
84 89
12 93
23 3
1 6
56 86
85 90
31 56
5 10
89 41
87 85
84 67
68 76
36 47
49 89
22 86
38 3
34 15
26 29
44 16
82 60
12 58
97 50
25 96
2 43
53 89
1 31
50 71
23 27
45 72
81 5
57 33
51 61
40 73
45 9
14 23
57 83
30 12
85 40
10 85
15 81
45 83
71 48
92 72
65 99
58 47
34 43
94 54
4 46
38 53
76 82
31 21
89 21
12 52
45 33
25 47
12 77
15 51
63 56
71 36
9 86
41 50
74 15
76 84
39 2
21 71
86 62
62 58
46 49
8 47
70 71
23 72
100 32
63 79
31 25
40 49
7 44
29 32
33 41
8 15
37 85
46 72
64 41
58 24
24 44
31 61
65 45
84 77
73 14
1 53
17 41
63 64
21 100
1 79
26 28
63 58
99 74
37 91
40 71
27 95
59 29
42 87
23 10
24 54
50 16
21 59
83 46
80 73
100 30
53 18
22 15
66 65
51 19
80 64
35 15
87 94
2 96
24 25
33 38
32 97
100 10
38 29
1 35
9 49
10 40
60 40
39 94
71 39
75 26
37 72
84 98
49 33
93 20
4 69
34 68
94 74
49 50
87 92
20 98
12 7
43 87
81 16
62 4
73 15
73 29
60 53
83 48
66 58
45 25
28 34
58 77
6 30
59 20
39 31
63 1
36 82
58 85
87 23
18 10
26 60
63 46
52 83
95 33
13 73
89 71
21 78
6 62
67 47
4 6
65 30
87 65
8 21
77 34
27 63
91 13
20 70
67 60
3 20
42 19
34 88
76 95
51 28
16 67
18 8
95 99
4 86
21 39
11 92
86 3
69 13
28 100
27 12
8 88
54 36
9 33
82 53
26 63
94 8
8 66
13 64
44 92
43 41
69 71
87 63
9 57
46 77
94 1
12 11
71 66
66 34
14 84
53 66
73 90
62 85
24 63
29 76
16 23
70 68
74 17
78 45
38 57
48 45
51 72
22 59
95 46
16 25
20 52
46 91
87 86
62 100
78 15
12 13
82 27
7 37
33 81
49 4
36 81
15 65
85 59
73 81
7 5
74 68
34 67
22 47
35 69
80 90
74 44
40 42
71 17
43 7
44 88
34 99
75 12
24 22
69 27
68 66
56 29
10 7
92 5
75 72
92 77
52 37
18 49
28 24
26 93
11 10
62 74
22 51
28 19
32 59
94 28
65 54
78 3
80 37
66 15
9 16
5 47
25 59
98 77
47 50
78 27
35 48
37 53
63 40
51 3
42 52
86 13
80 71
92 73
58 29
34 45
77 36
25 99
53 28
5 31
72 90
12 55
1 89
82 16
39 79
29 44
65 22
55 16
58 44
70 89
42 36
87 30
4 45
33 39
24 35
72 55
80 4
91 95
1 37
62 47
14 6
74 33
38 9
13 92
39 49
8 45
39 100
89 48
4 94
66 76
80 44
30 2
26 39
32 71
42 92
32 36
47 21
52 35
73 18
74 96
55 86
39 69
67 87
56 99
53 99
27 42
28 85
39 89
72 56
51 16
87 56
30 70
57 95
51 95
8 12
22 95
35 9
90 21
100 20
10 21
91 56
61 13
76 39
46 44
91 34
57 64
37 40
78 65
30 97
66 14
12 18
24 20
40 91
80 43
69 95
82 89
88 85
33 55
93 13
36 68
10 83
15 32
100 26
17 84
14 85
75 19
52 21
29 86
22 23
33 97
66 79
15 69
73 66
98 61
36 17
42 80
90 25
80 65
10 87
88 95
11 65
72 96
35 27
44 63
48 91
25 26
27 17
61 67
58 6
99 88
57 62
94 45
72 1
39 5
78 38
48 23
33 73
32 41
56 9
63 52
2 1
56 92
91 71
54 63
36 92
39 61
50 25
71 14
37 89
62 43
45 61
58 61
89 17
75 71
56 97
64 97
64 72
42 67
18 40
4 28
54 72
32 78
76 54
64 76
33 40
8 68
38 47
43 85
21 36
75 95
30 55
88 70
1 18
99 23
68 2
2 61
87 3
19 6
93 27
12 15
36 51
59 96
38 82
43 23
50 3
93 23
53 42
64 27
23 31
13 62
10 43
41 84
51 21
2 70
14 38
11 35
16 83
87 21
50 53
67 45
93 100
68 13
91 33
91 29
28 33
15 95
38 36
49 25
33 93
65 69
72 38
30 88
16 85
24 3
42 4
9 90
61 84
7 78
25 79
28 38
44 91
10 81
26 91
50 48
99 24
79 14
91 70
2 78
85 47
100 6
28 97
59 72
8 17
19 94
46 25
32 27
94 81
4 27
94 55
26 1
8 51
56 32
47 41
63 84
45 88
18 68
2 66
2 57
73 11
46 79
82 100
65 92
12 85
18 75
77 29
27 60
60 42
58 80
39 24
86 26
41 29
61 30
32 38
26 44
64 34
47 19
80 69
89 34
30 4
100 29
66 94
71 31
59 84
33 26
52 67
32 99
29 43
5 99
62 99
53 43
40 97
98 5
37 31
80 19
12 98
90 65
67 78
39 1
24 98
23 36
98 39
26 4
86 82
26 10
77 79
61 76
51 9
95 84
10 25
49 88
1 10
99 72
53 24
44 12
81 75
41 16
35 3
44 54
26 54
96 53
27 90
100 3
28 65
21 27
69 34
31 20
98 27
74 79
73 7
22 8
1 48
95 97
22 60
71 34
66 82
70 50
22 34
16 75
35 54
59 71
11 63
87 55
73 59
72 80
25 32
10 99
65 97
38 70
98 7
92 1
47 54
55 70
14 11
47 27
90 89
21 20
46 71
3 21
57 72
43 56
56 73
9 60
58 69
29 50
2 5
70 77
14 1
33 31
1 5
96 60
44 53
88 46
79 28
97 46
92 38
50 67
50 90
21 58
10 28
16 33
91 35
61 15
50 38
30 89
89 99
12 91
85 42
39 60
4 84
19 90
