100 3814
38 40
66 29
28 57
27 62
37 21
59 90
46 8
51 41
97 81
42 26
24 62
63 23
14 83
93 50
75 8
34 84
89 32
25 89
72 13
18 5
23 14
12 21
13 39
44 55
79 25
63 53
63 55
68 92
57 92
35 5
52 64
16 62
9 7
72 10
83 25
96 20
45 9
56 41
54 21
43 54
61 91
93 25
77 57
91 35
4 71
7 32
1 51
84 65
88 67
91 51
12 96
90 77
6 89
41 62
66 86
10 3
1 8
97 4
98 62
56 29
91 96
47 72
71 5
91 41
57 99
88 42
91 68
99 7
49 68
85 45
92 79
59 45
53 95
23 16
47 8
19 24
65 13
26 98
69 7
71 33
6 88
78 66
27 2
80 98
99 11
80 46
11 10
37 55
58 25
63 42
52 51
23 33
28 39
84 2
59 23
45 26
91 90
63 97
22 45
19 55
69 22
35 14
42 46
33 89
28 6
39 1
92 61
25 94
30 82
65 42
76 95
57 70
20 13
53 10
89 60
57 5
6 63
10 69
53 90
29 65
99 50
30 37
25 31
99 6
5 7
64 70
42 61
96 89
40 4
79 78
69 76
15 36
82 3
22 3
59 55
54 73
92 40
70 85
56 46
46 76
39 97
33 36
45 91
66 98
95 51
54 72
26 79
51 27
4 83
19 44
57 95
58 89
1 100
53 47
67 35
17 67
32 84
14 47
79 74
34 86
6 26
47 96
48 93
60 21
19 69
78 11
29 20
2 57
20 1
62 72
21 93
51 80
47 33
25 41
24 61
68 95
42 78
6 49
39 50
41 42
74 69
56 99
60 94
32 74
45 23
27 70
17 53
34 29
44 1
31 69
30 78
14 75
32 48
47 87
13 60
76 60
4 27
23 95
65 11
19 68
51 57
18 79
18 67
38 13
69 88
50 77
72 5
81 30
86 9
49 77
54 51
37 22
46 65
83 5
98 48
73 32
29 13
5 90
38 74
28 65
95 7
3 18
54 37
71 61
17 6
87 66
68 88
44 27
74 82
1 47
15 97
35 16
97 41
88 98
48 29
49 70
44 77
37 7
83 7
80 76
83 66
9 23
96 15
24 93
82 99
28 53
37 47
30 32
86 91
73 39
68 81
95 66
92 10
7 57
34 93
41 54
79 24
1 6
92 96
91 16
39 79
4 11
13 79
91 37
67 57
63 79
79 17
37 4
49 92
56 26
14 10
67 29
42 37
3 84
45 32
36 54
3 8
8 100
72 36
53 2
78 23
30 7
47 23
59 61
9 93
39 64
37 99
22 65
45 44
70 22
11 15
88 100
47 19
16 24
6 43
5 99
91 13
26 77
27 78
6 92
61 20
32 83
12 33
71 41
54 67
34 38
14 57
40 87
36 6
34 98
81 44
80 87
82 89
44 35
14 61
51 15
89 9
90 51
61 72
24 75
17 14
63 99
26 97
22 4
12 51
42 90
90 99
46 40
38 21
19 90
41 9
38 17
91 48
94 78
75 12
30 98
29 40
49 72
40 55
1 42
44 58
21 14
15 52
80 59
51 66
82 83
47 9
21 3
67 90
54 28
77 86
100 47
3 77
85 100
24 8
7 71
99 12
66 2
58 24
98 57
86 78
17 63
59 88
44 42
33 31
21 7
7 65
82 38
54 63
56 53
90 97
37 8
86 19
36 20
35 27
42 31
91 84
70 6
21 30
89 44
48 72
39 33
1 96
85 44
59 1
89 43
33 46
22 32
27 26
2 96
82 62
66 25
51 64
31 88
97 80
79 36
28 42
30 54
9 36
20 80
37 82
34 16
4 12
19 80
69 6
22 41
20 3
15 60
30 10
80 22
39 91
61 86
87 56
95 38
53 88
38 86
3 62
88 77
13 94
60 32
49 42
42 48
66 15
27 22
42 17
99 52
97 52
19 81
11 71
13 57
72 31
75 89
65 51
6 10
3 68
49 39
19 41
19 23
39 47
17 44
65 6
21 1
66 24
48 44
27 19
65 82
90 55
60 82
17 37
2 33
69 46
9 81
87 15
45 79
89 71
79 31
97 83
87 90
79 14
4 25
50 59
84 57
53 80
98 64
6 47
80 25
6 59
79 43
7 51
76 9
70 90
4 51
95 36
81 33
75 7
33 19
50 53
21 47
53 48
70 87
97 16
74 26
77 9
29 97
11 20
62 95
48 65
65 15
72 12
6 75
16 2
54 45
11 22
88 92
77 55
21 51
54 78
65 95
89 41
20 49
87 68
51 9
89 97
11 1
68 50
79 77
62 88
54 12
98 18
28 67
61 78
1 90
11 49
67 31
5 85
89 85
79 88
77 17
8 76
85 8
100 84
1 74
12 53
21 80
58 31
18 10
30 61
5 64
24 63
30 36
33 73
28 27
30 89
89 70
13 25
38 50
64 71
35 87
34 44
42 34
69 83
78 49
97 92
84 8
97 36
62 60
67 83
26 60
68 25
21 58
52 85
56 65
15 50
29 68
8 95
55 53
66 85
88 5
93 17
3 89
88 45
53 73
44 6
10 81
75 99
13 3
30 66
30 13
94 79
7 1
92 37
69 32
72 24
76 84
87 34
22 49
1 81
93 72
27 94
21 79
24 77
16 14
42 68
39 3
25 16
98 23
45 46
67 6
68 94
88 57
19 17
68 11
91 29
2 55
65 43
13 8
34 9
86 94
24 86
90 68
57 18
78 10
23 6
62 45
86 95
42 96
44 43
10 21
68 41
80 48
75 62
23 56
42 67
93 46
32 91
90 9
16 15
77 80
12 25
21 43
3 80
82 33
23 100
37 68
12 82
72 28
49 43
7 88
43 59
17 73
78 93
55 32
48 19
14 27
64 91
71 74
55 85
8 11
95 85
46 7
52 38
43 92
93 36
13 21
31 95
4 67
81 98
54 39
91 21
21 16
75 68
45 60
29 46
32 39
84 81
52 39
63 31
19 77
23 17
18 99
72 3
46 47
22 73
90 8
15 46
14 64
54 64
54 50
75 46
40 13
94 23
3 17
35 92
9 24
84 87
67 97
48 96
18 88
16 30
31 91
95 75
64 16
82 1
66 36
17 74
33 43
27 40
42 69
30 74
30 84
42 36
77 64
67 82
7 17
24 43
73 67
11 17
56 55
76 16
74 94
41 5
12 39
24 68
86 74
89 93
33 49
47 62
2 92
8 35
45 86
63 75
14 13
42 72
97 2
75 36
47 43
73 11
74 11
53 84
98 9
14 12
36 69
56 88
100 60
87 74
56 91
49 30
82 42
45 15
18 33
81 4
32 94
1 43
20 85
82 97
54 6
40 62
62 37
76 40
2 64
14 50
64 19
54 13
12 89
4 6
30 90
39 60
79 50
7 11
11 63
2 50
54 8
48 84
1 92
25 62
15 95
96 67
40 10
90 11
19 71
66 77
53 31
100 68
49 23
89 13
67 92
45 77
40 44
84 21
60 92
18 24
49 100
18 62
92 33
72 34
25 9
67 25
39 85
84 71
84 92
5 28
97 46
68 20
18 35
20 91
91 60
3 57
89 49
28 91
79 41
8 53
91 58
6 35
16 71
52 19
84 39
40 9
52 96
40 52
49 56
64 1
7 36
39 4
93 23
61 9
85 87
60 31
4 99
99 58
98 4
9 56
94 49
54 68
69 24
44 95
40 95
87 22
11 79
39 31
39 15
76 12
62 85
16 48
6 96
31 3
27 39
4 47
64 28
48 60
16 59
85 34
43 36
52 81
76 62
18 21
59 19
99 47
49 19
33 87
13 67
23 44
35 47
61 80
85 76
19 78
9 6
54 57
63 90
38 41
6 22
98 72
21 66
1 97
10 74
45 84
77 33
68 74
20 42
89 20
96 40
3 44
68 15
68 67
46 78
96 19
70 82
75 34
96 38
27 90
22 90
48 8
83 90
69 57
58 39
32 58
5 8
62 97
93 1
46 57
82 40
6 74
88 10
57 40
31 57
43 57
66 88
74 63
86 43
87 8
92 3
76 87
36 80
50 21
95 99
18 13
60 73
53 22
68 9
53 72
46 52
86 97
92 54
62 87
88 1
46 87
6 71
10 97
70 58
8 39
59 91
31 37
45 4
51 6
30 8
23 42
79 55
2 19
19 15
57 30
4 36
1 45
57 81
53 52
15 3
99 38
57 34
8 25
49 10
41 45
43 51
17 51
96 29
51 73
34 5
85 50
13 11
44 67
69 28
36 44
52 6
61 79
51 85
61 39
52 26
3 51
71 12
85 35
65 77
3 49
95 37
24 96
79 19
56 7
27 98
69 53
12 16
5 94
47 90
51 23
59 68
47 50
85 22
67 72
6 32
33 61
13 37
49 17
13 59
63 72
82 16
83 31
54 4
49 57
63 22
30 19
90 25
99 36
20 84
59 65
100 66
28 66
79 76
56 76
8 20
49 82
24 5
31 54
80 93
28 96
93 61
100 50
87 37
31 4
62 1
87 29
28 62
66 13
56 80
20 45
47 20
50 29
60 54
92 50
53 9
79 32
3 75
83 94
2 95
7 53
9 39
43 62
75 94
10 75
15 79
49 58
49 75
26 19
70 53
71 66
86 48
9 73
94 44
16 13
26 38
49 90
36 63
6 84
57 83
54 14
67 98
19 66
45 27
65 44
9 96
2 20
94 93
96 14
100 44
1 71
92 5
75 32
27 69
7 62
65 55
51 67
74 46
69 50
3 30
4 53
44 72
93 71
89 81
10 71
51 59
29 44
73 84
40 36
34 92
7 59
4 43
37 75
30 70
84 29
31 46
76 24
30 42
77 91
10 39
34 62
80 49
96 46
93 86
94 65
24 30
99 93
92 81
5 36
62 59
42 12
98 61
1 26
9 13
28 24
62 67
47 25
80 68
100 69
74 70
44 38
38 4
2 9
24 73
71 54
73 90
69 60
64 96
49 74
20 50
14 58
84 1
47 93
8 88
30 4
49 54
37 88
40 5
26 61
37 56
14 24
37 52
68 38
81 58
55 91
23 61
16 45
74 99
6 64
40 54
52 95
6 14
87 92
72 87
64 48
44 69
89 18
3 88
94 1
16 6
54 47
49 64
33 76
90 72
61 77
5 13
50 48
91 52
38 46
16 92
99 10
40 39
76 15
83 33
69 78
62 31
6 33
49 97
75 51
93 13
90 12
68 5
41 96
79 81
96 16
98 16
63 96
8 64
23 75
94 3
25 27
13 80
74 40
39 18
25 81
45 82
14 62
83 49
10 23
16 50
39 63
84 85
15 13
28 50
66 84
49 85
95 5
78 21
13 12
91 6
26 57
53 20
16 69
93 91
74 12
84 54
41 11
56 72
78 48
29 4
5 27
62 20
71 73
61 47
2 24
46 12
77 18
45 70
12 66
30 18
45 69
53 65
32 66
55 16
84 36
100 5
67 76
19 82
33 66
6 46
49 46
1 46
82 17
37 71
91 40
28 80
52 78
66 65
72 32
75 57
6 60
39 72
96 90
72 69
32 12
71 46
69 14
38 11
1 28
41 77
50 65
24 37
95 4
52 16
3 9
70 12
14 87
66 82
80 24
75 15
76 39
60 10
31 8
11 64
89 73
62 11
36 14
12 24
36 71
24 36
66 5
96 98
52 7
95 9
87 52
47 38
30 58
14 49
69 56
79 97
38 39
83 40
39 99
60 33
8 15
17 62
30 55
28 34
23 35
25 33
61 57
50 19
36 47
36 52
88 58
93 65
80 29
55 23
7 27
28 20
58 6
15 72
57 37
34 65
51 81
87 91
99 59
69 62
19 16
52 77
61 16
39 37
44 64
49 34
72 37
33 99
14 68
30 85
35 60
100 34
20 39
64 86
9 60
100 86
61 87
99 41
99 81
41 61
20 88
79 35
39 51
85 77
70 14
30 14
50 56
57 22
27 18
47 32
44 83
11 30
72 77
95 90
39 5
37 38
38 36
28 93
56 60
44 54
98 90
64 84
19 5
28 23
98 99
6 11
49 65
72 17
68 97
8 23
35 48
95 1
33 10
90 16
48 33
7 84
28 48
6 55
47 84
81 49
66 22
86 20
89 63
68 99
70 52
40 90
89 24
14 72
86 17
17 89
79 93
40 70
29 49
69 90
99 60
64 40
73 10
60 43
18 72
98 7
51 60
29 47
30 31
75 50
70 84
18 50
22 58
71 34
1 16
98 54
18 80
65 27
45 8
98 19
81 42
48 7
22 19
35 11
27 97
7 66
93 95
72 68
37 69
19 7
86 84
18 46
34 68
12 68
85 18
99 67
40 30
84 99
4 96
32 81
82 13
19 70
59 69
9 100
95 60
20 67
27 64
40 94
84 61
59 76
65 96
50 11
97 84
3 33
71 3
75 13
27 15
17 5
2 86
91 62
21 46
47 7
77 95
68 36
57 12
63 46
42 52
9 44
39 59
60 16
40 25
31 11
85 61
38 32
48 95
90 89
56 89
53 45
63 51
51 53
95 56
18 90
32 1
94 19
31 36
90 71
51 11
47 30
23 87
64 53
97 58
34 15
72 33
67 38
52 86
31 24
22 94
91 23
40 35
2 65
81 75
32 11
8 65
70 17
39 6
21 59
25 73
87 44
48 9
35 89
36 50
49 9
33 63
63 62
81 74
65 33
66 94
74 75
40 77
5 6
56 77
84 78
97 65
34 11
25 50
95 83
51 83
93 64
40 49
31 44
71 13
20 44
75 61
90 10
13 42
21 83
85 96
96 31
21 92
96 49
85 43
41 85
43 26
54 27
53 13
44 15
28 61
95 22
47 71
95 54
35 100
79 2
86 73
5 29
53 3
72 91
100 11
100 64
50 37
61 56
69 77
37 61
96 81
76 36
59 41
39 36
100 6
49 48
4 66
37 89
9 54
48 37
88 97
78 4
49 16
61 25
67 93
65 19
41 16
92 65
2 89
9 69
97 9
64 24
77 76
7 26
6 77
77 8
18 25
25 7
6 79
4 26
60 42
99 76
45 25
21 53
47 55
59 87
79 38
46 48
44 47
38 23
23 60
92 45
2 6
72 8
62 79
39 90
90 79
54 48
12 63
15 26
8 61
22 10
67 16
34 13
31 70
50 87
6 50
38 89
94 53
94 57
88 52
53 44
10 52
74 37
97 61
34 81
90 29
45 89
43 97
83 16
38 12
24 90
87 57
36 73
53 78
8 60
25 99
26 13
87 86
76 100
76 54
62 53
15 25
67 14
75 33
88 15
65 69
14 3
26 11
33 86
17 25
62 58
1 41
72 100
36 56
93 35
65 21
55 84
79 47
12 98
23 72
70 21
30 26
79 44
78 63
6 3
44 26
74 14
61 67
92 66
84 50
51 79
33 20
78 96
47 75
2 4
77 100
95 82
44 32
33 62
23 74
12 41
30 53
55 86
91 88
34 70
52 56
61 48
48 99
26 89
70 28
35 15
65 63
98 21
51 5
2 8
80 69
38 73
86 7
22 30
33 26
92 80
91 100
88 11
53 75
11 40
29 15
56 20
42 53
69 89
83 53
79 69
47 48
40 86
99 92
12 8
57 23
78 31
2 1
60 74
25 54
33 78
39 56
93 57
5 54
28 60
34 19
38 33
30 17
76 13
49 99
6 66
57 36
89 15
61 55
75 98
14 73
61 27
23 39
65 60
49 60
64 23
68 63
35 86
38 54
99 69
21 96
36 86
16 9
58 66
58 40
87 67
57 8
28 59
31 98
66 8
45 2
93 16
62 80
22 84
13 49
59 73
23 26
53 99
73 96
95 71
47 85
74 58
28 35
17 12
98 1
23 18
57 11
35 62
86 53
95 46
96 37
95 11
66 74
11 18
68 40
76 18
16 11
84 82
60 63
97 42
92 25
58 98
71 69
44 78
23 83
89 16
27 52
13 23
84 13
75 31
29 3
12 5
64 33
60 52
44 28
24 59
29 39
79 22
1 19
37 11
94 63
10 13
86 28
11 61
18 34
21 55
85 23
62 73
29 45
57 79
9 64
68 85
53 49
62 51
27 30
57 16
47 5
83 81
29 30
61 51
54 91
94 8
21 41
64 92
99 71
58 71
45 19
25 60
8 59
94 38
5 11
96 25
84 41
90 66
100 99
24 47
37 63
55 82
31 94
55 7
26 93
12 58
28 4
64 76
8 70
12 81
32 49
46 41
85 86
2 52
79 83
47 57
12 79
65 40
43 99
38 35
63 7
46 34
65 12
99 70
64 68
93 87
11 87
26 50
19 35
24 88
78 89
17 85
81 71
5 23
59 9
19 67
3 4
67 53
77 29
4 13
6 86
59 58
40 78
80 66
59 3
25 43
40 14
24 70
60 5
46 64
63 10
82 31
66 70
42 66
20 16
28 46
60 59
2 7
7 91
97 77
23 41
87 63
92 13
1 69
1 36
61 74
40 32
47 68
35 54
56 96
1 15
61 43
46 81
41 28
85 25
60 96
51 14
55 11
76 23
47 97
100 67
67 43
88 46
87 9
51 20
81 3
95 73
26 65
52 55
7 76
35 41
32 14
93 52
73 5
78 98
32 17
59 57
65 68
53 29
99 94
72 46
50 80
95 91
95 30
13 74
54 100
75 66
86 90
100 30
78 51
56 62
95 12
33 42
10 24
93 66
32 41
21 64
50 62
91 27
56 57
72 85
36 23
99 22
17 95
14 66
60 41
76 89
5 76
63 81
96 17
4 69
32 61
96 59
94 9
4 49
48 69
61 76
6 62
89 50
75 54
34 80
4 60
94 4
13 41
70 86
83 39
46 77
60 75
25 37
42 24
67 74
57 48
74 96
23 52
16 27
43 18
56 42
82 81
37 5
7 58
41 31
11 98
44 56
41 30
66 18
100 46
65 75
58 47
29 62
76 11
91 70
78 83
64 15
80 26
86 29
24 95
79 53
14 97
32 70
38 72
68 27
80 96
43 35
94 39
46 67
57 78
88 54
84 98
70 97
14 63
88 43
9 8
13 35
36 51
4 70
74 98
17 10
15 55
19 54
19 74
4 10
35 97
41 78
60 17
6 72
38 5
46 39
83 58
79 72
4 58
78 38
7 50
2 49
95 6
97 11
94 97
95 26
87 65
46 36
64 80
1 68
89 29
98 6
31 73
66 47
86 98
41 88
11 91
7 20
35 84
75 58
64 4
54 23
65 81
51 89
20 48
94 89
90 17
80 5
29 41
75 87
61 88
45 24
69 47
13 78
72 95
25 21
32 96
94 67
92 46
14 65
100 95
1 67
36 3
13 17
9 55
33 57
31 74
57 58
69 52
98 71
84 94
45 28
27 87
4 76
18 92
12 22
89 42
86 26
61 17
9 43
25 57
15 9
65 45
94 82
9 11
32 63
92 39
16 32
99 1
11 25
65 76
25 69
32 13
75 72
62 70
62 8
42 9
87 38
87 100
56 2
35 49
42 75
41 82
34 2
69 82
60 30
44 59
74 4
42 58
1 25
43 77
39 67
74 5
92 17
29 43
28 9
41 17
57 38
65 23
39 30
33 1
98 42
1 65
7 35
95 41
25 22
68 18
72 29
33 85
59 40
13 48
56 59
55 46
68 30
49 38
73 94
79 60
100 43
84 15
23 73
45 57
52 43
32 8
2 62
60 18
70 79
51 30
8 27
79 33
87 83
25 78
42 95
8 74
100 24
53 11
17 68
32 37
59 15
67 9
3 93
4 17
88 72
74 92
52 8
25 98
99 45
12 37
36 2
16 73
2 5
68 21
19 38
97 38
24 46
18 86
44 41
19 92
69 13
39 55
18 22
43 80
77 92
12 94
29 8
50 3
24 1
26 85
81 18
3 38
33 98
86 79
40 48
84 95
98 52
31 22
27 50
65 71
50 98
81 78
57 89
9 84
87 10
46 27
59 53
2 40
66 48
78 70
2 44
91 99
55 58
52 94
95 34
82 47
69 43
40 51
34 26
36 34
74 51
63 38
10 16
67 84
78 62
40 23
7 24
27 55
3 73
99 54
89 47
21 90
64 97
87 99
77 1
15 6
3 91
13 81
29 61
88 96
38 69
43 13
47 52
31 7
27 20
33 70
6 20
22 17
7 41
18 1
66 49
76 22
58 60
98 87
80 54
30 86
67 8
85 2
5 31
88 39
49 18
66 43
69 68
95 3
40 42
26 76
6 56
45 5
5 30
73 44
74 47
40 37
35 53
36 35
42 35
20 15
31 71
92 47
29 74
7 97
43 8
86 21
84 27
9 46
18 93
78 8
73 65
91 69
99 31
19 61
67 34
55 73
48 31
45 31
76 29
5 46
63 73
86 59
18 14
6 37
79 8
13 55
65 83
72 94
8 91
93 96
4 41
98 77
58 65
83 46
19 29
21 97
36 60
58 86
43 30
52 82
2 54
77 89
100 16
63 92
19 62
61 52
72 84
58 1
77 16
61 10
41 55
4 55
61 1
78 99
14 37
86 42
100 33
73 82
21 29
87 55
57 80
62 100
5 14
29 16
12 60
94 17
13 24
50 61
98 24
64 65
69 3
18 97
85 60
40 45
52 1
30 76
58 19
30 97
64 61
33 94
67 37
27 43
19 83
8 68
95 32
90 60
19 6
21 44
24 4
95 55
60 83
48 18
89 80
88 60
96 76
33 45
98 35
50 64
87 79
12 88
98 85
91 42
2 70
31 51
52 65
65 91
61 15
27 86
38 84
80 27
48 41
19 100
100 98
13 44
59 46
24 40
89 7
82 71
67 7
14 78
5 75
15 21
85 83
43 40
83 89
24 22
16 53
77 84
44 71
4 7
91 76
2 98
59 77
64 20
53 91
28 2
4 100
13 87
32 54
21 76
5 67
49 7
1 91
94 42
19 36
52 17
75 16
85 19
29 57
27 12
36 58
14 98
6 24
10 77
29 26
84 58
33 74
87 49
78 85
39 96
98 83
67 40
39 45
46 32
3 60
56 100
33 9
68 58
17 31
61 36
57 24
67 66
57 63
15 91
29 59
61 70
95 64
24 15
80 4
84 90
46 66
23 15
11 43
99 51
86 54
97 28
49 98
18 19
9 31
69 35
76 28
16 81
33 37
89 87
81 86
56 4
71 75
40 73
37 44
69 33
1 14
43 84
10 19
54 20
81 45
67 23
29 27
87 41
72 51
42 6
8 40
20 41
15 92
91 44
76 6
62 57
74 85
46 50
55 81
72 40
12 11
39 48
6 48
64 36
1 22
15 5
74 55
97 3
1 34
45 34
26 100
37 66
58 10
18 2
66 11
36 88
49 44
69 94
82 25
12 86
89 86
40 15
96 7
16 80
90 52
78 36
99 96
3 28
41 18
7 45
91 33
4 90
43 53
60 14
45 18
44 92
83 74
27 53
15 57
14 55
35 4
71 68
6 78
75 69
81 6
84 96
61 46
22 50
99 61
94 70
22 7
8 82
38 8
35 34
5 44
3 27
95 43
11 19
56 64
13 6
57 90
73 21
66 89
33 14
85 88
15 10
52 28
91 66
62 46
93 15
13 50
4 75
7 44
15 53
92 26
93 20
61 94
95 70
14 99
9 1
18 47
11 23
10 38
82 32
41 27
40 20
33 7
85 27
63 70
33 21
60 81
3 100
9 5
71 72
30 1
57 39
72 1
48 52
90 81
62 81
46 91
31 10
3 96
47 67
8 49
55 67
3 90
9 21
10 5
13 62
73 68
52 72
27 31
66 53
46 11
15 2
11 45
96 53
11 58
98 28
93 19
78 87
82 75
40 93
70 7
86 37
2 29
28 37
48 67
2 21
95 88
26 96
17 55
27 21
14 25
15 67
5 53
78 34
22 54
20 74
28 18
75 84
87 39
83 72
57 35
73 81
97 34
84 62
32 65
37 70
25 46
54 59
91 25
65 78
36 27
58 94
16 85
6 61
3 76
43 17
33 24
62 10
56 40
41 63
71 27
72 9
13 52
60 68
25 77
71 63
35 29
1 48
16 39
62 54
100 93
26 72
13 28
72 25
88 93
27 83
69 15
11 48
63 93
25 84
66 17
41 6
36 49
67 77
92 85
75 79
92 53
23 21
86 11
3 24
66 64
71 78
41 53
43 76
97 24
32 62
88 2
88 25
83 54
24 20
51 35
26 49
67 59
64 62
67 36
68 61
69 39
100 41
21 57
23 97
70 68
76 68
86 5
55 25
59 89
12 83
53 19
41 52
34 91
44 99
50 24
45 73
4 20
56 43
86 1
7 85
99 55
30 38
1 63
62 71
40 6
44 33
85 24
45 14
26 21
30 6
41 26
73 30
87 54
65 47
7 3
33 54
24 99
33 84
29 36
6 31
32 5
10 36
9 20
67 30
73 8
53 24
53 34
95 21
69 63
47 95
33 67
42 100
64 57
24 38
97 48
49 84
76 86
67 65
91 83
84 63
34 33
51 98
77 5
48 12
66 1
47 94
76 72
34 27
27 38
68 26
33 15
80 6
21 89
40 22
82 36
44 66
20 26
31 64
46 53
97 66
66 54
44 93
68 79
85 29
23 99
29 33
73 4
51 46
52 57
98 95
91 18
69 98
28 79
76 49
33 4
18 4
47 28
21 35
83 17
20 14
56 1
72 22
18 9
33 11
40 81
21 39
99 29
66 3
68 51
4 44
9 85
31 86
5 33
50 49
53 36
17 71
75 96
87 58
20 43
51 47
11 82
39 43
56 34
35 26
79 84
5 22
1 54
94 11
92 91
17 75
57 85
67 21
82 58
42 32
52 4
42 99
81 72
66 72
92 98
34 40
41 73
3 99
65 24
18 8
50 43
50 57
92 29
97 56
12 6
96 54
51 97
66 62
60 24
75 21
67 95
95 81
69 87
82 80
69 84
47 78
49 79
88 27
90 38
44 51
56 16
16 36
28 21
62 9
83 52
5 50
31 84
71 21
47 60
93 39
51 84
38 61
40 71
64 26
33 58
58 23
15 18
42 54
39 89
49 95
3 5
3 1
67 26
37 59
62 26
40 12
14 42
19 32
30 23
14 19
95 94
17 65
95 14
56 33
25 23
77 48
59 97
76 97
86 3
2 10
61 100
5 96
35 56
97 5
11 14
89 68
47 98
44 57
81 37
51 70
5 63
62 89
73 1
90 54
14 90
72 20
100 25
27 60
89 36
89 100
53 98
53 40
27 79
69 17
57 71
72 21
26 25
53 14
8 97
87 71
20 60
98 5
68 43
54 82
81 11
29 11
87 2
59 5
20 52
87 17
61 62
78 3
16 95
28 87
81 36
51 26
34 4
38 64
95 20
1 31
11 44
51 93
41 98
92 56
40 7
49 71
74 78
18 59
23 34
69 41
38 16
66 61
67 24
87 26
47 2
86 13
8 36
50 40
91 26
9 65
41 70
72 27
25 86
68 46
7 90
13 2
100 36
18 26
46 84
42 18
56 25
97 50
48 89
14 22
26 46
93 49
62 30
10 84
97 93
34 64
32 15
93 11
7 78
10 37
44 25
63 86
96 34
100 37
89 34
58 69
11 36
88 76
47 86
87 88
61 34
26 59
100 20
68 86
29 24
8 81
10 86
94 36
66 79
7 100
25 5
21 63
63 30
89 55
26 36
92 89
4 59
46 54
82 15
49 25
56 28
12 10
71 25
58 56
39 98
67 58
39 26
56 66
35 25
12 78
55 24
73 69
46 17
20 77
95 74
51 13
92 24
19 57
12 87
2 67
11 56
23 70
58 90
55 70
35 50
96 43
69 8
18 44
55 98
78 68
40 85
35 61
84 11
52 14
71 96
59 33
93 45
36 65
38 71
99 80
91 67
56 85
27 99
89 11
4 32
18 95
58 18
16 7
20 31
8 17
95 27
86 57
48 21
71 53
99 66
79 9
25 39
60 2
23 80
97 98
67 75
66 73
1 17
6 38
86 46
87 5
76 44
69 51
96 68
71 92
25 30
57 96
22 89
51 32
64 99
99 19
29 1
47 63
13 88
74 24
24 87
72 55
82 61
40 98
96 62
45 98
89 99
93 41
52 84
74 97
91 94
44 63
82 51
58 5
14 81
43 5
85 64
74 90
52 58
92 75
93 62
45 3
3 46
23 12
32 31
53 76
90 32
46 10
63 34
52 12
98 17
47 70
33 13
67 12
22 83
19 76
8 71
85 12
63 16
80 60
19 88
19 3
57 42
41 3
3 52
64 60
46 99
4 86
45 56
80 11
42 22
1 89
22 16
77 15
97 78
12 61
11 70
90 6
30 33
36 13
35 64
1 78
20 35
83 42
40 100
45 95
91 14
61 4
53 89
42 55
29 18
36 12
55 1
47 10
40 69
72 86
9 92
49 91
52 45
91 5
94 24
74 57
4 14
24 44
2 48
87 48
71 94
58 96
54 24
59 93
61 63
92 86
47 22
60 93
13 64
90 61
16 66
7 87
72 50
28 11
4 89
12 97
68 35
89 84
16 3
44 46
12 47
28 29
1 37
5 65
22 33
67 27
83 11
66 38
1 57
38 83
37 23
82 21
79 10
76 48
41 92
3 34
47 3
47 81
74 65
98 36
13 96
71 70
55 36
93 54
98 37
70 1
88 34
81 70
42 4
86 65
36 25
51 49
76 55
37 27
1 49
70 100
26 3
62 22
40 66
87 82
54 7
24 27
81 21
48 4
63 3
95 87
100 58
13 97
76 34
22 23
83 63
42 70
87 42
40 21
51 22
98 73
5 49
72 45
76 41
69 23
16 79
41 90
63 13
49 73
93 7
28 17
39 2
55 94
70 65
42 84
61 95
39 65
20 19
90 44
92 52
13 70
97 6
94 96
74 25
49 15
86 22
65 90
97 91
23 92
36 92
48 94
1 80
47 11
34 52
64 3
83 55
91 4
91 63
45 47
63 67
51 24
95 58
86 60
53 97
88 26
70 67
82 63
61 81
59 52
31 52
72 58
11 75
23 79
81 31
82 22
36 85
26 16
82 46
81 5
1 5
43 23
60 72
73 52
38 51
56 19
1 83
7 10
58 8
61 2
18 69
96 95
35 59
29 88
35 77
8 42
48 88
27 33
16 40
65 20
26 84
88 80
69 85
1 60
23 66
99 20
21 88
49 59
53 60
58 46
21 32
51 71
95 50
42 25
82 14
41 33
95 80
62 15
53 37
70 54
46 4
6 85
94 41
21 8
97 45
55 33
34 24
71 48
40 41
78 82
89 65
59 85
97 44
78 56
36 70
30 72
25 38
50 1
96 45
54 53
22 74
41 67
10 44
78 17
29 93
98 94
69 21
40 33
35 24
3 35
14 38
77 71
5 93
65 35
83 61
76 66
37 51
11 69
57 53
80 86
37 73
30 35
23 7
80 91
87 1
57 97
23 68
94 81
23 2
72 99
86 69
50 52
33 93
47 80
21 36
41 57
86 15
10 65
74 44
54 29
23 4
75 91
4 19
70 38
31 77
60 77
79 73
73 7
44 8
76 1
44 98
8 34
82 5
79 40
67 49
55 22
48 38
49 52
7 74
91 71
4 8
39 77
95 28
21 6
33 95
49 41
18 87
54 85
51 58
46 35
96 35
42 71
23 62
94 10
46 98
30 83
62 94
4 77
41 83
91 73
64 18
81 7
36 62
36 77
59 2
1 53
1 38
79 29
62 77
80 41
39 66
28 33
61 49
48 10
27 49
65 16
99 73
93 98
98 38
72 43
2 72
74 21
55 60
5 52
6 73
61 60
56 67
2 35
51 86
89 14
84 74
68 33
66 63
35 82
10 96
37 94
20 23
15 22
62 12
74 72
3 74
31 61
77 11
23 27
68 6
58 53
29 6
77 34
84 68
79 52
91 22
22 38
72 11
78 58
98 20
28 92
89 40
44 52
54 77
41 34
80 84
17 58
3 37
61 65
45 35
16 17
10 8
85 97
71 60
44 75
3 67
68 32
53 6
81 24
84 16
50 44
73 100
99 28
94 90
33 50
8 16
89 54
93 69
40 47
41 65
34 21
42 45
82 10
12 7
40 97
45 64
1 75
40 63
87 81
18 56
17 39
4 21
50 23
40 80
95 25
79 91
27 92
13 95
94 30
37 90
29 100
81 22
67 64
26 40
79 67
70 44
100 81
19 28
99 9
97 19
63 19
43 15
5 21
96 100
27 75
7 43
48 100
84 4
89 61
35 9
93 14
54 56
94 21
20 69
68 4
72 73
63 25
78 22
12 69
49 45
66 57
78 35
37 60
60 29
16 31
11 96
1 13
97 99
24 71
100 79
83 86
64 10
37 36
9 27
85 11
69 34
33 96
28 77
76 2
69 64
89 64
67 60
8 96
16 78
51 45
50 55
89 5
15 98
39 74
93 43
54 34
79 95
38 91
25 28
9 50
98 82
60 44
94 35
80 15
73 27
14 86
4 87
35 80
13 100
51 77
20 21
20 81
54 81
84 88
91 17
7 79
52 62
39 14
7 38
63 49
44 14
63 15
22 97
34 6
90 64
83 47
74 41
24 56
46 89
8 28
90 43
100 52
4 57
99 32
72 65
45 61
66 60
23 53
36 45
85 65
71 14
5 42
42 3
71 79
52 25
36 83
5 4
20 30
21 19
55 10
83 2
22 68
74 52
90 31
42 79
92 55
84 28
96 86
2 80
70 96
69 29
85 28
27 56
79 4
57 60
62 21
48 62
16 70
49 24
5 78
30 44
72 19
23 96
48 83
78 39
4 1
8 56
89 28
75 78
92 4
70 25
67 45
3 40
98 91
42 74
55 31
10 83
99 35
2 3
97 25
86 23
21 99
58 54
31 23
36 32
36 28
33 97
16 99
66 20
20 79
20 34
44 88
100 18
47 64
33 80
91 57
91 9
49 21
18 20
87 19
18 16
31 65
87 94
41 2
71 67
78 67
23 90
68 83
55 71
92 8
81 67
53 38
60 19
88 64
10 27
52 35
55 3
7 61
51 16
96 50
22 52
2 77
53 77
87 30
32 67
78 72
28 43
30 96
28 26
35 88
46 30
54 69
52 68
93 84
93 90
15 58
56 13
92 93
98 3
56 98
82 23
18 84
32 3
50 76
22 98
70 60
9 52
72 7
39 41
89 79
96 69
84 19
88 17
54 55
85 21
16 33
56 21
81 38
48 56
96 83
79 58
42 27
91 89
86 41
18 36
9 29
94 14
16 54
