100 3797
32 78
92 85
46 59
88 67
57 37
59 23
74 67
39 89
38 61
89 20
20 11
31 78
34 71
86 68
27 89
70 44
89 82
51 76
25 3
92 19
61 6
83 30
23 68
25 43
57 46
32 49
45 93
59 81
24 77
51 23
39 67
21 76
35 54
10 44
33 85
32 3
6 70
9 35
56 32
32 79
62 81
10 81
26 76
27 90
20 50
72 30
85 2
40 91
82 93
7 46
57 5
78 33
40 94
16 17
57 73
47 36
89 17
63 17
73 36
52 6
62 4
40 32
34 94
59 74
8 48
15 74
28 61
26 50
13 25
76 99
100 97
82 59
98 45
4 65
90 60
70 51
71 51
90 24
84 62
92 51
55 60
87 65
77 71
60 33
83 25
46 10
83 36
45 70
94 78
75 52
68 20
18 25
24 17
41 1
59 8
67 21
32 50
27 76
63 92
30 67
50 54
31 5
15 2
68 45
56 28
14 33
1 24
60 18
42 88
25 67
6 89
91 54
23 1
70 32
86 71
43 77
93 12
76 85
4 69
8 9
56 15
55 81
76 64
27 3
42 85
41 94
96 76
21 82
66 11
89 47
74 47
39 69
6 27
56 3
58 59
20 27
68 2
57 25
43 5
50 99
77 59
89 33
30 17
70 48
60 46
64 81
96 71
100 73
47 98
56 99
41 82
86 42
10 99
61 20
27 91
42 61
99 78
18 85
47 17
100 48
70 59
73 77
21 48
54 20
59 62
37 40
26 48
64 22
16 86
43 12
9 38
1 11
76 53
8 54
72 2
19 98
88 51
68 90
88 21
31 11
56 66
15 87
45 6
98 88
53 42
55 69
40 45
24 20
37 28
20 59
16 83
81 37
37 6
3 36
89 98
32 35
32 48
50 46
58 90
67 83
19 48
15 1
96 15
43 37
95 90
94 72
48 25
81 27
71 91
23 34
90 98
14 79
74 98
92 67
19 96
84 24
24 46
95 42
47 67
42 68
39 42
66 51
36 93
30 2
55 39
81 21
22 74
96 8
15 84
10 83
98 52
88 65
62 6
9 48
14 43
45 85
20 25
32 75
55 72
57 51
27 18
46 93
72 89
46 62
85 15
58 97
61 77
95 57
28 35
94 85
86 33
2 11
24 28
80 39
85 12
87 50
28 87
78 63
30 82
53 65
72 26
82 88
34 84
15 57
95 32
88 95
27 29
30 40
30 44
87 20
88 86
16 97
27 75
91 8
86 74
54 15
83 53
53 7
87 57
82 91
89 49
55 41
60 58
27 9
96 32
49 34
83 82
72 71
12 25
71 81
63 77
97 9
88 35
15 11
66 92
17 50
6 77
18 37
19 23
25 97
100 55
13 63
61 59
75 2
37 31
45 64
43 72
30 66
100 79
16 76
68 7
38 79
96 28
4 90
5 4
11 97
27 33
61 19
1 99
95 83
85 54
81 18
47 16
61 72
8 92
8 46
74 38
4 84
12 23
1 56
64 62
90 79
17 71
5 91
11 73
71 22
9 44
66 73
93 17
53 5
61 24
28 69
75 95
37 13
52 1
90 18
9 82
77 70
27 96
77 25
89 67
49 40
72 49
15 43
92 50
87 31
94 42
90 77
99 34
37 14
67 90
7 55
38 19
12 62
40 46
11 87
37 48
81 99
14 47
22 82
5 47
61 65
76 78
35 91
71 54
21 45
28 9
86 30
4 49
4 54
83 88
56 34
24 87
35 98
90 88
77 33
28 79
93 30
15 62
42 75
51 53
84 58
13 100
7 13
9 16
53 99
25 78
91 70
96 14
58 40
16 82
72 92
2 41
93 87
27 13
27 2
70 8
24 16
85 35
30 58
23 56
34 96
66 59
4 96
66 14
16 99
55 56
85 37
3 33
15 33
45 46
20 66
45 79
21 80
39 100
61 81
54 38
89 23
24 37
94 12
4 50
63 87
19 93
76 68
39 7
37 62
93 92
2 99
52 85
51 49
96 26
43 81
54 93
42 30
48 65
59 64
77 28
27 66
65 46
57 65
60 40
65 94
49 14
98 7
43 65
87 37
93 40
56 96
68 93
96 68
45 73
46 3
78 28
23 13
23 21
35 69
19 63
23 18
27 84
18 89
36 39
73 64
24 48
32 21
68 35
96 97
32 24
58 25
65 25
95 11
89 41
35 89
45 20
37 53
93 13
82 2
52 10
36 31
19 86
5 1
25 75
79 55
38 81
19 13
42 92
49 43
38 40
3 45
38 44
8 89
37 71
47 84
1 49
74 97
53 32
50 86
14 74
74 16
55 76
78 54
62 44
79 52
6 93
76 13
32 28
99 55
86 24
68 98
41 25
18 86
36 17
84 42
9 1
96 5
26 39
86 11
65 9
54 49
45 94
34 90
4 24
96 93
60 96
50 37
87 39
91 6
15 14
30 79
67 95
74 85
23 94
74 24
68 26
48 27
47 26
48 43
14 99
17 79
44 96
31 80
60 26
54 60
18 40
14 72
75 24
56 83
74 17
71 76
95 91
68 58
51 38
52 93
60 91
3 49
47 10
86 54
3 74
32 30
64 13
22 21
19 51
69 29
55 26
58 61
79 19
79 54
16 60
31 16
14 97
18 92
2 73
7 60
71 85
67 61
18 22
99 42
71 87
11 65
74 90
97 23
4 64
61 14
1 94
32 98
100 66
56 62
37 4
38 11
99 33
24 40
55 83
12 84
72 78
69 10
45 76
32 4
83 73
12 83
6 17
84 49
16 5
10 21
80 93
16 69
65 38
48 88
29 7
79 77
80 61
10 100
79 11
99 91
60 15
57 14
60 47
1 17
12 55
23 28
1 92
29 67
40 52
86 93
11 55
56 38
84 69
43 7
37 76
94 2
25 42
100 60
39 53
11 32
83 78
83 71
67 73
92 57
24 76
24 6
1 69
51 8
76 97
100 58
40 43
95 21
13 42
37 84
62 1
96 13
22 99
77 14
34 40
90 23
18 16
21 9
13 80
88 47
27 8
39 94
46 25
28 39
89 48
69 44
20 84
50 73
22 28
98 22
59 49
90 20
99 100
86 3
70 55
23 27
81 5
40 1
47 65
16 63
4 23
96 78
13 74
78 8
3 85
59 6
4 71
82 69
33 63
52 94
51 27
29 17
49 52
19 40
96 22
54 31
38 84
54 87
36 45
28 84
20 99
41 24
24 93
59 50
92 46
50 76
50 62
32 87
98 87
68 19
69 45
41 5
73 93
25 11
17 46
34 44
91 47
63 8
27 98
97 32
25 21
24 13
19 56
64 66
77 30
20 29
69 90
22 50
88 15
88 7
74 89
35 22
4 44
68 74
8 15
90 71
14 26
58 12
63 96
91 75
37 66
99 29
36 77
16 73
90 33
69 15
6 14
69 30
20 48
66 19
12 16
8 71
15 23
22 78
64 58
75 98
57 43
69 88
28 51
97 46
64 97
63 73
17 32
70 4
39 74
59 43
58 98
93 94
51 41
14 20
70 17
48 40
86 2
80 67
70 14
86 23
25 16
95 52
38 39
2 71
29 91
14 18
5 72
81 65
75 73
10 7
29 5
57 11
35 2
91 46
13 39
99 45
39 4
92 39
63 10
90 75
39 48
37 1
69 57
90 41
59 5
11 84
24 45
47 32
22 46
33 22
78 4
22 55
87 8
61 13
18 61
18 47
90 22
96 73
62 41
64 34
12 3
29 59
36 13
39 84
66 42
83 6
70 29
89 44
98 62
97 98
24 49
23 26
35 67
56 70
42 73
9 57
20 97
93 11
34 76
17 28
60 81
44 3
72 85
100 40
80 86
9 53
85 98
10 61
97 29
13 22
72 1
48 28
59 41
59 51
51 46
60 97
20 88
83 79
52 12
63 81
48 3
23 38
34 83
78 79
55 29
82 67
2 76
88 61
49 15
10 50
9 76
23 84
37 56
26 69
3 53
23 37
25 6
70 62
30 63
24 22
54 39
50 80
57 7
92 3
28 75
11 13
89 78
89 14
42 98
63 29
69 53
87 90
56 6
98 31
11 98
65 28
26 21
22 59
68 78
16 54
3 20
20 83
69 3
12 37
34 65
27 11
86 91
43 31
96 1
54 36
42 46
51 17
72 65
46 14
79 61
83 27
79 88
94 66
23 79
29 76
7 31
41 77
91 41
7 23
49 7
48 51
34 62
68 81
78 39
72 100
83 54
6 46
37 16
16 33
6 53
70 85
80 37
70 89
20 52
12 19
11 29
40 65
56 72
65 90
5 85
83 44
16 15
69 27
85 99
46 96
24 30
44 37
2 26
7 18
54 61
7 87
57 39
79 24
71 63
47 54
54 72
94 57
93 53
82 17
71 64
50 7
45 5
4 35
90 91
80 78
68 33
56 41
25 37
93 78
92 37
25 64
93 81
39 20
92 91
20 58
54 5
23 48
86 61
44 77
55 44
32 55
15 52
19 62
65 27
81 45
9 78
34 5
85 25
62 38
68 13
88 29
88 27
98 29
18 31
78 48
18 55
72 83
85 21
49 100
5 3
48 5
12 50
16 95
91 23
80 83
96 38
3 39
87 86
23 71
87 81
47 9
1 8
9 52
31 35
59 33
54 99
27 71
59 79
90 73
43 90
6 33
53 66
46 52
83 69
71 38
52 87
27 26
63 57
42 40
94 49
83 97
1 10
24 14
32 18
49 96
22 72
8 38
79 47
71 53
48 1
37 78
5 55
26 88
89 26
83 65
97 85
65 22
12 49
66 22
21 68
46 5
27 10
36 59
36 74
5 99
19 36
76 56
43 74
9 59
20 16
81 4
47 31
89 2
5 83
52 62
46 68
22 97
30 92
38 59
91 59
61 40
42 76
54 21
47 27
40 53
57 81
82 38
73 30
31 48
93 29
91 21
35 23
61 82
39 82
21 87
28 50
71 92
32 62
95 53
36 94
69 71
100 7
20 7
92 64
55 46
67 85
45 88
69 93
28 34
81 24
84 19
94 6
57 77
82 92
50 24
87 79
20 32
12 88
51 62
19 75
30 13
12 26
24 5
13 83
14 83
82 1
84 81
6 97
54 22
18 46
31 21
91 43
93 85
100 4
28 99
40 3
62 11
86 21
22 26
57 58
17 33
69 56
33 83
84 89
29 74
88 66
59 32
90 7
94 97
67 6
25 45
4 43
85 60
46 73
5 51
5 63
77 47
3 72
70 37
94 68
87 22
5 66
99 69
25 71
34 35
66 48
5 84
58 8
94 46
10 89
93 27
60 25
49 21
15 91
94 37
63 40
76 1
90 51
18 73
18 44
10 57
13 98
4 58
39 73
64 43
94 47
1 63
95 37
82 96
46 67
88 22
68 70
51 79
70 72
68 47
5 92
80 68
24 31
66 91
42 52
67 41
45 39
53 63
48 60
25 38
49 61
19 89
87 30
60 56
96 2
73 97
64 96
31 84
36 55
23 54
5 28
59 52
50 82
44 78
61 87
30 41
38 43
5 2
21 61
21 7
38 66
93 31
97 40
77 1
92 75
95 86
93 25
36 67
24 8
76 82
55 94
3 73
41 76
65 99
30 34
12 6
42 19
32 27
61 50
9 22
29 89
80 46
86 85
41 96
65 15
60 6
47 53
21 96
59 96
18 29
78 19
88 89
66 2
58 33
68 82
73 37
64 37
76 79
93 99
86 31
92 15
55 78
9 68
47 2
4 45
55 96
12 44
47 50
42 35
71 9
11 85
68 30
92 16
17 14
51 73
58 32
36 35
83 29
55 86
76 90
62 47
37 88
54 94
28 7
31 6
59 57
85 78
63 47
75 33
25 53
1 91
61 95
92 61
85 7
18 21
82 15
71 97
78 7
19 31
47 24
22 27
95 40
24 80
68 16
94 10
52 7
99 46
7 9
47 64
5 40
100 25
74 60
53 28
81 13
40 15
49 28
75 81
32 99
87 1
77 53
11 63
82 85
34 14
15 59
7 35
6 39
61 63
70 53
41 7
85 96
16 45
58 17
95 9
70 24
68 31
62 30
39 71
26 46
41 22
63 93
9 14
7 70
4 85
79 31
99 12
9 83
10 19
44 39
10 40
88 94
86 65
17 27
12 95
20 81
53 59
91 93
23 36
86 47
69 19
67 66
30 9
45 35
50 42
41 38
73 32
91 63
54 32
21 47
75 62
6 28
77 69
86 96
81 34
87 2
92 23
54 76
12 2
74 82
76 40
17 54
24 95
40 69
33 82
65 10
59 97
33 7
34 25
84 85
3 31
30 61
94 83
82 52
86 60
99 89
83 32
99 9
52 67
37 9
23 50
21 6
79 84
32 16
50 30
82 3
81 69
99 6
82 99
77 8
58 37
62 88
43 3
96 35
87 56
1 88
46 47
94 74
29 31
17 59
7 45
53 61
40 59
64 29
23 45
86 78
74 33
19 94
63 90
87 85
62 54
91 18
26 61
92 69
84 7
27 94
31 28
5 30
100 84
38 57
88 76
5 62
69 7
35 76
62 57
64 55
1 85
98 41
21 52
43 70
46 85
52 13
78 62
79 57
92 55
97 78
3 77
91 14
30 28
93 76
6 88
26 98
19 39
27 99
17 81
3 51
98 53
7 6
70 50
66 68
18 28
81 25
91 44
57 83
43 53
85 100
56 80
92 21
38 21
80 81
50 78
39 66
99 13
95 64
60 75
93 42
1 57
87 34
15 93
61 29
38 20
72 39
90 47
91 53
22 91
6 16
97 84
90 54
56 40
67 3
28 20
93 75
47 96
12 14
72 86
79 64
91 65
37 30
63 68
62 68
83 4
34 10
26 92
20 80
80 2
52 53
56 94
42 55
51 30
21 100
36 53
52 64
92 34
75 29
20 93
48 99
52 23
15 66
48 13
38 32
79 9
49 66
46 37
12 53
48 6
49 22
2 33
88 25
93 18
27 54
68 95
85 68
25 7
86 98
30 74
48 15
52 32
15 97
59 47
32 51
32 89
2 34
60 82
59 68
20 12
88 14
16 14
65 51
4 27
40 67
84 90
3 60
77 2
51 78
81 42
5 19
27 44
64 99
90 57
94 58
3 7
79 29
35 90
14 62
13 33
73 25
27 67
53 78
81 29
13 90
2 36
73 85
79 65
64 91
100 52
59 89
68 87
42 3
9 81
34 89
2 8
42 45
92 44
25 19
45 12
50 81
37 67
46 39
57 91
47 39
22 68
95 59
3 81
81 51
40 70
19 60
93 39
77 62
7 40
44 31
43 56
62 76
35 27
64 82
56 84
17 49
56 17
16 23
3 9
19 87
51 12
24 89
55 87
79 62
91 58
33 28
63 86
98 99
54 40
40 78
81 70
82 57
93 60
17 78
12 75
22 40
25 98
49 71
2 50
11 33
14 87
92 65
95 13
46 34
20 15
10 87
12 29
6 15
10 76
40 21
48 12
41 27
100 75
33 12
78 64
26 58
83 17
27 60
52 38
5 70
51 83
87 69
14 8
99 84
70 75
49 39
25 50
65 30
32 29
87 59
11 10
35 26
94 26
77 49
6 76
83 92
13 54
10 90
26 80
48 30
73 48
7 95
35 86
56 86
50 29
32 14
49 76
74 42
55 91
32 81
36 52
6 85
99 47
96 40
90 85
81 7
11 72
71 24
46 56
27 57
60 72
80 54
63 4
41 46
78 24
18 80
47 83
63 85
83 58
12 15
9 19
90 80
35 71
92 47
17 39
63 51
47 15
57 34
44 14
89 87
51 2
30 4
29 65
83 26
32 82
70 46
7 24
46 86
82 7
54 14
12 7
21 69
59 39
68 18
78 87
51 11
6 11
90 49
94 33
4 79
62 31
57 61
17 88
86 32
76 92
27 25
64 30
100 12
97 68
91 28
61 23
17 98
91 87
100 90
89 66
80 14
2 1
88 64
6 90
99 73
17 21
45 28
16 36
19 43
18 30
9 18
14 10
8 85
69 61
97 27
80 94
33 31
17 99
67 51
15 29
13 32
40 50
77 48
25 56
46 76
76 52
91 30
58 48
86 14
64 23
70 11
21 24
73 9
41 3
100 41
78 43
53 64
12 32
60 78
36 50
88 30
56 59
10 84
77 64
46 71
81 41
31 25
96 42
72 42
28 97
32 15
74 20
18 76
37 42
18 50
14 7
25 39
13 16
70 87
12 89
25 52
85 16
30 71
88 68
1 43
78 70
26 32
87 74
28 59
50 75
12 74
78 3
9 13
26 1
39 98
16 75
52 47
48 52
67 69
29 14
99 18
88 10
98 46
3 6
8 4
91 61
30 49
59 76
41 42
90 52
2 97
87 77
16 11
7 83
99 52
21 41
92 11
40 75
90 32
85 40
82 27
19 16
8 11
85 27
18 82
73 52
61 96
9 60
41 99
1 7
43 67
37 26
89 31
12 56
59 21
83 62
91 94
57 50
8 79
31 64
47 57
26 85
17 37
48 57
15 21
51 25
17 69
9 29
52 83
73 92
6 86
96 57
72 79
70 25
76 67
42 31
25 26
1 66
89 60
18 13
12 60
30 36
51 91
58 14
80 36
32 66
67 87
44 43
19 3
3 76
29 54
15 71
22 100
24 67
62 53
26 53
93 88
90 8
71 14
93 28
63 31
72 53
85 31
69 74
28 21
32 68
97 47
3 29
89 54
65 55
57 29
98 23
64 5
29 16
16 88
90 70
12 41
72 96
67 64
66 8
92 13
33 1
100 65
67 33
54 3
31 32
14 59
27 64
92 2
80 15
73 6
19 44
88 40
88 78
75 67
35 92
81 100
40 71
42 38
74 31
94 30
15 51
14 27
66 60
72 73
63 66
46 100
73 60
20 33
8 32
82 78
52 72
44 1
89 81
71 84
52 29
70 19
83 86
35 65
30 8
35 75
41 31
26 16
42 11
1 71
85 41
39 12
38 91
63 9
99 37
15 89
55 45
86 62
24 42
62 2
10 71
80 63
58 31
44 23
78 13
42 8
71 48
29 62
4 11
95 23
81 14
30 100
36 21
26 71
49 92
5 73
41 10
59 55
25 69
39 86
83 48
100 93
32 91
84 63
66 78
92 6
89 28
64 100
36 91
6 20
41 39
69 59
77 15
73 31
82 47
45 37
68 75
55 34
34 70
72 37
66 43
83 18
28 58
6 35
90 44
57 66
74 52
25 99
62 95
52 97
87 16
17 34
48 72
20 53
24 68
73 8
31 30
32 67
77 83
51 47
74 26
3 18
61 78
94 4
28 40
50 60
96 10
22 17
11 12
61 52
79 3
55 27
44 8
20 19
21 75
47 4
60 39
9 2
100 19
96 69
24 65
11 99
76 14
19 95
29 60
88 81
14 11
23 100
28 3
64 70
20 73
77 38
25 14
11 100
11 41
72 99
81 26
28 90
17 97
80 60
15 78
13 4
97 81
17 67
10 78
87 82
8 34
65 39
55 57
16 52
91 85
96 77
58 85
71 65
40 47
40 39
2 19
85 77
39 33
12 1
18 65
48 41
96 25
79 69
52 31
3 94
77 12
75 22
55 58
73 15
93 3
14 36
25 68
10 37
67 16
83 60
64 39
8 23
23 2
11 83
45 90
31 95
65 44
50 93
23 40
18 11
87 43
50 21
74 93
85 19
36 26
31 99
66 65
83 45
82 54
49 64
63 18
65 63
82 26
17 65
71 28
12 13
72 77
46 84
27 19
24 23
68 92
18 94
45 60
52 35
66 55
7 93
96 84
55 9
19 99
18 75
43 17
64 61
94 24
65 76
7 32
97 45
14 50
66 10
48 34
89 92
20 86
16 50
56 30
59 11
89 22
51 34
83 89
85 10
11 35
54 74
61 43
96 52
78 77
29 96
99 7
91 20
13 6
90 14
55 53
20 94
27 5
47 22
15 94
56 2
73 4
77 19
41 69
4 57
22 5
55 97
56 91
16 22
34 15
42 26
66 7
15 35
38 69
15 64
27 7
62 91
65 20
14 95
64 38
89 21
32 6
96 3
42 90
77 10
63 49
30 84
25 62
34 43
32 33
41 14
73 33
73 13
99 26
49 29
19 80
70 39
100 69
58 2
11 24
64 54
31 59
88 85
83 90
89 93
86 36
14 28
51 22
85 83
11 60
96 31
86 81
72 40
89 94
80 34
73 53
51 100
15 26
96 6
3 80
43 96
76 61
48 10
66 99
58 80
73 14
28 2
55 77
42 60
98 33
50 95
98 20
92 24
5 76
61 7
92 32
20 100
37 39
6 75
11 61
38 28
33 61
83 8
8 33
27 70
93 59
75 56
88 50
20 31
86 40
47 1
52 81
19 90
18 54
69 73
59 86
50 9
29 28
17 95
25 91
55 68
94 13
66 90
86 9
87 62
96 18
81 33
26 95
5 17
8 19
20 8
47 56
48 35
42 71
11 36
85 56
1 31
60 95
15 13
11 28
32 44
12 30
94 28
42 27
70 28
56 13
31 75
43 11
37 41
83 74
31 39
26 3
11 74
77 99
70 61
61 100
98 9
58 70
44 84
27 34
6 68
15 19
74 80
77 9
28 76
17 73
63 14
77 20
55 85
60 98
17 31
28 55
5 10
50 85
17 13
19 33
78 6
56 22
20 51
4 7
53 10
4 14
89 97
95 25
82 75
24 83
98 12
73 7
69 43
43 28
31 23
62 16
16 2
96 39
29 13
73 24
4 3
29 38
76 39
57 22
33 100
18 95
79 5
43 8
65 96
15 61
2 83
5 11
17 64
76 31
39 81
44 87
7 54
90 61
42 70
41 72
87 36
48 49
34 24
24 88
62 49
26 54
68 37
23 20
50 90
72 84
4 28
32 61
62 82
87 41
85 38
36 40
17 60
47 6
19 14
12 40
33 42
84 17
18 20
33 9
60 35
43 82
99 63
14 21
16 43
25 4
95 92
80 6
56 79
83 84
74 55
58 19
31 55
51 55
4 74
14 100
17 48
80 62
28 81
20 63
83 46
20 35
36 27
30 22
65 2
39 77
13 59
61 99
49 41
54 12
78 58
39 56
67 11
69 13
42 56
35 14
96 51
26 86
84 14
65 1
92 33
9 49
60 36
84 73
97 61
63 37
67 86
33 88
72 90
5 52
1 100
50 94
44 76
13 40
54 11
99 79
68 17
40 74
92 84
48 18
59 92
97 7
76 63
14 82
88 97
85 65
59 27
84 2
72 44
69 24
82 49
19 26
55 48
84 29
96 81
63 54
32 74
23 67
22 37
16 78
53 89
32 76
3 21
84 77
79 96
93 58
14 78
64 85
25 86
95 80
100 28
57 84
65 49
20 2
15 28
72 35
43 71
42 62
32 5
21 37
6 26
47 30
52 30
3 99
58 35
10 49
39 85
5 69
68 83
87 6
92 56
9 12
100 54
11 89
40 89
55 93
75 57
100 62
93 22
73 62
47 20
62 33
6 9
97 31
53 85
42 28
71 32
8 7
24 19
47 37
92 99
34 12
43 10
31 81
7 47
58 53
47 42
11 81
65 54
22 12
49 31
7 11
31 65
44 20
32 84
25 44
34 85
97 54
31 38
17 11
39 34
33 50
91 83
73 1
52 26
85 57
43 92
92 79
33 95
98 64
39 8
19 46
56 65
72 51
8 55
14 55
74 62
24 38
8 100
7 96
42 18
52 41
46 28
26 67
7 37
32 93
92 36
20 71
40 20
69 37
20 26
48 54
34 38
80 22
46 16
84 22
37 98
75 23
61 4
52 89
74 44
54 6
28 66
59 37
53 57
37 82
24 26
11 71
20 62
61 93
96 12
17 96
80 82
15 7
74 46
25 23
66 61
81 58
74 91
98 54
20 5
41 57
47 55
78 69
24 15
80 29
20 43
69 70
2 64
40 2
76 80
55 13
94 48
13 66
98 91
54 2
31 91
89 43
94 7
80 75
60 23
94 59
92 86
7 30
71 62
7 72
9 39
89 62
56 9
67 20
81 79
11 90
97 82
16 21
83 98
94 79
41 19
50 31
2 55
54 9
66 23
91 73
21 29
76 98
99 15
86 45
24 53
54 58
19 32
94 69
85 51
39 27
78 42
76 23
67 68
25 76
30 80
36 28
7 5
11 46
91 4
35 13
28 27
100 71
33 47
46 63
45 26
40 16
3 90
17 2
14 45
91 81
34 11
45 27
19 53
6 74
41 64
32 63
65 7
18 97
53 11
4 12
12 59
54 95
75 54
78 26
31 66
62 10
12 67
98 40
42 43
10 30
49 6
53 79
72 91
62 45
3 84
30 57
34 19
76 12
77 21
7 16
48 68
4 46
55 19
49 46
25 10
98 4
38 55
78 67
23 46
19 72
90 9
43 76
9 36
78 21
69 58
73 54
32 25
62 9
41 54
78 23
100 5
73 80
100 63
29 33
67 18
50 83
4 9
7 79
13 8
52 50
60 67
83 28
87 9
88 2
45 30
81 35
1 25
69 9
78 98
72 88
17 44
5 42
16 98
51 95
24 43
63 27
43 23
72 63
58 87
57 28
4 40
50 19
52 2
12 64
78 75
11 9
41 29
74 75
33 76
76 95
56 81
2 61
33 69
33 96
55 25
98 14
25 2
85 75
87 46
2 81
37 91
90 81
55 6
45 48
40 9
98 2
43 22
63 44
62 99
31 9
4 19
10 24
14 1
98 82
79 91
30 26
42 77
33 21
15 36
74 99
34 37
86 94
66 86
23 9
56 14
43 54
82 13
66 82
46 43
25 17
3 15
14 53
12 36
8 25
44 35
23 29
21 27
11 22
99 49
21 66
88 87
70 15
3 68
94 51
67 14
96 16
49 53
24 35
16 39
38 92
44 48
68 73
3 59
73 76
85 79
30 38
22 94
11 3
26 17
95 20
76 69
21 35
70 98
43 63
73 22
82 73
28 12
25 15
4 92
95 69
77 17
80 47
27 61
37 29
13 62
97 93
45 11
44 22
91 89
37 83
71 44
58 52
76 38
42 6
5 78
70 76
65 73
8 86
73 43
35 46
70 47
88 99
40 55
50 35
91 100
54 70
41 70
10 72
65 3
85 61
18 69
46 29
19 11
1 39
73 28
82 58
8 22
44 28
51 56
24 44
49 73
100 53
94 90
55 49
1 78
84 8
18 36
22 67
100 95
36 97
69 34
37 61
43 55
54 28
22 31
76 11
22 62
68 36
30 1
45 33
82 24
87 76
21 42
99 23
64 48
80 92
3 100
65 70
52 27
93 23
80 9
45 13
52 51
71 67
91 12
45 87
79 15
19 82
46 21
67 7
23 30
83 15
87 64
27 31
87 27
55 67
50 89
63 97
31 88
37 65
11 94
24 12
56 8
84 41
95 48
61 73
2 60
57 2
77 88
90 2
42 4
11 47
77 81
6 82
29 34
66 71
41 4
55 62
48 11
13 89
87 100
78 45
75 20
36 57
24 72
16 94
81 94
13 3
32 60
87 80
62 63
24 59
100 88
58 22
15 27
61 31
89 7
65 95
36 22
68 51
14 42
96 90
64 84
1 50
14 93
32 37
52 70
65 52
29 58
66 76
80 27
99 90
38 49
88 28
3 91
40 51
50 13
16 59
55 17
42 1
56 24
13 46
54 84
20 76
6 58
55 54
23 41
50 3
54 96
92 97
72 81
12 21
60 14
65 33
90 89
40 87
64 10
87 92
79 49
28 41
92 48
55 33
84 51
67 42
4 20
49 42
90 15
67 2
57 70
34 31
98 93
68 89
4 59
23 55
3 10
38 46
79 25
23 14
75 46
49 78
4 38
31 10
10 70
78 56
53 94
1 64
79 40
88 9
68 39
88 52
90 1
41 83
54 10
35 95
16 27
71 70
2 43
9 25
9 94
11 49
59 67
75 30
67 96
1 84
62 65
37 38
12 5
43 83
69 14
60 61
3 95
17 75
72 25
5 67
34 72
61 47
48 69
79 20
52 57
63 38
61 12
52 34
37 20
55 1
68 1
15 58
10 59
28 8
72 64
22 60
51 10
99 94
62 61
11 77
12 57
12 18
94 38
38 12
58 24
80 45
41 79
10 20
19 1
86 52
61 44
29 92
7 80
66 54
56 54
22 83
34 61
44 41
23 11
66 12
83 31
62 18
94 21
78 41
64 11
58 89
52 3
47 76
78 92
27 68
98 92
17 100
56 4
70 73
55 80
89 55
70 100
98 69
23 83
34 42
78 2
23 70
90 31
34 41
43 99
63 24
74 2
99 86
34 63
80 12
45 2
9 67
47 75
35 93
12 87
82 94
11 50
51 89
91 39
36 89
91 69
70 49
29 66
19 97
39 52
9 89
19 83
62 69
99 80
70 2
45 29
25 24
58 92
31 45
30 27
51 9
81 36
12 97
24 62
69 8
14 64
77 40
52 19
9 61
6 2
40 44
79 10
73 88
21 97
54 37
76 100
90 55
14 94
61 46
93 71
67 94
33 40
96 66
5 15
62 92
51 64
20 60
100 57
27 12
26 93
87 49
59 88
2 53
45 9
40 35
18 45
24 9
99 59
80 85
88 96
22 52
20 49
99 57
29 82
83 100
69 11
78 30
24 39
95 96
71 57
22 53
93 33
86 15
22 81
52 54
14 31
3 24
45 22
85 14
12 81
100 27
16 80
89 16
29 40
99 8
48 56
78 18
76 57
57 8
54 42
40 81
39 90
96 37
77 66
10 91
42 79
68 99
75 86
61 1
48 76
7 17
48 67
28 98
92 74
39 18
46 15
49 83
74 27
3 16
3 98
87 35
9 41
95 2
27 1
94 35
67 62
46 89
39 23
24 85
6 95
31 46
6 30
80 35
26 7
3 17
7 77
98 96
37 86
58 27
36 90
39 29
61 25
98 73
64 90
14 38
70 30
21 58
79 2
29 100
90 48
59 54
5 9
74 61
29 8
71 12
22 39
81 73
79 66
54 69
90 92
97 39
43 29
17 19
95 30
11 44
22 29
86 28
55 10
21 74
1 53
92 25
8 5
38 10
97 75
55 15
42 10
55 21
78 100
69 52
98 50
73 38
32 39
94 92
54 77
47 19
61 55
99 35
32 41
99 70
32 72
57 64
31 72
7 92
95 98
31 4
97 33
89 30
13 87
81 1
84 76
17 94
80 89
90 78
62 66
29 95
24 100
75 76
48 80
52 14
70 20
58 13
3 75
55 30
92 31
40 11
56 100
87 48
30 20
64 28
52 56
28 80
47 13
38 70
9 91
87 26
1 28
37 77
4 76
91 50
85 81
49 8
44 53
71 56
24 97
77 89
24 57
79 60
17 90
55 16
40 25
92 45
18 6
47 72
81 66
40 31
29 6
23 47
12 78
71 41
25 54
72 38
58 73
48 79
68 29
95 78
48 84
89 100
25 29
52 17
35 59
27 24
83 76
6 98
84 70
100 31
38 99
87 73
93 21
11 68
88 91
94 96
52 18
86 13
80 41
94 60
29 48
31 53
9 92
5 39
24 55
73 71
61 35
40 27
46 32
42 32
22 38
14 75
63 41
62 3
33 54
57 31
17 72
81 54
42 91
80 11
23 32
24 99
55 73
65 89
29 36
42 64
36 85
91 11
19 21
51 1
61 68
4 66
11 21
71 19
84 9
74 58
44 49
49 81
39 14
75 69
38 2
84 53
52 77
7 91
30 16
77 65
39 43
92 22
65 42
75 61
94 84
65 59
87 17
58 46
56 90
36 10
20 69
53 17
67 81
28 92
72 27
29 1
8 93
86 73
88 18
81 83
62 93
38 1
97 62
67 99
17 9
42 59
51 7
8 17
47 85
29 24
4 2
98 43
51 31
5 94
39 88
92 81
30 81
36 100
45 19
83 93
92 27
27 95
40 57
75 37
74 18
22 77
85 44
23 69
71 61
88 58
33 80
93 48
49 57
13 28
1 79
97 35
68 54
69 12
14 5
88 13
73 79
2 49
23 96
96 48
15 53
86 41
19 37
9 42
23 85
7 71
84 87
5 49
76 81
74 35
96 50
74 9
15 100
20 85
33 46
94 77
98 51
84 52
73 74
2 29
91 16
69 31
79 37
58 18
67 98
85 62
51 61
48 81
53 4
26 73
58 86
19 30
47 34
59 25
89 63
15 45
84 55
50 58
89 69
81 78
15 72
91 68
26 59
66 17
80 40
44 29
81 44
70 83
71 52
64 56
93 67
25 36
69 65
22 10
68 52
67 13
57 78
7 86
62 35
39 21
15 95
75 5
41 66
41 65
28 68
3 55
76 15
79 27
52 43
76 17
77 4
92 96
89 38
9 43
34 1
26 90
60 88
95 47
69 42
42 7
99 51
82 35
98 48
45 47
28 25
46 78
55 35
32 1
73 12
83 40
60 28
85 30
59 45
30 60
59 73
36 24
92 70
63 3
37 74
82 42
48 36
97 48
35 3
71 99
20 56
72 4
22 48
84 25
42 87
11 96
12 10
17 80
90 93
61 8
36 69
83 61
3 97
58 39
31 13
87 38
59 100
43 79
63 70
69 80
40 62
46 79
35 12
70 12
46 12
97 26
79 34
81 98
35 33
21 99
70 79
100 96
14 22
20 13
71 59
94 62
87 51
9 100
21 98
69 32
91 84
57 54
42 23
8 31
12 86
28 16
84 59
23 58
34 78
25 63
40 14
57 23
83 39
96 70
92 40
20 22
13 21
96 53
3 14
46 72
37 100
66 25
28 10
72 76
97 50
39 79
18 87
18 15
11 30
44 16
27 43
53 81
99 60
25 82
42 2
46 1
33 53
9 85
87 53
74 51
72 95
62 39
9 66
38 58
19 35
22 85
64 20
35 63
33 30
7 19
36 95
67 50
86 76
1 58
2 14
57 42
62 7
61 36
94 64
69 64
23 53
27 37
55 37
31 82
47 69
30 21
2 44
82 23
52 60
75 58
19 59
30 35
74 23
5 65
98 61
4 87
43 41
34 22
99 4
46 64
71 31
17 4
60 92
75 34
52 11
95 81
81 15
30 25
22 86
30 14
20 96
17 62
98 80
62 21
2 10
47 12
7 75
78 27
50 69
70 36
56 27
79 98
29 94
52 91
78 47
87 23
35 83
44 56
