100 3801
95 33
32 91
59 58
75 60
39 85
96 71
59 30
86 94
58 21
93 23
70 60
82 2
7 51
38 36
4 55
15 17
22 87
64 33
85 90
73 99
30 34
8 29
27 61
19 65
83 51
91 52
89 55
25 84
86 18
48 29
10 31
21 50
46 76
49 52
78 88
59 76
75 74
96 5
27 91
71 16
89 50
29 34
7 48
90 74
32 18
6 26
95 54
31 56
79 14
35 69
100 29
18 77
90 31
24 45
29 33
66 75
20 18
65 43
68 8
31 65
33 27
79 45
60 13
90 4
12 9
54 25
56 9
11 72
10 43
19 40
96 26
46 63
24 75
44 51
58 79
81 39
83 28
87 95
92 91
36 56
33 83
66 51
74 15
46 59
67 49
94 85
32 94
9 45
91 89
15 45
24 53
88 64
28 27
88 21
80 22
87 5
99 86
85 1
64 58
87 21
74 94
41 84
74 59
39 27
28 87
80 34
30 14
93 11
97 94
85 63
29 53
42 60
51 60
46 11
74 63
13 29
13 34
40 80
27 24
63 90
5 24
55 84
88 5
7 92
5 65
94 44
45 56
9 19
86 37
40 61
38 18
71 37
71 53
59 34
2 70
91 87
96 39
11 85
28 62
63 94
6 88
77 21
21 97
55 11
6 83
80 92
85 55
36 11
93 3
69 16
82 9
73 50
72 81
48 93
92 37
18 72
7 60
94 17
8 21
6 4
77 59
77 74
36 53
2 60
46 31
36 61
54 73
68 78
57 25
89 79
8 74
28 55
32 25
42 10
51 53
53 63
91 54
75 49
49 63
97 60
13 53
74 33
17 12
69 79
82 85
67 68
70 78
68 83
97 86
23 51
91 14
36 8
34 55
13 11
55 47
36 89
99 92
19 89
10 39
44 35
59 86
59 57
33 62
27 96
57 68
42 71
45 65
22 81
27 60
36 68
79 47
94 93
70 73
4 86
44 12
65 39
85 46
37 99
46 95
87 80
72 78
19 84
26 18
40 62
74 25
18 93
5 8
93 80
57 38
19 91
23 69
77 38
63 15
100 43
34 11
78 63
41 90
33 4
12 61
43 46
77 88
42 66
84 32
90 98
71 47
33 11
24 16
63 65
92 58
37 74
41 6
31 49
88 41
19 85
77 47
71 26
81 55
40 16
58 68
76 16
77 29
51 29
12 13
99 49
35 14
55 87
37 19
37 84
79 81
7 86
64 91
36 67
36 1
87 45
69 18
6 82
86 84
45 76
36 43
99 5
97 20
32 46
52 42
93 37
68 65
29 83
39 46
98 63
92 88
42 92
32 98
86 96
46 75
29 62
51 89
89 68
1 23
27 25
77 37
64 24
95 80
46 25
5 14
69 87
17 8
56 98
15 3
38 52
12 15
33 3
59 8
3 26
54 62
84 53
86 98
87 34
53 5
56 55
32 96
12 20
11 99
80 64
13 30
71 82
50 12
41 8
41 9
82 5
76 86
90 19
65 22
50 47
15 92
56 88
64 6
70 98
60 14
2 25
93 19
50 80
83 37
39 7
1 27
95 34
73 6
90 60
20 58
52 29
66 64
90 65
62 75
74 34
32 83
62 70
46 48
2 11
68 92
94 8
60 66
47 8
65 96
42 95
98 3
74 72
3 55
50 83
53 42
6 16
61 96
69 11
43 12
57 82
76 43
12 55
45 52
60 19
99 13
65 84
26 25
76 4
97 8
41 31
9 6
67 79
28 94
58 28
53 30
97 30
31 52
88 80
3 36
20 28
66 23
50 98
31 11
68 6
83 16
41 65
12 86
56 93
30 1
49 28
30 74
61 82
16 39
54 38
79 33
89 84
52 3
84 58
53 10
65 3
70 57
17 13
99 93
27 98
13 38
88 63
84 11
70 11
56 61
22 56
79 72
18 41
71 18
76 23
89 34
95 90
89 85
64 65
9 30
17 31
65 88
91 15
25 63
95 84
79 95
93 1
91 21
35 41
33 7
78 54
24 85
51 32
88 1
87 15
5 91
57 37
84 34
42 22
52 50
49 14
95 48
43 22
12 64
93 13
6 2
55 16
77 84
53 1
54 8
54 18
52 4
13 40
65 78
45 67
86 17
11 5
30 31
51 62
17 35
54 34
89 25
41 27
50 77
80 59
9 87
47 61
77 39
10 77
36 79
45 83
84 98
41 75
8 56
86 65
60 20
50 75
34 97
100 13
96 16
97 33
86 22
72 12
66 98
100 69
29 47
46 57
21 28
5 97
36 69
80 20
78 94
30 81
9 99
75 48
76 3
46 71
53 4
37 91
54 84
46 23
41 17
19 82
6 39
52 85
46 98
63 4
47 82
14 54
4 70
80 71
31 99
80 35
50 8
31 39
48 80
20 51
9 98
38 59
83 38
55 61
92 24
10 47
85 93
2 48
21 94
91 31
37 15
76 53
39 75
14 97
74 60
83 87
4 82
52 84
92 11
75 28
52 70
94 37
77 99
94 70
79 51
30 11
84 29
99 62
1 80
12 38
45 48
93 86
62 81
50 32
50 84
18 80
28 13
23 100
26 29
49 86
89 47
41 96
44 36
61 9
42 80
19 27
74 86
76 69
8 49
14 70
67 50
19 95
58 29
92 100
15 79
79 28
90 72
1 24
87 46
74 78
20 57
5 63
70 84
96 29
75 57
90 20
13 1
63 75
40 26
97 59
91 29
85 96
91 53
46 7
95 94
11 4
65 62
43 28
31 18
83 4
6 99
1 83
10 72
59 11
42 9
81 26
23 10
44 7
97 73
84 63
55 93
67 72
38 98
5 6
6 31
1 19
76 57
39 63
43 35
50 42
82 15
32 42
56 99
37 5
29 79
51 99
100 8
52 14
36 57
19 28
50 86
27 79
97 10
12 14
18 14
81 2
75 100
17 42
57 49
75 27
32 68
98 67
77 25
39 51
34 47
4 12
84 14
64 52
50 97
100 98
39 58
18 55
83 44
6 53
24 97
97 83
55 38
79 23
42 8
1 39
12 28
56 65
58 55
1 25
26 15
37 21
2 54
8 71
52 55
5 75
71 72
7 70
13 32
18 36
79 96
11 95
52 61
72 43
13 96
56 63
8 48
21 68
87 56
84 68
55 46
79 19
69 14
69 26
11 89
94 41
63 12
23 33
40 43
46 61
63 28
40 66
25 44
43 52
53 74
85 95
74 100
81 43
51 4
68 25
85 4
18 56
31 85
79 68
28 15
26 64
28 32
65 52
29 75
2 32
49 9
31 21
31 66
31 88
64 89
7 49
67 51
29 7
86 73
24 68
93 70
26 63
37 9
68 45
22 32
49 25
56 91
48 15
50 27
41 58
3 48
8 72
25 72
13 84
81 37
43 64
11 61
29 92
53 90
52 51
97 68
58 31
22 25
82 41
27 94
37 28
62 68
12 54
35 38
77 36
55 44
56 68
15 41
89 46
22 71
16 22
30 82
28 74
72 88
24 50
35 57
46 47
31 20
16 36
29 88
60 69
60 84
49 58
34 52
39 57
12 77
93 58
20 43
86 100
22 7
68 87
74 69
27 6
79 13
55 74
27 51
74 27
52 10
49 27
48 25
10 57
80 89
27 80
69 41
16 34
56 64
15 35
44 65
85 3
82 48
65 80
24 56
71 70
52 32
48 18
31 2
71 13
23 6
18 95
57 84
35 92
1 48
29 69
54 59
100 15
81 69
46 9
30 85
78 47
99 46
86 36
30 51
92 56
56 13
69 90
81 82
6 45
4 84
47 27
1 55
7 89
50 88
61 53
87 88
3 83
76 100
78 73
46 13
43 15
22 15
69 95
57 97
92 53
45 51
38 79
37 96
62 36
80 30
94 42
28 85
77 73
31 92
18 100
30 24
85 33
14 42
35 58
63 8
72 50
64 94
9 53
82 72
38 70
68 71
62 64
85 97
74 58
13 15
92 74
13 95
21 29
97 32
92 82
55 94
58 47
46 8
40 55
54 30
97 44
15 14
6 78
73 12
23 11
37 27
86 9
74 40
91 90
38 25
70 23
20 78
7 84
85 75
45 7
32 26
73 60
88 20
32 11
51 25
14 1
45 19
65 66
32 62
43 80
45 80
30 27
13 22
57 56
20 61
49 69
82 74
8 27
24 32
95 3
7 93
61 62
79 94
95 8
82 36
47 38
51 96
70 19
17 6
60 50
90 93
59 98
77 61
53 60
91 10
6 14
57 94
98 31
47 42
12 93
90 37
33 70
53 95
75 40
99 42
82 3
88 26
57 72
89 15
1 81
71 56
91 28
36 46
98 49
84 80
68 26
5 59
43 18
84 5
54 43
11 87
28 9
17 64
77 69
20 83
59 69
77 30
59 23
59 72
76 26
9 78
51 6
88 98
80 77
23 83
33 1
44 76
30 57
27 32
77 43
54 3
44 23
20 70
85 57
71 99
90 100
66 50
52 89
4 39
7 62
48 55
54 26
80 70
9 57
73 37
39 21
62 79
83 25
88 23
56 50
50 18
44 26
63 23
81 41
31 48
95 66
36 88
100 28
46 97
43 73
72 49
83 91
35 10
41 44
39 62
96 55
2 29
3 92
47 2
37 62
98 96
41 76
7 61
74 64
85 6
43 21
22 60
94 30
82 93
50 41
94 20
81 24
49 73
94 4
73 30
43 85
23 13
22 9
2 26
47 19
30 49
54 15
59 55
74 80
21 75
25 70
14 45
74 47
8 88
10 98
24 96
64 14
67 11
48 17
14 19
9 81
61 95
54 65
92 13
19 77
7 95
11 48
57 66
48 68
84 33
3 61
61 33
24 90
13 72
97 18
43 86
98 33
84 93
90 28
4 81
62 77
75 82
23 89
100 85
88 14
21 86
31 15
16 54
95 91
3 44
75 80
46 74
26 89
58 36
56 37
23 47
6 84
82 50
11 45
64 51
30 40
86 77
64 41
93 57
5 45
62 11
36 55
82 24
80 83
71 93
40 52
13 55
68 11
6 47
30 87
71 86
88 53
21 71
9 31
74 11
79 34
61 99
65 21
11 94
14 68
30 48
80 8
34 67
77 70
62 59
68 41
46 62
4 87
49 24
38 75
94 43
39 37
11 88
71 2
66 86
84 61
84 3
66 43
42 56
38 74
75 42
13 85
41 71
49 6
44 67
8 25
1 10
100 61
61 29
97 98
99 94
29 44
47 48
49 43
9 64
48 41
35 61
51 80
60 3
60 56
31 71
34 3
27 43
17 38
80 55
99 58
48 52
16 27
37 29
11 82
43 69
15 94
98 95
13 62
42 77
17 40
21 19
4 96
15 47
100 51
77 7
74 21
60 40
58 85
99 26
81 40
26 16
50 33
94 100
76 1
24 40
95 65
49 71
4 89
21 61
34 76
10 51
82 18
58 18
11 54
89 67
58 60
10 38
44 10
23 72
52 72
91 88
47 43
45 94
4 37
78 92
22 74
60 93
58 38
58 45
98 44
1 82
68 99
1 60
73 65
78 77
12 48
49 19
8 69
7 28
51 59
21 47
64 50
97 75
28 78
27 29
46 58
77 8
82 42
78 95
72 7
65 28
71 57
84 96
75 76
97 63
12 24
1 9
37 68
74 68
97 95
92 51
90 97
35 84
8 39
33 43
85 69
30 96
62 55
2 7
96 46
62 73
77 48
18 30
10 76
60 46
33 12
66 9
15 99
41 98
40 2
62 60
5 57
90 75
55 14
50 91
4 48
34 64
7 53
57 18
82 35
6 100
17 61
49 56
25 7
11 10
15 52
69 61
50 79
39 76
4 26
82 29
59 50
31 38
41 54
23 68
80 44
21 80
53 34
89 49
62 72
78 98
15 84
86 28
79 17
41 85
98 64
56 84
89 45
7 19
34 10
91 82
27 53
86 25
90 34
50 95
8 13
78 21
24 9
68 29
74 18
91 86
71 59
10 82
87 50
56 5
97 47
64 93
99 74
18 11
19 22
41 11
9 20
92 57
50 25
42 57
42 88
27 85
21 9
13 2
26 72
99 82
50 31
79 41
66 6
48 85
1 66
59 18
64 19
58 62
34 24
65 81
81 17
28 4
28 98
12 47
37 58
78 14
64 61
59 94
15 58
91 47
2 16
17 7
20 34
54 63
11 28
1 98
27 66
74 56
90 78
77 66
19 36
53 58
95 49
69 71
97 77
73 93
16 4
2 18
70 67
31 19
33 54
71 79
75 4
49 5
20 19
38 43
22 58
26 13
21 66
43 48
80 69
1 96
28 93
14 48
71 40
14 71
31 42
99 50
90 79
30 43
31 43
48 86
14 34
28 45
20 1
30 33
61 88
50 15
37 23
40 10
2 91
20 73
29 87
23 74
8 51
10 49
37 11
14 93
93 87
62 25
74 14
25 100
25 30
40 94
79 92
44 61
16 64
31 25
62 50
54 35
4 97
19 68
41 21
69 89
91 67
43 57
33 94
75 98
34 68
91 25
95 71
21 15
26 46
52 41
72 36
26 17
16 47
43 6
38 100
93 4
51 97
20 45
68 90
2 99
92 73
94 29
7 81
19 39
66 4
29 73
96 57
70 75
61 83
93 95
81 84
57 24
45 32
42 28
88 49
9 94
40 57
80 49
77 95
86 6
62 2
2 86
4 31
57 12
94 69
10 67
63 17
42 79
59 14
32 9
41 59
54 88
90 36
63 93
97 28
42 84
16 81
63 51
92 96
47 72
10 64
12 58
35 94
96 87
62 3
55 75
62 31
87 77
86 79
12 39
33 46
44 92
15 76
93 41
81 14
68 94
67 75
90 21
63 16
20 36
65 99
94 62
13 78
8 55
43 84
40 23
97 26
8 16
28 92
6 50
52 18
10 24
95 10
79 18
71 89
12 94
9 3
75 32
2 68
35 51
91 44
15 95
19 11
8 3
55 30
7 56
7 52
11 64
84 30
24 66
93 27
5 41
36 99
37 22
61 79
47 80
12 92
43 44
57 48
83 99
66 49
91 13
62 30
91 100
79 83
1 42
54 71
67 17
83 36
39 98
39 20
44 84
45 26
61 72
9 33
26 98
40 9
75 17
94 96
57 26
79 48
12 6
61 15
33 34
19 81
17 21
54 80
69 4
100 33
83 42
80 97
56 29
79 4
31 55
83 47
26 62
13 37
34 17
23 25
25 35
42 70
27 52
41 32
93 77
61 50
52 90
39 15
92 98
28 41
39 70
65 82
78 11
32 10
49 46
55 100
50 9
86 32
66 56
75 92
95 72
42 86
92 81
78 97
25 9
68 64
28 8
22 93
75 96
11 56
99 43
92 32
40 51
19 51
12 10
39 26
48 100
5 60
46 18
46 17
18 9
45 50
28 82
31 24
83 76
16 33
60 37
88 95
6 22
35 50
51 57
25 95
6 28
90 88
97 9
70 68
61 48
97 45
82 77
78 19
49 35
41 60
65 97
15 71
75 83
7 65
60 92
32 15
33 28
47 11
88 96
57 83
20 24
17 68
83 73
46 91
33 10
53 70
53 68
79 80
49 32
53 78
44 22
30 39
7 99
82 38
56 53
33 40
47 30
81 88
33 35
7 15
15 2
8 7
61 41
66 7
97 13
91 68
19 99
91 34
98 2
26 65
8 99
97 6
25 64
70 10
100 35
10 81
36 48
65 92
12 82
7 98
67 31
57 90
61 38
80 66
9 85
51 48
36 49
100 62
85 70
32 36
35 42
94 58
36 78
29 57
23 71
37 12
58 73
71 100
36 94
77 27
38 33
9 5
38 84
69 42
36 80
16 25
48 54
43 11
63 50
96 82
4 7
91 7
49 3
85 80
57 28
14 11
7 13
42 100
62 71
97 87
67 9
60 61
47 22
97 76
88 12
27 42
56 85
86 20
50 94
28 96
42 55
91 1
93 72
37 25
34 61
66 83
83 96
13 77
59 36
40 87
70 97
30 67
5 73
85 86
81 48
77 35
48 64
66 38
36 81
25 34
53 94
59 100
58 23
27 68
28 16
68 93
77 6
91 85
69 52
64 42
59 91
83 67
17 51
98 60
90 6
28 14
1 47
71 78
7 57
22 66
40 47
50 13
85 61
13 27
12 68
48 44
40 25
24 36
59 42
68 33
74 48
21 36
2 37
35 67
61 91
10 60
92 94
10 15
57 31
19 44
14 94
86 34
82 46
69 20
12 83
89 13
92 50
79 7
75 18
2 87
93 47
78 64
97 19
71 97
45 47
56 94
14 24
43 3
88 39
41 22
6 11
67 97
45 30
56 38
10 100
84 79
96 19
45 71
48 60
65 11
64 5
31 100
77 9
39 43
18 51
7 87
64 2
12 65
89 35
12 79
87 94
4 67
75 78
69 24
100 12
99 22
78 31
87 47
23 32
31 33
29 41
53 75
77 44
14 2
74 96
36 31
19 88
99 23
80 76
80 81
73 1
36 25
88 43
81 58
68 10
74 65
91 23
39 36
18 81
55 83
14 58
52 25
16 29
95 56
81 85
85 37
86 40
70 24
28 34
66 62
36 91
53 64
51 34
41 49
47 7
96 73
32 85
61 80
94 88
65 57
32 58
73 9
90 62
16 9
52 94
61 4
3 40
6 92
49 40
66 78
27 15
75 11
13 41
60 88
43 1
50 40
68 39
98 77
46 67
56 12
10 71
89 3
74 36
34 26
30 19
82 25
80 15
54 31
54 72
30 38
83 90
66 94
8 43
51 16
54 96
6 60
22 62
32 57
91 78
17 16
34 23
79 44
39 80
19 41
18 61
1 32
72 29
75 26
81 87
1 26
92 47
43 4
13 19
44 81
94 6
85 7
50 14
66 63
33 52
34 35
75 12
91 60
98 54
63 47
46 54
73 11
14 63
21 63
96 99
79 57
24 80
19 5
71 76
29 11
53 26
25 78
12 18
19 67
95 70
60 55
33 14
24 54
63 91
52 54
8 30
26 43
88 75
95 16
70 35
76 84
7 10
98 8
30 4
4 44
44 88
48 50
27 17
32 89
100 41
51 75
4 34
37 50
77 40
75 47
8 52
95 5
53 96
56 28
57 81
17 72
57 11
48 39
57 1
40 35
43 97
89 97
63 60
57 47
41 36
70 37
79 56
43 2
57 8
36 40
67 64
63 37
42 73
77 76
44 50
78 7
71 19
40 97
7 30
70 54
90 99
96 67
15 55
4 56
17 83
23 14
41 97
44 74
5 70
80 96
76 7
4 35
56 58
40 100
16 41
83 48
75 89
84 74
100 14
64 1
76 95
76 85
27 83
68 59
17 74
53 83
98 52
78 83
2 67
88 24
29 50
4 18
14 31
2 94
35 2
52 68
39 99
27 35
8 22
54 89
90 94
53 80
89 24
9 90
22 90
89 10
16 43
60 81
98 15
51 77
73 68
89 30
54 69
48 10
97 23
37 61
58 87
32 59
79 39
1 38
15 67
85 17
52 83
97 48
60 32
49 18
23 27
4 3
35 12
89 62
82 34
62 5
79 100
87 59
31 34
17 3
52 71
42 29
5 78
62 87
11 1
57 2
30 91
96 69
62 83
98 89
92 64
68 96
99 63
91 3
45 81
36 35
98 91
1 28
60 15
70 65
23 2
93 30
40 28
88 58
22 98
29 46
2 38
8 26
87 31
98 30
78 3
79 65
41 53
14 99
62 80
22 48
44 68
52 24
85 5
92 49
77 68
27 4
95 43
87 53
74 76
64 30
47 68
43 7
56 32
4 25
7 9
47 26
19 61
93 24
92 4
85 49
73 46
51 61
84 51
35 56
60 45
59 4
19 73
17 70
16 10
16 11
86 41
79 75
25 98
82 7
44 82
85 12
49 33
25 43
12 41
67 37
70 28
78 27
44 30
90 56
42 20
97 35
70 21
16 75
54 13
86 51
54 81
79 76
14 51
25 47
16 18
82 16
65 53
76 42
2 41
50 74
19 26
88 52
28 29
31 68
72 40
19 24
77 26
31 82
34 75
16 38
83 9
53 81
33 42
89 6
58 42
30 63
88 27
38 50
42 91
34 7
44 14
67 18
22 61
41 20
76 17
53 20
6 20
4 99
20 91
80 11
23 41
26 73
69 84
30 90
63 29
30 21
21 11
92 30
37 97
80 32
30 88
94 54
33 2
89 2
79 88
17 44
47 94
35 59
13 48
45 23
12 71
29 30
39 49
29 1
66 71
70 69
81 98
79 59
73 91
40 95
42 15
47 32
85 78
16 14
59 12
61 92
13 24
3 69
85 62
13 16
28 44
10 27
41 56
22 73
34 57
13 47
33 86
21 12
88 33
17 87
19 83
86 54
70 48
42 65
57 44
83 26
62 16
2 46
80 57
65 85
62 45
65 71
33 51
29 31
1 61
44 34
18 87
10 83
99 95
33 17
26 70
35 18
10 46
67 80
36 60
29 14
87 75
60 72
84 40
3 90
61 66
97 92
44 71
61 6
13 82
50 96
77 53
47 86
79 73
83 41
35 75
5 83
4 2
87 48
100 60
82 56
41 55
54 56
87 85
53 43
59 65
83 86
13 63
82 76
26 95
96 93
17 55
85 34
53 45
15 64
34 83
88 47
33 20
11 79
42 72
54 68
23 50
66 88
10 62
40 29
63 87
8 78
31 16
36 97
37 49
77 4
82 60
55 79
83 21
9 100
90 87
64 76
51 50
70 12
20 5
39 29
22 55
20 68
42 51
74 24
96 78
28 3
7 31
73 35
94 3
3 16
57 53
75 10
61 71
96 58
39 84
1 5
98 62
86 31
12 5
88 74
16 68
23 3
9 89
61 98
91 77
21 60
61 45
90 58
26 90
52 26
93 15
22 75
11 96
30 60
76 60
74 39
61 8
22 82
38 9
49 78
55 51
62 23
27 70
83 98
4 41
9 76
24 33
79 54
66 17
80 90
32 67
50 22
11 44
56 47
17 9
92 62
85 83
26 41
88 86
90 47
35 99
74 98
7 74
23 28
9 26
14 65
57 52
44 62
7 26
82 100
78 42
64 55
12 49
5 90
12 30
25 59
61 94
28 5
64 71
81 63
64 29
70 3
24 58
74 49
41 39
93 74
39 24
73 53
26 78
90 32
63 58
28 76
62 88
40 38
24 22
92 21
26 48
55 2
6 81
72 87
26 28
26 50
11 51
31 8
45 75
13 5
1 63
77 56
80 82
96 14
3 100
31 81
8 32
47 28
31 32
67 16
43 24
37 64
83 58
76 30
26 14
66 11
79 9
84 22
52 47
89 17
43 29
67 28
10 18
56 70
95 75
49 60
86 95
47 64
6 46
74 85
90 1
11 9
56 83
42 26
50 43
43 45
51 5
66 39
41 89
42 38
44 31
12 23
24 2
55 24
60 39
36 75
61 70
80 16
66 13
98 16
14 36
29 98
12 36
63 96
28 53
4 72
5 93
66 70
26 27
60 29
45 85
73 24
4 62
22 92
9 23
9 92
100 95
47 60
73 27
32 20
53 62
70 13
54 17
36 7
74 43
45 22
30 3
82 86
89 74
25 11
35 7
9 8
25 29
47 67
80 6
93 98
50 2
15 38
73 3
3 11
29 97
24 61
3 13
60 65
55 35
71 55
62 27
37 30
86 44
46 28
28 99
94 13
49 54
66 85
77 16
61 81
67 66
49 22
87 49
17 84
98 14
27 31
9 44
43 42
63 77
59 3
70 18
62 95
7 100
45 49
62 8
61 97
63 95
9 27
79 32
5 61
57 99
8 53
66 30
45 1
53 98
87 74
95 24
49 20
86 61
13 43
86 67
88 15
32 95
17 4
23 94
34 62
82 39
27 64
10 28
41 1
2 8
82 66
28 66
93 79
68 86
74 45
2 85
77 41
39 56
8 60
97 56
32 53
77 55
74 9
83 64
71 24
41 7
54 99
4 19
20 71
97 25
1 7
58 4
64 13
63 82
65 37
70 50
45 2
94 89
94 91
13 33
46 86
87 51
11 100
18 68
38 95
47 98
46 100
46 42
31 95
34 6
11 22
6 63
80 63
78 51
87 37
92 55
9 88
95 21
75 56
11 7
48 62
11 91
8 92
56 86
25 85
13 98
100 19
20 4
70 51
85 68
83 35
30 42
98 34
90 15
70 6
48 33
73 63
80 31
27 84
82 67
38 14
15 4
15 5
60 79
53 66
35 95
32 70
15 16
17 20
67 76
42 45
62 47
100 36
66 97
80 5
73 74
26 31
84 10
8 12
82 52
80 72
1 56
91 38
100 44
74 66
26 87
34 94
27 45
39 64
15 1
28 80
71 67
57 50
64 73
76 61
70 15
43 67
50 49
32 29
92 14
19 50
95 1
40 56
96 97
39 94
54 55
7 38
84 97
45 13
22 64
77 71
81 67
16 49
79 26
72 51
65 77
7 80
24 62
82 27
45 21
55 86
5 26
85 67
38 72
5 58
84 67
39 92
92 84
65 24
15 83
13 21
12 95
50 30
35 30
7 73
87 71
14 73
26 51
64 54
57 16
43 23
61 78
20 15
49 79
5 36
57 13
15 75
76 35
8 24
52 62
27 86
66 84
29 55
95 81
17 99
23 98
8 70
24 100
89 76
98 85
58 8
61 23
95 17
94 26
73 41
82 59
23 16
27 63
28 48
23 5
11 49
82 87
85 64
70 41
41 45
28 25
14 4
59 21
29 89
76 29
62 21
73 23
16 1
97 74
20 77
74 26
46 12
3 86
37 75
32 5
60 17
2 96
42 44
41 63
67 7
85 60
5 98
59 84
37 51
35 87
18 17
24 87
10 59
87 13
91 45
93 45
62 91
21 18
69 50
68 35
42 12
97 72
40 82
27 12
72 55
80 78
91 6
81 5
60 16
23 87
42 18
59 44
4 42
3 47
74 13
13 10
51 36
74 67
36 30
42 96
54 57
14 13
73 81
31 64
26 24
38 63
49 44
31 69
39 11
21 98
77 54
15 18
11 27
42 89
23 77
34 8
13 4
49 26
52 95
87 67
70 74
17 71
17 62
80 25
89 44
64 97
2 51
11 12
23 84
16 48
17 36
65 13
51 81
17 49
13 73
65 98
71 36
89 56
24 4
60 80
67 40
81 100
62 41
96 60
47 49
11 40
40 99
95 2
68 60
25 65
79 70
21 7
43 96
12 45
68 50
69 62
38 93
36 52
11 24
29 20
56 21
95 89
75 84
65 49
55 25
76 94
58 65
59 7
48 49
34 70
53 19
43 41
75 23
50 81
35 72
7 42
15 46
86 30
70 16
55 57
67 95
91 43
19 98
4 98
14 21
15 62
6 98
5 27
72 64
78 87
51 98
69 38
42 87
1 79
20 92
72 14
24 59
36 33
22 1
96 49
23 22
89 83
9 65
44 47
51 41
35 16
98 94
85 40
93 36
39 53
82 79
63 52
82 43
51 71
43 75
36 87
14 56
94 46
86 8
47 35
90 81
72 70
72 85
91 75
23 95
31 5
82 64
67 14
88 28
79 52
99 32
69 46
64 69
38 97
13 20
62 12
49 23
85 44
29 90
64 81
22 5
9 69
38 48
57 14
76 31
94 82
90 84
80 98
36 37
37 80
44 18
41 38
65 94
12 40
81 97
49 64
62 93
100 64
98 42
53 18
62 1
54 10
37 53
2 34
2 52
48 89
13 59
72 68
9 36
10 17
49 91
73 8
77 85
78 99
76 47
23 42
28 89
32 71
70 43
93 20
79 10
88 82
98 36
76 81
86 75
3 37
87 27
69 17
83 82
4 32
14 77
69 75
10 41
43 9
6 71
48 67
23 82
87 66
70 40
19 8
47 54
97 62
49 68
87 54
22 36
19 74
64 3
73 85
60 86
13 68
99 81
9 2
97 39
52 23
43 61
17 23
57 6
12 22
79 98
20 75
37 47
44 64
24 78
31 40
16 94
4 21
50 53
60 38
49 84
13 31
78 12
71 81
100 84
57 67
36 28
57 89
77 3
43 60
17 100
70 36
15 30
78 62
60 77
76 38
73 15
2 28
11 76
40 69
64 45
78 29
98 12
21 23
16 12
63 9
58 27
21 64
10 14
43 87
62 67
93 39
61 67
78 58
26 93
39 32
90 61
27 21
29 17
66 99
5 2
30 61
1 31
57 62
56 43
84 82
96 47
45 36
86 10
29 86
88 45
5 7
42 81
10 85
77 81
74 6
86 23
6 42
23 35
68 15
39 71
19 6
21 81
45 92
34 71
46 38
35 31
66 5
87 98
61 75
92 77
77 49
30 68
3 97
44 54
42 34
16 72
54 29
9 47
19 29
19 12
41 34
64 7
26 82
33 41
83 30
2 17
100 87
1 71
18 29
5 86
11 86
21 85
94 83
76 25
8 76
65 83
64 57
80 2
86 63
94 77
84 48
3 35
93 29
96 95
19 75
3 38
54 67
71 88
15 72
46 51
50 65
20 81
34 50
67 38
22 51
87 25
5 94
40 83
49 21
62 63
14 95
45 78
22 96
91 97
9 71
7 12
77 57
86 39
91 51
29 12
63 36
12 3
79 46
86 15
83 39
79 66
22 53
54 42
99 45
69 51
73 82
69 25
43 79
39 22
71 91
2 77
19 57
66 96
68 55
40 54
14 9
62 14
40 18
68 40
98 68
16 84
1 58
93 8
49 34
8 6
20 38
71 28
31 28
57 27
10 50
10 36
3 72
31 47
13 58
27 97
67 29
36 26
42 21
93 75
75 59
45 95
86 90
73 57
59 15
92 76
85 50
24 21
20 95
37 55
33 76
30 20
23 64
39 45
77 45
42 61
47 17
62 9
67 94
72 19
4 74
32 21
71 30
75 73
92 23
17 52
51 21
38 81
32 43
78 15
1 86
88 93
100 49
71 74
90 45
4 36
33 15
28 95
46 14
27 20
88 4
58 77
52 75
71 29
98 55
78 1
11 77
94 22
96 7
59 83
13 25
17 82
84 2
74 20
1 70
58 7
18 89
40 79
92 27
13 76
80 91
70 45
67 99
10 4
57 41
34 77
4 71
20 2
31 23
59 26
60 87
90 43
16 97
81 23
94 72
55 39
3 87
93 43
72 84
72 28
21 5
10 63
44 70
31 12
47 41
40 44
40 4
68 69
84 31
44 95
44 2
30 70
15 97
42 25
90 39
75 94
15 8
77 32
42 3
7 37
91 4
80 58
87 89
23 96
41 99
64 77
57 100
2 12
9 96
21 84
4 73
58 70
15 56
14 82
74 51
73 31
93 81
61 89
35 48
83 13
32 61
69 30
15 24
57 60
73 51
48 40
6 15
58 71
4 68
81 75
93 92
21 26
46 77
59 43
4 65
33 69
18 88
57 88
19 92
82 53
84 71
22 95
44 66
14 87
68 76
76 49
11 42
98 57
52 12
89 63
8 81
73 98
5 47
40 15
50 71
26 35
84 8
51 49
79 87
21 1
34 9
13 90
11 97
27 56
36 85
42 16
7 69
13 69
30 6
16 79
51 58
50 90
40 42
99 75
38 89
47 39
37 88
4 8
69 67
42 74
74 57
9 48
28 22
23 18
84 47
80 29
65 36
5 4
35 21
7 71
96 18
16 61
95 73
58 72
9 80
64 59
14 43
62 84
8 1
38 23
73 56
89 82
93 6
58 97
53 49
94 48
54 76
31 59
52 13
77 1
55 26
19 15
53 54
29 10
35 74
18 94
52 67
14 32
23 39
66 12
30 99
29 70
78 60
97 31
81 29
50 5
20 50
52 60
59 2
25 12
15 65
91 17
94 51
28 35
3 75
53 11
20 62
48 76
73 94
83 69
93 31
98 17
94 38
36 73
49 97
47 65
54 82
3 2
80 56
72 100
17 59
82 62
10 2
92 90
77 100
19 80
60 33
1 37
41 46
3 50
22 97
39 9
70 87
2 69
60 18
1 84
23 57
25 71
23 90
49 1
73 28
13 39
81 12
60 34
63 32
70 99
70 90
91 22
79 30
92 36
53 97
99 33
28 69
37 8
18 85
41 30
48 23
47 59
55 76
31 75
91 84
57 86
4 38
64 20
97 17
54 7
50 39
22 88
94 1
95 82
76 36
99 98
20 98
37 98
6 56
24 47
97 42
2 49
22 78
100 32
17 30
100 52
51 54
47 53
51 12
96 90
24 94
40 46
84 36
30 75
9 91
47 99
34 40
14 90
82 55
9 4
22 79
9 72
13 67
87 65
96 70
42 41
7 27
89 92
35 52
50 55
84 85
40 98
29 22
90 71
54 75
55 88
76 70
59 29
89 60
18 83
25 61
83 92
52 77
86 24
49 82
86 78
54 100
37 31
87 38
62 6
68 82
99 27
90 82
50 7
63 19
70 89
19 23
15 23
85 29
50 58
55 67
70 82
26 58
63 59
14 47
12 97
66 68
8 38
79 35
49 29
93 65
78 56
8 96
66 36
20 87
73 39
90 11
20 47
32 87
79 53
39 18
54 50
43 34
81 70
31 3
24 99
13 42
75 13
95 4
92 1
79 77
42 62
42 67
25 67
13 61
52 76
67 41
63 64
86 13
73 90
31 70
74 52
52 87
24 6
33 89
91 48
83 88
99 1
60 71
4 64
72 34
35 98
58 43
3 24
14 75
93 49
87 16
30 72
29 4
85 23
32 78
9 68
68 46
57 15
23 65
55 70
49 70
19 87
73 66
2 76
72 86
20 79
97 79
14 39
58 61
64 84
88 7
38 34
52 28
59 48
75 64
74 31
8 33
93 78
61 10
57 69
71 43
69 12
53 2
30 23
26 10
99 87
18 3
68 5
51 88
64 87
63 20
91 12
18 25
75 77
69 72
71 83
61 57
3 10
19 86
82 32
92 5
99 85
41 24
66 15
7 3
64 8
89 78
66 47
40 59
84 94
95 47
26 11
24 44
96 64
2 61
94 80
80 4
43 92
30 2
29 6
96 91
84 18
22 2
3 71
60 95
79 78
46 27
69 91
25 15
8 83
61 39
57 45
22 21
14 20
47 36
81 33
63 11
69 97
64 40
55 7
78 33
52 9
9 60
40 8
68 43
33 67
7 6
26 30
20 85
27 95
22 30
8 14
93 21
23 60
80 100
66 41
95 68
14 76
8 79
