100 3757
59 88
33 93
28 42
38 40
26 44
18 51
12 43
20 12
4 51
12 66
4 79
55 32
21 55
2 61
30 8
58 80
77 88
19 30
49 24
19 77
23 14
62 7
49 46
80 64
22 36
15 9
27 46
94 3
68 34
46 33
72 86
46 76
11 33
34 8
33 87
89 99
82 16
100 7
41 28
24 85
63 98
8 98
73 64
23 86
2 4
58 40
89 33
21 32
25 92
55 45
95 64
30 9
88 100
70 71
69 49
44 36
3 12
92 81
31 27
57 8
35 55
18 21
79 83
17 16
62 60
15 95
28 86
65 90
24 19
33 41
91 83
87 51
91 12
94 60
66 84
75 48
71 42
83 22
55 79
62 20
9 72
52 60
60 18
37 57
5 87
98 2
96 78
57 86
38 66
58 29
82 99
50 48
87 6
52 75
83 98
42 97
83 23
4 82
6 48
12 2
19 76
92 94
28 53
98 79
56 55
59 18
60 53
35 59
15 58
23 50
34 65
13 98
95 45
82 55
64 19
7 44
62 65
28 36
86 37
55 16
71 97
82 62
93 56
86 65
33 42
21 78
72 1
11 85
54 44
12 18
14 1
14 11
9 85
12 15
61 8
15 79
31 70
86 87
30 49
49 40
90 74
37 62
3 49
59 61
61 63
8 56
56 91
41 73
62 51
76 22
53 79
49 38
45 60
81 83
1 55
26 52
59 68
90 97
89 81
11 73
53 74
32 4
85 88
54 7
95 7
72 91
94 70
53 81
51 9
22 57
42 64
33 40
62 5
46 2
8 50
56 79
69 55
32 14
1 33
60 89
54 1
3 67
32 81
68 40
58 21
79 64
34 60
8 66
26 38
54 13
71 14
59 75
9 76
11 44
94 44
94 86
19 51
20 86
58 31
11 96
34 80
54 24
8 99
57 11
71 55
90 46
42 85
13 81
22 58
33 84
35 100
73 52
82 88
69 51
37 80
18 98
63 73
56 96
21 83
67 73
35 94
51 68
16 75
47 33
9 83
80 55
14 75
5 33
86 16
97 14
30 65
72 58
85 35
5 91
75 77
27 19
72 76
37 82
54 19
41 13
18 43
48 24
12 6
96 73
73 92
98 37
71 2
27 40
83 70
16 54
57 90
7 70
14 15
39 28
97 73
46 11
84 21
21 31
78 7
48 4
18 95
72 69
33 72
52 47
21 87
70 9
23 93
67 64
97 60
24 59
91 81
44 17
59 20
24 7
87 1
46 15
83 67
38 84
47 84
18 90
56 95
76 47
55 47
34 19
96 76
21 89
9 38
29 21
49 19
35 89
93 34
2 37
74 96
35 72
38 45
1 38
34 91
51 96
87 40
99 30
3 19
29 98
10 28
7 16
40 28
20 15
29 95
80 61
16 32
59 84
22 18
99 84
23 1
86 17
4 77
25 20
8 22
1 37
8 77
96 40
31 15
10 59
41 67
43 48
59 56
52 78
65 20
48 74
82 50
3 14
70 39
3 5
38 76
55 38
62 50
91 62
38 58
14 35
15 69
100 32
21 47
37 40
11 34
36 52
69 47
62 18
18 32
90 42
21 88
26 72
15 93
58 20
18 24
53 97
88 61
54 46
88 55
52 4
58 47
50 25
60 96
56 11
90 56
94 51
29 90
26 21
68 70
50 88
28 51
3 69
35 88
31 17
7 86
91 24
33 34
34 45
7 55
82 64
96 67
71 34
61 78
70 91
4 44
34 31
65 15
98 78
59 3
83 75
83 25
57 85
82 94
64 85
65 81
21 13
24 3
32 57
32 38
73 62
6 81
37 67
44 51
26 25
32 31
33 29
61 38
6 7
44 97
98 64
14 90
51 22
9 28
8 44
89 98
37 39
19 11
75 47
24 25
87 31
43 62
27 37
79 80
54 67
59 38
34 51
21 66
6 51
63 51
1 62
60 11
72 44
8 90
38 52
35 30
4 83
90 36
74 22
48 85
28 17
16 35
95 9
89 96
78 86
88 23
52 6
46 78
48 94
15 5
71 79
93 79
97 76
36 23
78 63
37 65
28 43
40 44
8 48
40 39
83 58
6 36
36 5
58 70
77 93
41 35
36 41
33 8
25 37
85 19
80 2
96 65
19 39
12 34
88 24
14 51
36 4
22 50
5 52
59 19
10 58
71 100
68 81
28 97
12 75
34 10
80 77
59 27
63 68
74 34
21 42
49 21
99 51
78 3
51 40
34 86
94 4
99 71
89 11
57 88
40 91
4 15
45 43
90 3
26 6
37 81
27 79
72 90
24 34
79 45
48 16
7 9
89 54
25 39
19 91
7 57
43 56
80 3
48 76
24 51
88 56
1 8
15 22
18 28
79 91
40 3
42 70
58 77
35 73
95 85
60 76
41 34
43 52
81 79
71 53
7 34
56 6
39 85
75 50
40 79
91 31
64 69
36 58
20 9
20 72
34 2
13 9
100 74
12 79
64 63
12 86
17 14
37 43
52 90
54 26
55 25
71 92
74 86
68 17
30 62
8 93
99 59
14 81
34 89
28 27
5 63
36 37
5 24
21 68
41 45
50 46
65 23
28 4
67 30
61 87
66 32
87 69
23 94
66 26
90 27
25 56
29 22
97 98
39 49
83 11
79 29
20 67
46 80
2 3
63 2
79 18
15 87
12 22
42 100
39 67
38 12
28 37
50 96
34 3
94 93
37 78
70 12
97 39
96 71
66 91
62 95
47 82
79 38
27 77
12 82
82 39
49 72
52 30
38 51
82 2
78 89
55 27
16 23
69 28
86 5
33 52
45 83
31 56
48 34
1 28
38 30
1 96
9 53
44 43
90 80
48 19
93 75
44 83
8 75
63 85
99 93
90 37
4 45
100 59
31 66
83 1
69 1
76 41
51 7
33 92
91 88
59 83
12 68
38 6
30 29
2 7
36 18
67 93
85 81
51 73
34 5
40 15
20 19
38 65
18 55
72 60
30 87
73 19
98 25
9 37
73 83
98 71
24 15
25 13
17 35
36 81
57 93
50 71
31 2
80 12
79 67
50 63
40 25
79 63
61 67
62 94
30 91
5 56
16 14
88 47
26 89
49 57
64 81
78 17
40 31
53 76
14 69
91 42
38 15
11 9
74 83
17 70
78 6
57 76
59 86
64 24
72 73
11 31
6 25
75 20
21 80
59 11
1 15
37 79
7 73
71 32
89 52
34 84
90 54
66 23
73 16
43 98
74 8
27 10
91 74
86 3
3 17
95 42
75 43
3 65
99 78
58 84
69 6
16 83
57 28
36 95
17 25
98 16
5 39
99 41
76 84
25 66
80 52
90 33
58 54
83 99
68 87
42 20
53 23
5 99
100 85
35 40
88 11
32 56
57 2
17 83
81 44
91 78
74 59
51 80
83 30
55 53
10 78
68 6
79 70
86 85
45 27
13 57
26 81
28 92
16 37
72 84
54 35
5 21
72 92
24 26
88 12
40 81
27 24
63 97
9 34
43 72
90 10
46 20
15 77
35 79
18 77
53 65
42 34
38 41
94 5
62 27
68 76
86 81
12 73
93 100
54 70
57 99
2 81
89 57
41 62
61 33
88 60
24 62
4 41
60 80
84 35
72 53
68 31
25 49
40 85
83 85
59 41
4 43
44 65
70 36
89 86
16 50
72 14
41 94
85 15
97 35
1 39
34 61
64 87
44 21
9 39
86 45
9 8
27 26
82 3
43 99
97 99
14 62
38 28
77 25
61 51
49 4
63 82
2 24
57 60
52 97
21 54
7 52
22 100
20 32
78 41
61 32
48 22
39 62
93 21
47 7
11 35
9 52
25 88
17 99
93 64
21 35
66 94
72 42
50 9
49 35
52 84
33 68
65 22
55 77
56 86
43 41
31 64
37 15
44 57
14 19
28 79
8 28
74 85
78 14
86 30
48 72
30 79
29 86
45 14
12 27
4 56
78 59
33 79
65 19
34 97
74 52
11 38
28 64
21 2
57 92
44 15
87 79
40 57
48 98
44 86
77 11
55 14
88 74
67 56
67 44
69 68
7 28
33 49
84 13
29 8
29 89
100 84
87 56
37 17
2 90
39 34
85 76
47 19
88 1
53 49
47 9
70 2
22 10
51 48
53 48
88 79
6 58
56 1
98 49
40 83
95 32
72 50
40 36
2 64
53 2
80 93
44 38
78 92
14 27
57 64
69 82
92 46
100 17
44 23
73 18
17 54
83 31
34 14
4 54
72 80
87 27
27 57
75 22
65 67
63 41
80 54
79 31
72 96
57 78
51 29
81 88
9 63
87 3
74 62
51 91
6 9
2 47
33 77
86 67
57 26
68 65
95 74
87 36
66 69
59 97
84 3
28 67
64 90
43 40
8 78
77 87
93 5
18 34
11 65
88 36
88 86
13 8
54 60
1 51
20 24
23 78
60 66
86 6
31 74
79 96
96 18
46 8
23 80
7 38
50 53
42 63
33 44
48 77
100 12
2 43
77 68
93 37
51 17
23 42
39 15
74 29
96 31
2 9
44 49
95 3
96 34
2 26
39 51
30 10
89 27
31 14
88 40
65 71
15 51
83 46
21 34
62 46
7 93
12 96
1 93
74 11
92 51
69 91
61 36
78 22
98 33
55 97
33 6
50 7
9 12
8 70
18 31
76 23
27 88
52 2
7 84
9 82
29 49
44 87
16 96
64 44
65 27
6 76
87 82
37 68
78 81
39 42
38 21
74 40
6 2
46 44
37 14
56 82
10 54
65 85
56 23
5 70
49 61
74 10
36 94
13 50
35 25
82 49
68 49
29 85
51 13
76 2
17 55
91 96
57 73
46 10
69 67
33 71
71 8
24 40
73 65
74 92
83 56
61 46
79 58
97 58
83 2
8 89
41 55
61 21
70 18
63 3
54 94
3 42
71 31
94 21
62 9
77 12
46 9
28 44
95 20
75 51
58 81
42 96
78 47
43 10
30 43
61 41
28 2
54 93
5 74
39 52
83 96
12 95
80 74
92 27
81 4
99 65
5 57
28 58
39 33
15 56
8 3
99 14
12 56
61 90
1 66
5 25
54 15
70 38
6 79
25 30
20 90
20 35
65 77
5 9
26 50
19 9
68 96
43 8
42 68
22 23
18 29
9 98
18 80
55 10
77 62
28 76
68 28
65 56
19 6
48 91
69 25
34 30
19 58
78 55
18 63
71 23
71 66
92 9
21 48
47 72
85 49
17 50
61 72
89 92
60 99
61 31
64 83
45 68
89 83
55 63
22 16
81 8
79 65
29 9
31 25
42 18
66 42
42 41
95 86
91 67
93 65
84 42
96 13
80 33
4 12
91 32
18 2
91 86
14 80
43 70
8 55
83 13
71 27
85 84
45 77
82 79
44 14
57 47
77 38
51 98
14 28
41 90
28 73
32 45
56 20
20 43
22 69
68 91
33 4
69 33
89 41
22 37
86 48
72 39
60 75
23 3
88 10
33 24
8 19
31 33
24 55
23 85
25 86
6 44
100 96
67 1
49 83
42 53
81 47
91 25
39 64
32 15
30 15
68 43
10 65
34 23
78 32
76 64
80 10
5 79
60 8
67 66
58 65
42 48
88 18
69 21
16 47
78 87
43 5
4 95
11 62
21 81
23 96
35 80
53 83
77 47
89 90
67 42
25 32
78 11
25 82
66 15
8 39
43 76
55 46
78 18
99 12
42 13
14 22
35 28
39 78
58 49
49 100
75 2
33 99
33 43
62 78
88 76
71 46
12 47
35 74
100 23
27 22
15 7
97 96
69 44
1 36
99 92
88 90
25 93
44 95
3 54
34 75
35 29
11 55
65 8
69 34
71 16
21 33
56 13
71 37
45 70
9 75
27 42
90 50
93 38
66 64
30 4
85 75
44 74
54 59
98 34
78 24
80 96
62 3
13 99
55 73
16 8
8 42
31 9
1 94
67 74
100 77
79 52
28 66
79 1
15 53
23 98
78 19
22 44
85 44
60 46
19 50
67 68
46 23
57 77
82 98
2 41
34 44
21 24
9 97
11 52
69 86
66 77
78 9
69 70
26 49
80 36
20 57
30 70
81 25
71 76
58 11
8 84
67 7
31 55
62 35
24 14
99 63
92 85
79 74
33 48
13 92
18 49
88 30
98 53
69 16
12 21
35 68
66 61
94 81
39 59
33 66
64 14
32 77
70 6
48 61
29 73
95 76
26 100
23 33
7 64
53 7
26 13
49 41
34 64
38 43
11 22
67 19
14 66
26 90
36 78
42 76
43 74
52 14
81 9
49 27
51 86
85 89
76 20
66 83
45 54
38 16
100 98
3 9
78 97
21 1
59 33
66 87
9 22
50 73
34 53
60 61
68 18
38 50
71 12
39 87
4 58
91 1
22 19
43 86
33 82
13 55
25 76
10 95
16 11
36 20
72 23
58 12
41 56
20 74
89 28
89 77
94 89
84 24
92 83
51 33
86 68
19 68
89 58
52 85
97 65
18 56
7 1
13 73
39 68
45 25
61 12
15 3
58 48
75 76
24 60
51 59
20 34
37 13
39 60
74 57
60 73
12 23
24 93
99 29
42 55
59 79
76 82
25 27
18 11
73 26
83 68
49 43
87 28
60 26
79 17
15 72
93 83
73 80
83 84
93 71
28 12
4 72
88 42
58 25
20 88
50 41
94 79
89 53
77 78
62 97
41 31
81 87
37 19
25 4
71 68
2 55
64 12
88 17
52 59
58 41
24 6
3 4
63 52
55 29
38 67
43 32
20 45
59 49
40 42
73 98
58 66
91 4
41 8
46 74
40 59
64 36
61 86
68 53
30 57
34 46
74 94
99 9
15 48
66 79
96 52
28 52
76 50
71 41
24 68
28 13
86 54
65 57
16 70
72 6
61 92
9 67
8 64
50 60
83 65
97 16
40 78
40 45
30 31
52 46
83 55
4 40
96 95
17 42
3 43
13 38
30 71
83 80
56 73
64 59
86 38
88 65
89 43
65 43
36 92
49 90
64 35
93 55
85 72
46 94
70 20
6 1
85 60
27 96
48 10
16 93
35 12
25 47
54 91
98 19
56 68
89 88
45 28
81 72
27 32
30 7
24 77
48 5
38 20
6 43
80 25
89 93
54 27
2 39
95 58
67 14
38 98
79 8
62 33
78 45
22 60
81 5
36 12
23 91
58 75
53 70
69 37
34 62
3 25
75 5
70 48
88 97
43 14
13 18
43 23
35 50
18 7
35 38
15 18
60 100
78 1
99 95
4 20
98 39
36 91
37 77
23 47
93 29
89 25
27 56
11 49
48 88
98 42
92 41
78 48
66 89
33 45
40 18
17 57
3 20
8 26
24 82
18 84
51 10
84 78
26 65
24 1
46 25
29 1
29 2
23 13
80 40
76 58
70 24
5 27
18 76
7 74
33 37
5 66
76 100
24 31
95 23
57 31
45 64
93 84
94 25
34 70
96 14
50 54
93 32
57 100
17 39
82 74
46 41
1 65
52 21
14 92
89 51
86 64
72 62
28 56
90 93
18 93
37 29
32 36
78 65
78 72
42 29
76 55
66 6
8 63
56 66
56 44
50 28
46 35
50 47
83 62
85 78
16 76
4 96
83 100
70 95
71 62
97 11
66 3
68 27
9 56
36 85
28 100
56 81
73 84
12 11
100 62
89 79
60 25
52 56
79 41
78 67
97 77
90 67
40 29
41 19
6 17
57 91
19 10
91 80
74 13
35 18
88 72
84 65
66 18
37 54
83 6
44 48
34 38
33 54
10 67
92 82
91 58
94 43
87 49
79 85
82 90
11 63
54 14
61 15
18 71
84 30
61 19
49 76
22 73
23 90
100 44
98 59
82 70
58 74
40 5
40 10
38 87
100 29
79 97
68 29
65 47
36 51
2 79
68 97
79 34
11 40
93 81
92 47
73 21
21 37
24 12
51 47
46 57
22 97
98 47
92 76
83 37
51 30
6 27
100 89
17 27
84 16
49 70
1 85
32 7
100 2
40 9
35 43
13 29
49 79
88 29
88 68
56 54
3 39
60 3
81 12
7 26
41 65
20 71
12 17
85 69
100 80
67 27
81 54
18 16
63 74
51 46
47 22
16 28
74 25
75 100
48 57
99 11
64 46
43 97
27 15
20 89
16 59
8 25
27 8
88 70
35 19
36 73
23 70
15 71
41 86
6 14
43 60
87 32
26 48
48 32
11 64
48 37
93 41
64 54
99 58
73 74
64 65
92 45
68 94
21 74
38 62
16 53
40 2
35 90
93 86
81 51
6 28
72 98
64 30
66 59
50 52
48 38
85 16
14 39
58 9
18 75
23 2
7 12
87 72
83 88
80 32
62 26
59 85
73 81
3 28
30 24
6 5
87 57
37 32
42 47
86 50
44 68
9 84
59 5
13 75
33 91
66 41
32 83
86 14
54 49
43 92
100 51
46 81
48 30
14 20
52 35
86 96
43 87
64 22
76 93
35 75
4 86
36 8
93 59
69 92
81 71
82 85
16 99
60 51
14 77
30 78
7 90
27 80
58 13
27 72
11 81
68 64
81 19
95 60
55 60
37 96
54 25
68 10
25 10
59 30
41 14
10 35
58 17
70 78
11 72
71 10
73 68
85 73
34 37
82 84
60 92
23 57
26 59
29 53
22 82
22 63
11 92
98 26
23 27
34 56
83 27
68 22
66 85
54 95
1 20
26 42
77 50
89 62
88 96
5 64
6 88
77 9
28 81
94 2
37 84
46 28
75 96
82 19
29 65
64 72
42 19
36 38
37 92
97 74
80 26
20 82
73 20
44 20
38 2
19 79
10 84
4 7
35 56
95 68
73 82
57 75
33 13
81 57
18 3
58 24
12 40
42 11
28 98
45 96
3 35
20 28
20 51
14 85
81 45
39 22
87 42
26 92
94 37
52 87
22 90
75 78
63 27
48 23
23 99
34 85
17 74
89 19
82 67
67 21
23 35
72 12
10 18
8 14
54 73
5 13
34 82
47 71
50 98
93 68
19 25
20 50
3 56
4 21
51 8
78 51
73 32
17 38
42 44
21 60
51 65
89 23
93 78
5 8
60 68
88 94
82 40
81 67
19 90
2 30
32 54
8 35
6 54
63 30
15 10
32 39
87 94
81 97
87 20
41 100
84 92
75 19
1 73
85 98
43 21
28 49
79 7
45 57
52 100
62 28
22 21
84 27
100 72
77 95
70 51
42 49
59 17
67 95
5 31
93 73
25 48
70 96
41 11
54 42
97 8
55 95
37 60
51 32
46 72
1 95
17 65
34 77
43 61
15 52
67 12
31 54
59 21
54 53
29 19
49 47
40 60
19 36
33 94
27 94
54 71
46 98
2 99
4 66
29 62
39 93
41 52
90 16
95 2
34 83
80 76
8 58
4 22
36 39
71 21
5 49
54 39
3 81
86 40
18 58
12 97
8 12
5 58
58 23
14 2
13 43
44 63
88 26
22 62
54 85
99 85
41 82
94 40
41 22
14 48
32 30
62 75
7 17
50 68
58 14
27 18
53 26
74 99
88 32
82 97
67 48
65 82
5 68
40 23
57 18
99 26
93 30
26 46
57 1
42 56
67 23
57 62
1 70
33 53
48 20
6 34
21 7
99 54
86 39
69 2
27 97
48 83
27 29
36 67
10 50
15 34
73 30
14 21
73 90
32 1
85 96
52 51
67 34
18 4
12 46
78 5
35 22
2 19
27 74
12 78
68 2
23 32
96 55
88 44
76 29
76 78
29 96
82 26
39 56
82 52
26 22
34 57
51 84
74 98
77 29
37 3
41 26
44 89
7 77
82 100
23 82
26 16
72 28
16 27
65 63
46 75
77 22
5 4
81 38
92 35
73 33
91 87
36 99
26 77
98 35
45 15
38 95
40 8
30 58
20 5
12 87
74 77
87 4
71 63
66 7
25 79
29 52
94 15
21 23
19 21
54 87
6 67
37 26
18 100
97 47
78 53
5 55
20 92
33 70
32 6
43 25
46 48
74 18
73 27
37 5
58 26
42 69
41 74
39 96
6 57
96 64
66 62
63 38
65 72
88 37
82 59
88 46
83 72
7 61
23 17
48 84
10 85
5 45
77 52
71 60
37 4
90 38
62 4
81 80
3 36
27 41
43 27
19 18
3 1
7 85
54 28
81 98
34 100
61 53
52 48
7 63
28 90
59 72
60 20
58 50
76 13
78 54
87 93
6 64
41 5
20 63
17 72
95 41
48 63
95 39
94 53
100 4
28 23
91 20
31 47
93 27
30 69
47 10
49 92
89 12
2 66
3 68
59 58
75 84
65 55
18 81
75 98
49 14
11 82
17 82
83 57
27 98
56 94
95 61
71 73
79 36
4 8
11 100
37 49
72 82
50 27
1 44
80 84
52 98
21 25
73 70
13 59
64 47
13 89
93 96
67 57
58 43
8 92
33 63
2 42
4 69
24 44
60 41
56 19
96 61
14 46
52 94
62 64
29 92
65 59
37 23
87 45
73 2
55 34
86 79
14 94
53 24
60 91
7 97
80 88
27 1
13 63
59 15
6 42
54 52
65 2
90 78
11 53
34 43
21 96
73 99
10 42
45 44
47 43
96 77
33 58
97 32
99 64
30 95
31 6
92 52
25 95
98 54
65 16
77 85
7 36
45 62
92 55
13 53
66 57
83 95
56 14
90 51
48 82
64 38
28 29
82 60
2 33
96 49
9 89
78 83
82 71
2 97
57 72
52 95
15 90
8 6
58 51
41 24
31 93
99 48
53 100
47 59
44 30
2 49
58 63
35 53
19 4
66 40
24 67
60 67
10 26
19 53
70 64
59 73
2 93
58 64
8 86
21 91
77 86
15 80
36 47
54 12
14 91
23 39
55 50
44 92
91 61
50 12
30 20
3 74
59 9
31 13
13 35
34 63
32 72
76 7
76 83
42 83
10 11
43 67
10 76
12 33
94 19
55 26
40 30
36 59
89 48
43 26
36 60
31 23
94 61
25 23
88 58
62 63
60 93
58 53
68 15
40 67
91 10
100 37
46 30
29 75
17 87
91 37
91 95
57 61
20 18
72 74
2 10
22 71
20 8
37 97
9 27
9 32
70 19
30 81
78 34
46 38
88 92
63 12
8 37
29 43
95 51
50 29
72 21
70 15
59 22
48 7
18 44
52 23
74 36
66 78
65 9
29 59
21 64
14 79
58 35
49 6
77 1
55 33
96 87
21 40
57 12
81 76
49 86
64 20
12 76
22 38
16 94
57 71
60 65
33 30
49 71
20 55
27 51
13 2
95 8
47 79
59 89
22 96
87 7
39 21
88 5
77 44
54 76
78 4
15 6
63 26
52 10
25 70
50 74
1 71
4 88
60 19
61 45
49 65
10 64
18 99
27 30
61 18
87 11
72 18
22 61
12 90
60 38
33 22
23 75
95 19
85 37
52 31
39 26
4 55
63 53
16 10
67 88
35 82
42 89
89 65
10 70
10 41
49 73
55 84
13 52
6 82
1 74
7 80
11 29
54 43
79 73
17 1
14 50
6 55
78 56
60 27
69 12
6 71
36 45
27 64
61 77
98 41
52 44
37 89
45 12
34 35
80 42
47 85
24 50
48 12
99 79
51 88
43 73
15 36
88 33
52 18
11 47
12 59
83 28
82 46
2 27
39 31
58 46
32 34
99 46
8 85
72 29
35 15
22 42
66 90
26 84
51 35
53 96
69 50
69 17
20 2
57 9
80 94
66 13
24 86
47 83
40 89
44 32
47 34
57 15
8 94
91 55
9 26
72 75
55 39
77 40
23 79
58 82
36 2
81 74
64 3
80 67
93 74
6 21
64 52
89 68
30 94
78 82
84 71
84 44
13 49
50 100
47 73
10 8
53 41
58 61
96 41
2 85
56 37
53 84
13 62
77 69
13 88
100 63
59 91
38 85
46 32
49 91
18 65
70 14
78 69
20 10
6 40
82 18
100 10
40 61
38 53
35 27
89 10
15 75
70 40
100 54
28 25
97 26
87 25
64 88
7 39
72 19
9 45
59 81
77 16
10 72
19 96
96 8
68 14
97 100
50 43
17 94
64 32
20 7
72 94
4 31
76 52
36 83
12 60
9 71
44 80
14 60
24 95
72 7
89 7
3 21
34 50
71 89
29 64
90 98
80 82
85 5
64 48
12 49
56 74
24 66
47 100
22 30
87 67
18 69
51 55
89 63
17 41
13 11
10 14
55 58
66 88
43 11
9 35
93 95
64 9
49 36
57 16
90 55
61 4
23 64
82 1
73 39
74 54
82 93
82 10
49 15
15 83
86 75
77 35
85 55
51 11
93 46
28 33
58 3
79 69
43 51
27 36
25 96
60 77
96 62
23 5
25 2
48 59
21 95
31 62
2 60
19 87
3 41
29 14
70 89
41 69
76 65
47 68
34 81
79 48
68 52
27 52
42 99
55 66
96 66
13 34
30 82
42 57
33 74
62 92
94 78
6 77
3 77
48 18
68 7
74 68
59 32
83 90
3 89
6 94
99 62
29 7
73 87
56 64
7 13
31 51
68 72
20 78
97 13
77 31
18 14
21 85
94 59
51 37
49 9
37 38
10 73
42 46
9 42
83 52
25 12
43 82
32 41
75 33
29 47
83 43
82 57
35 60
1 86
81 41
1 16
10 36
92 34
74 71
34 26
38 92
62 70
79 44
94 95
30 100
62 81
80 53
85 28
71 64
30 41
54 18
40 72
57 33
83 71
11 7
57 97
17 85
31 12
24 37
57 19
78 80
6 73
42 15
55 98
68 23
68 36
40 62
100 65
95 69
74 87
44 60
88 2
85 80
53 10
5 73
67 25
6 4
28 88
7 42
56 40
34 22
9 25
82 54
97 25
92 98
69 38
97 19
5 1
13 30
76 14
82 31
36 93
49 93
19 26
28 71
72 54
20 94
89 72
80 43
96 81
80 19
45 3
53 92
14 74
91 82
16 43
48 69
75 26
4 65
10 96
54 77
20 61
20 39
34 16
59 42
91 43
18 6
17 56
66 95
62 12
28 47
12 16
66 45
92 30
41 29
79 75
36 16
47 94
77 51
61 54
69 23
58 32
25 62
1 58
78 25
65 95
44 66
42 86
84 81
60 7
100 14
18 67
83 26
38 47
50 81
75 41
39 94
74 61
23 87
48 9
92 10
94 38
59 34
55 9
45 94
51 66
57 79
99 27
5 10
18 89
27 78
15 82
83 82
85 20
70 56
49 88
10 83
63 77
45 52
26 28
16 9
30 75
32 85
18 94
93 10
71 26
83 86
24 42
47 14
84 22
30 16
31 49
83 51
84 25
45 74
78 43
2 87
68 20
16 63
49 1
65 42
53 17
1 42
81 48
79 61
59 2
55 49
97 75
51 45
84 19
79 68
66 37
34 73
90 77
95 43
63 60
53 88
3 6
37 41
38 56
55 54
58 96
20 83
30 26
51 53
15 98
43 46
25 65
25 85
81 100
3 85
47 90
90 58
9 94
47 37
50 37
67 58
29 39
34 52
61 25
75 10
30 55
88 15
40 69
72 71
1 84
28 15
44 96
15 91
44 37
61 55
4 42
62 85
43 7
28 21
37 7
66 39
28 78
93 17
55 62
76 89
51 72
45 56
93 44
19 88
68 16
89 64
57 36
92 2
41 23
100 27
65 14
35 42
31 36
2 54
29 34
23 60
85 93
80 22
71 19
100 64
77 59
80 16
89 38
10 97
97 83
52 42
19 44
96 17
71 75
36 17
82 27
4 68
75 38
66 70
87 60
84 88
67 31
5 14
65 48
98 12
52 1
99 38
17 60
25 16
28 84
61 44
32 40
96 36
93 72
25 11
48 97
72 97
11 68
92 58
77 76
1 59
42 50
43 1
14 12
67 5
47 13
86 66
11 50
60 13
38 71
97 85
89 16
60 1
67 77
45 8
35 76
58 39
81 60
54 97
93 40
48 49
26 78
13 93
95 87
86 33
74 23
13 65
73 15
84 46
38 96
100 20
20 16
66 43
91 77
19 45
60 10
32 52
33 81
80 30
79 9
89 50
13 27
17 61
6 85
17 43
70 74
87 97
47 89
56 84
79 72
26 18
52 16
16 92
17 40
43 88
52 55
16 42
50 64
50 79
82 28
8 91
73 31
65 7
14 25
76 63
48 1
64 49
35 78
44 98
11 90
44 13
42 94
27 11
2 77
97 89
17 45
98 58
32 33
46 77
20 41
38 8
59 67
58 52
6 39
99 75
15 25
63 72
92 75
21 27
100 19
83 41
8 21
61 42
52 20
67 33
17 21
4 17
17 49
69 62
89 84
37 53
48 62
81 31
59 71
35 96
57 84
31 38
76 26
47 48
53 8
43 24
94 77
61 93
34 90
71 88
73 100
73 48
48 17
5 61
76 11
99 50
78 68
28 55
47 53
40 76
29 10
29 81
63 35
87 83
39 44
82 13
74 26
86 32
31 95
59 44
52 91
6 37
3 61
64 15
17 30
42 12
62 59
90 100
27 66
23 77
12 1
20 11
41 51
82 68
23 38
86 60
60 9
5 19
34 94
69 96
18 33
27 86
44 75
3 72
59 28
10 62
74 30
99 28
62 56
14 42
44 35
44 25
2 32
97 23
23 92
40 48
23 20
15 23
34 49
90 85
2 89
49 32
38 100
92 65
92 15
25 59
73 88
88 39
17 29
28 77
48 29
57 38
28 30
26 47
39 69
77 83
94 85
51 79
2 44
45 58
57 51
8 17
83 94
44 91
15 62
94 69
69 20
65 75
9 41
99 20
27 38
72 56
24 74
1 97
91 89
58 73
11 75
98 77
74 55
95 14
77 21
15 97
33 14
22 89
92 48
60 31
21 57
59 96
90 92
52 67
55 23
96 46
84 62
87 8
30 85
15 60
53 20
29 25
3 79
1 30
85 67
41 25
61 28
59 60
80 8
70 3
74 39
4 73
75 27
34 28
12 52
64 53
22 99
37 64
28 80
43 19
77 72
60 42
77 42
59 45
90 43
59 7
11 48
3 44
61 23
55 70
28 19
33 20
20 31
62 67
9 88
67 63
81 61
80 59
85 51
72 37
63 57
36 14
75 42
91 28
26 15
86 19
97 80
47 6
66 74
80 98
100 99
38 5
49 50
3 27
47 74
61 64
96 43
52 25
74 6
36 69
53 85
42 51
13 72
97 41
21 9
26 20
3 93
78 38
12 92
1 45
18 5
20 47
68 90
42 36
12 65
76 27
41 54
79 42
61 9
15 96
24 83
31 94
81 75
68 1
50 45
45 23
75 63
86 9
31 45
54 69
45 93
15 89
19 83
58 93
74 76
33 25
48 31
16 78
88 93
3 88
7 91
35 47
90 13
11 15
7 46
70 22
75 37
81 55
92 50
81 35
69 9
79 76
39 83
2 91
55 64
43 42
73 9
14 57
96 47
64 17
55 37
17 98
28 63
74 78
57 68
42 92
73 45
77 81
12 29
62 32
93 9
34 88
77 39
70 41
55 48
14 88
60 70
23 51
25 53
30 23
77 13
85 61
7 94
53 18
80 9
3 57
2 78
2 84
60 5
81 39
6 62
40 52
2 56
95 72
73 17
36 66
61 6
96 26
59 55
78 15
25 1
19 15
83 50
68 92
45 91
7 35
12 26
2 50
93 6
65 80
90 48
58 100
89 74
27 7
30 66
7 56
22 72
11 71
71 51
49 67
72 55
10 81
55 87
4 14
60 74
55 19
3 38
42 5
5 77
14 7
95 81
52 71
44 27
19 7
7 41
13 80
75 1
63 37
72 24
83 35
41 88
27 48
29 36
2 48
76 30
19 1
55 94
26 64
70 37
42 45
61 27
81 42
22 24
40 75
55 43
28 95
62 87
79 46
16 13
52 61
32 68
66 9
22 54
82 53
79 54
30 61
44 53
63 84
2 74
34 25
70 4
39 27
32 96
2 67
49 89
29 66
47 63
70 61
38 72
9 74
15 41
5 32
15 50
69 88
39 91
29 83
61 73
52 66
3 32
96 54
64 51
40 64
7 25
19 33
53 99
32 79
8 52
47 5
30 77
40 41
36 21
11 28
37 45
58 85
96 5
7 45
19 46
94 75
12 13
29 60
67 92
36 82
35 2
93 43
46 97
45 85
34 72
25 75
62 93
79 21
49 52
84 49
29 23
93 51
68 75
86 2
66 73
15 29
7 5
4 90
84 29
81 70
87 14
24 9
86 10
38 24
33 76
76 15
69 56
36 86
71 43
16 2
20 79
61 24
18 39
30 45
17 34
20 40
80 68
96 94
2 58
84 87
36 24
8 11
21 20
5 72
2 17
31 44
97 20
3 55
28 93
48 80
70 59
51 2
82 32
60 33
84 74
20 22
32 74
47 62
100 46
88 31
56 33
80 75
18 50
45 24
68 66
31 28
62 16
25 99
53 4
64 94
72 31
44 12
99 76
59 90
23 9
33 38
84 11
82 42
41 87
58 60
18 91
47 46
73 69
46 91
33 100
59 8
64 78
79 62
95 37
59 57
71 77
74 42
90 60
25 18
7 92
75 82
12 10
24 94
15 2
9 44
44 58
74 19
48 54
79 78
48 36
40 98
92 93
79 77
64 84
40 34
70 28
38 10
79 92
73 25
82 96
82 51
100 16
67 70
56 85
23 19
10 63
80 71
43 53
71 48
77 43
33 65
35 48
33 15
2 5
56 61
98 22
17 91
84 20
40 95
17 18
62 21
19 99
83 12
67 72
59 63
41 64
32 12
25 63
96 57
93 35
96 6
81 82
88 75
88 98
14 83
39 30
2 96
17 52
31 42
1 2
8 2
5 83
72 70
38 54
92 63
30 89
30 98
98 68
82 66
20 6
90 76
59 6
22 31
40 73
73 38
1 64
84 79
33 96
19 69
