49 104
43 40
43 28
33 43
14 39
33 14
14 40
9 43
5 14
3 17
14 35
31 14
14 6
43 14
43 24
38 17
14 46
14 36
15 43
22 14
14 9
43 18
5 17
10 14
16 17
14 27
37 43
14 17
44 17
16 43
15 17
14 11
43 48
27 43
40 17
42 17
30 17
14 18
46 17
13 43
20 43
14 15
17 45
3 43
37 17
43 1
39 43
17 1
14 37
14 3
41 17
19 14
24 14
36 43
17 24
14 49
41 14
43 10
43 5
9 17
27 7
14 21
17 7
14 42
29 14
44 43
23 14
17 11
29 43
14 25
26 43
8 43
22 17
27 17
4 17
43 38
42 43
43 47
39 17
17 25
17 20
27 46
43 32
8 17
46 43
45 43
17 12
2 27
20 14
17 10
17 34
17 43
41 43
18 17
43 21
35 43
17 47
43 34
13 17
33 17
43 19
32 17
30 43
34 14
35 17
