50 937
50 37
42 36
47 30
24 28
7 28
27 34
27 18
20 14
41 18
50 28
18 25
2 22
33 10
47 22
20 37
10 4
19 38
26 19
27 15
12 8
50 36
1 30
12 37
36 6
41 8
20 31
13 7
43 5
45 13
22 43
49 18
32 17
46 25
21 17
46 27
20 25
40 31
32 7
11 38
47 5
10 45
44 47
34 50
19 18
16 26
10 19
44 40
33 9
37 19
9 5
46 3
44 46
28 14
26 38
18 22
31 35
27 6
20 46
32 1
11 34
1 45
46 1
40 49
50 1
28 41
45 32
11 13
16 3
7 49
19 46
28 45
12 3
36 26
14 39
6 22
23 24
45 2
48 31
20 4
43 12
50 18
23 11
9 24
24 48
47 43
15 46
31 3
8 17
2 10
2 5
25 37
36 41
31 16
16 20
23 31
7 30
42 12
17 19
14 38
18 9
33 18
18 48
50 31
12 28
13 49
35 8
46 23
23 13
49 14
4 49
25 47
50 39
38 2
37 29
6 4
47 12
23 20
9 8
48 49
34 31
29 6
8 13
27 25
27 33
46 18
50 29
22 37
6 44
13 15
10 42
31 6
45 3
38 21
12 23
1 8
50 4
44 17
36 2
28 38
1 38
5 24
22 33
19 3
27 26
11 30
23 16
14 47
47 40
20 38
31 12
28 2
7 36
41 31
35 10
31 44
38 5
23 5
39 16
9 48
18 17
6 21
17 41
5 25
29 42
30 34
28 20
24 40
47 1
42 6
18 28
4 17
50 27
37 9
41 20
14 11
22 11
9 30
20 9
34 7
17 30
40 23
11 1
5 36
17 24
34 17
26 23
21 32
11 9
37 6
35 49
17 23
29 30
26 25
22 30
3 22
3 50
50 40
7 11
11 12
30 48
31 27
16 14
21 2
7 17
2 33
15 29
50 23
19 48
15 34
14 46
1 3
17 37
23 39
36 29
32 15
10 50
45 19
47 4
24 21
10 8
6 3
4 5
8 21
35 46
33 11
26 43
33 20
20 39
16 40
19 28
24 11
17 49
26 42
1 16
18 45
44 48
30 23
45 36
43 41
3 17
48 1
24 34
5 13
29 34
11 31
36 34
9 4
27 7
1 13
19 42
32 38
49 6
46 29
30 16
37 35
7 46
9 34
49 19
9 2
47 2
6 46
33 31
39 49
6 2
19 34
47 36
36 16
30 28
31 22
33 23
19 5
32 35
33 17
10 22
50 43
12 27
35 33
17 13
12 22
18 12
48 10
25 7
34 26
41 4
9 27
11 17
40 29
26 35
34 39
29 7
2 14
43 35
16 12
44 24
29 19
1 31
49 26
31 24
12 14
22 21
16 10
32 46
29 38
27 2
24 26
3 37
26 14
25 34
37 36
15 42
48 21
49 50
8 7
40 26
11 10
25 8
21 27
6 15
3 26
42 9
44 16
18 44
46 37
7 26
13 24
7 6
10 39
23 41
40 10
37 15
36 32
43 3
41 30
6 25
47 31
35 48
16 45
30 2
7 31
45 49
22 49
47 42
32 40
39 31
48 46
9 47
43 20
8 34
49 11
33 21
22 44
11 28
12 19
22 16
22 39
8 50
41 32
44 20
37 23
37 45
16 43
17 48
15 1
21 1
37 33
44 11
8 47
5 17
11 50
8 19
33 32
33 16
46 22
15 26
3 20
14 18
10 1
47 24
19 20
3 40
46 34
31 17
49 3
24 18
30 32
21 25
16 15
41 46
30 39
40 8
11 36
47 27
23 47
23 18
17 25
16 5
28 26
39 6
28 10
4 1
34 40
41 48
17 22
26 1
50 47
7 50
23 49
37 34
27 19
8 14
1 18
3 8
49 28
6 14
12 33
26 13
34 41
2 15
44 19
6 38
43 33
37 48
41 37
2 41
48 38
12 1
8 36
3 27
14 34
24 22
48 29
20 8
1 2
33 50
13 25
41 9
2 29
27 44
15 18
46 45
41 14
4 43
6 13
9 49
35 22
25 28
19 35
5 32
2 31
43 18
25 43
44 13
18 39
23 42
14 31
45 41
29 35
40 42
7 12
43 15
24 6
33 28
35 11
42 38
47 16
49 33
21 9
1 37
47 33
47 20
45 35
43 28
17 16
16 48
35 28
46 40
20 34
34 44
26 29
42 43
1 7
27 5
47 37
8 42
18 2
43 27
6 19
39 27
21 20
35 13
10 47
12 38
38 35
6 18
1 43
35 41
5 33
6 40
11 48
42 48
44 50
24 39
18 11
13 47
14 15
48 33
9 44
28 23
43 14
43 32
48 50
4 3
26 4
45 22
49 1
28 44
38 9
50 2
48 39
28 3
14 3
18 32
8 27
17 36
48 13
38 13
13 22
22 26
44 2
11 29
40 7
26 10
9 32
33 7
47 35
29 27
16 49
37 14
39 38
32 25
5 50
22 20
13 39
42 2
15 9
2 32
15 30
33 34
13 50
50 35
11 47
4 31
45 30
45 43
23 6
39 44
41 5
50 17
24 43
3 41
45 6
18 21
20 40
38 15
17 40
1 29
6 48
31 37
9 28
14 21
15 22
5 7
32 37
27 36
37 43
31 26
45 24
36 40
34 4
31 10
31 15
29 28
26 47
32 47
19 31
43 39
3 23
15 41
12 21
10 25
50 6
32 27
4 45
23 44
30 12
30 14
32 23
37 28
36 19
41 11
21 49
31 38
5 22
48 26
46 13
13 9
29 24
46 30
44 37
13 19
7 3
10 12
9 45
37 27
5 6
17 10
29 39
1 5
8 15
17 43
43 6
48 27
8 16
28 40
16 24
34 1
20 35
48 2
6 41
7 10
33 45
39 41
30 50
27 49
12 29
24 49
43 11
16 50
49 29
33 1
29 8
43 19
36 30
42 30
29 9
24 2
20 18
9 22
48 15
9 50
47 15
29 45
30 37
27 40
46 49
15 11
30 20
3 21
20 48
9 36
39 11
22 48
6 17
46 42
30 5
9 46
48 14
5 29
35 1
45 44
39 9
36 4
22 32
22 50
38 10
9 40
3 24
4 25
12 46
45 47
39 26
14 23
3 36
27 24
18 3
2 8
17 29
8 45
4 14
17 28
25 2
25 9
2 39
31 25
50 41
11 3
6 8
31 5
46 8
14 33
36 38
38 24
33 15
7 38
37 13
31 45
16 37
25 44
37 8
5 15
13 4
44 5
10 9
11 25
40 15
29 23
9 31
34 43
35 25
7 4
6 30
7 19
21 7
30 31
24 4
7 14
37 2
28 4
42 35
2 40
19 21
23 1
36 43
29 47
11 40
40 25
33 25
44 42
1 9
26 21
50 25
46 47
42 14
14 45
26 37
39 21
19 39
41 19
50 32
47 38
27 16
35 44
12 36
20 50
38 30
36 21
46 2
24 42
42 45
17 39
7 9
5 37
11 27
29 44
25 14
27 20
40 48
36 25
22 29
13 42
20 10
5 11
16 4
38 40
21 13
37 11
46 28
50 19
8 5
11 2
49 41
33 19
12 32
49 34
8 33
49 20
42 32
38 3
10 21
44 4
45 39
14 35
28 31
49 38
36 1
22 7
45 50
3 13
14 44
10 14
32 16
49 12
27 38
25 48
20 42
31 36
8 24
32 26
32 4
1 6
18 30
12 40
4 2
4 39
28 36
5 40
34 16
24 1
43 9
12 50
31 21
4 30
17 38
35 3
22 23
23 9
41 24
25 15
3 33
25 42
3 5
25 1
7 16
50 21
3 2
33 41
10 30
48 34
26 6
16 41
2 49
46 16
25 16
13 12
45 12
5 21
48 12
39 12
18 5
22 19
32 13
42 31
48 3
30 33
13 43
43 40
41 10
12 25
42 1
5 42
35 15
19 1
33 44
42 7
23 36
22 8
42 27
45 15
5 46
34 5
46 21
18 8
35 7
24 37
23 10
14 5
6 11
20 24
30 8
46 36
11 16
22 27
22 40
21 29
33 42
10 5
37 7
36 35
14 40
14 32
20 2
21 15
25 24
6 32
28 1
26 44
44 10
15 44
49 15
38 37
19 32
6 34
30 49
41 1
21 34
42 18
38 23
36 22
31 8
28 21
21 4
34 45
10 46
11 8
3 39
19 11
44 21
50 26
29 4
49 5
18 10
5 20
34 28
47 19
6 28
10 29
27 13
39 42
45 48
7 18
32 24
41 13
36 15
28 32
18 35
33 13
30 26
