50 1155
23 9
1 19
24 8
38 32
6 25
29 28
1 30
17 37
50 17
49 13
10 36
19 7
24 50
37 21
28 8
33 38
21 34
31 50
38 8
11 32
20 41
42 50
40 47
23 39
17 34
42 45
5 20
38 23
5 12
8 11
18 16
4 21
26 11
26 38
2 41
29 4
42 22
23 48
47 43
8 47
18 3
29 22
41 12
10 44
16 12
23 14
22 25
26 2
29 34
33 25
27 17
5 37
3 48
42 8
14 13
43 31
42 1
32 4
49 31
46 15
47 32
9 32
31 35
25 35
45 43
7 5
13 44
36 37
43 50
27 9
5 50
8 29
12 29
24 11
32 46
25 16
48 42
20 30
31 2
30 18
6 46
44 7
4 47
13 10
26 33
44 34
14 36
36 23
25 3
44 20
4 22
13 42
36 41
31 48
26 44
40 38
40 41
31 32
36 27
15 43
41 10
36 24
23 24
29 38
38 9
3 39
43 33
42 28
50 40
34 38
11 14
1 9
3 11
2 22
47 12
7 12
37 11
34 26
49 42
1 2
38 50
5 24
19 39
47 28
21 11
21 24
20 34
6 15
3 38
35 42
31 27
27 10
14 9
49 44
41 30
36 46
26 20
34 37
21 23
17 44
23 34
21 28
43 19
10 14
26 30
15 40
24 22
38 35
45 7
9 18
17 28
11 18
38 4
28 14
25 10
3 35
40 48
4 7
20 1
22 8
49 37
6 1
21 50
45 27
9 4
1 14
19 30
50 1
46 11
19 12
4 30
24 47
40 39
23 18
1 39
16 11
1 33
32 41
6 45
38 21
14 35
35 8
38 15
48 1
9 37
7 46
14 30
43 21
44 8
4 6
30 21
42 16
43 32
28 35
19 11
43 48
7 18
33 32
33 44
22 13
35 48
33 19
35 23
29 43
41 6
13 43
18 39
39 9
19 46
16 6
15 50
13 7
17 47
24 6
47 1
13 21
44 41
32 1
8 30
46 12
31 47
18 4
41 25
25 43
24 20
37 10
21 15
45 31
21 47
26 3
18 49
9 19
33 23
8 18
35 45
48 6
10 20
27 35
18 21
25 20
33 11
19 21
28 32
44 14
46 48
50 46
29 39
16 22
2 17
37 8
11 10
46 34
27 41
3 49
25 19
17 46
1 11
47 19
14 16
50 4
18 38
25 23
41 34
26 41
46 47
37 45
33 12
30 45
26 31
50 23
10 18
37 44
27 8
24 10
10 5
30 29
35 37
33 46
25 13
38 11
22 20
1 45
39 22
12 31
10 21
26 24
8 40
36 11
16 41
34 27
7 21
43 8
30 44
18 31
16 17
40 42
1 38
19 22
11 7
41 47
28 20
7 24
18 34
27 18
35 18
25 15
28 22
9 17
33 5
41 7
39 17
30 33
27 44
45 33
27 30
21 8
8 26
37 22
39 2
17 30
20 21
10 22
24 32
9 31
7 6
24 48
19 42
49 32
34 42
43 12
29 33
46 25
28 6
13 19
22 47
37 19
4 39
46 21
8 25
4 25
10 9
31 21
22 26
14 3
27 11
44 16
28 10
42 14
8 41
20 29
4 42
34 45
40 36
32 34
47 30
40 37
32 35
11 35
14 48
27 25
1 29
33 2
15 19
50 7
43 10
40 20
16 46
46 45
19 45
25 14
26 12
19 44
20 14
2 10
12 14
1 36
22 43
9 20
49 10
33 10
41 15
21 5
50 19
3 6
16 34
14 7
32 29
34 12
34 11
44 12
25 42
50 35
28 1
26 45
38 37
50 41
19 3
43 2
12 32
3 21
28 43
2 20
43 37
19 35
31 28
32 44
39 48
18 17
46 42
11 4
50 22
15 14
11 25
36 3
2 47
27 39
38 30
32 19
11 9
28 15
17 21
38 24
32 17
9 41
4 12
30 34
3 22
29 37
48 49
7 36
3 45
1 10
43 23
8 17
9 28
39 31
25 7
40 3
47 34
17 24
15 3
36 12
32 48
12 35
1 37
45 15
18 26
15 4
3 5
39 20
10 8
45 9
12 25
38 41
47 49
13 41
8 31
7 29
8 4
9 34
43 46
25 2
25 39
9 8
32 13
5 39
40 12
31 3
5 34
47 35
45 21
3 46
15 26
37 42
48 13
27 33
49 16
37 24
18 28
33 24
4 23
7 47
28 46
44 11
24 14
31 29
9 35
5 1
36 6
7 20
44 50
14 50
36 39
13 37
6 31
23 32
1 44
6 42
13 8
21 41
42 11
44 38
30 3
39 26
37 4
6 19
31 23
41 14
42 7
25 29
6 43
3 27
9 6
29 13
12 11
34 1
17 20
33 7
10 32
2 19
38 47
39 47
47 13
36 49
11 13
6 12
29 19
22 41
15 11
36 48
31 41
45 24
16 4
14 17
47 42
16 15
9 42
39 7
33 34
46 9
14 22
28 16
10 50
44 22
8 16
44 46
25 38
26 27
49 33
44 15
27 28
26 28
24 13
8 6
16 10
36 26
5 25
15 2
28 45
33 15
35 20
20 32
23 20
13 34
1 41
4 26
25 37
38 39
40 11
45 18
20 38
46 38
7 38
35 46
17 10
26 21
37 14
21 32
5 14
6 39
3 42
25 31
30 35
7 22
28 5
41 39
45 11
33 42
40 1
24 31
36 15
9 50
47 5
21 36
17 35
18 32
42 23
31 33
30 37
43 11
32 45
24 34
36 43
25 49
32 2
36 8
25 36
13 12
18 6
49 23
33 37
48 34
2 49
10 48
49 20
28 37
26 17
24 3
19 48
43 20
6 34
33 13
37 50
2 46
37 32
15 12
5 40
6 44
29 17
49 14
22 46
38 6
16 38
47 20
44 45
42 17
15 9
43 14
45 13
2 34
48 18
13 28
11 28
35 43
26 13
3 32
10 35
17 31
40 17
7 15
37 18
10 7
14 46
27 20
16 19
15 32
47 25
43 9
43 17
12 21
3 37
11 30
32 36
50 27
12 48
8 3
44 23
4 28
17 15
20 6
47 29
10 40
46 13
27 14
20 37
6 47
9 30
6 37
34 25
12 1
32 6
5 18
43 30
29 40
39 33
42 44
23 22
12 42
19 36
26 6
5 13
18 24
30 24
43 38
1 46
41 42
46 5
42 32
5 35
48 4
48 25
5 49
28 41
32 50
45 12
22 35
7 37
29 18
5 43
3 9
20 19
39 28
12 8
4 19
40 16
21 25
37 48
31 42
7 28
13 18
41 29
35 24
36 9
5 2
18 1
15 20
19 38
9 25
23 12
43 16
13 17
21 2
31 22
40 33
17 45
17 41
11 47
23 41
36 16
47 3
39 14
3 12
13 31
44 40
12 2
4 34
50 34
42 20
1 15
18 41
20 12
6 49
43 42
45 36
40 18
40 46
46 49
16 21
20 45
38 10
38 27
9 22
38 42
9 49
16 24
48 44
7 3
24 29
1 13
21 9
2 6
20 3
19 34
31 1
28 12
35 41
31 36
39 12
39 30
10 26
39 44
1 7
36 28
13 27
25 28
4 44
50 30
2 24
10 47
31 20
44 5
12 38
49 39
47 45
11 2
29 46
6 21
21 40
48 16
35 26
2 36
4 2
19 14
23 8
36 20
14 2
7 32
47 37
50 25
33 17
22 21
38 2
48 5
33 47
14 29
31 46
46 30
10 3
37 31
15 10
18 33
24 40
19 49
31 38
13 38
41 4
27 43
50 39
16 26
8 50
22 18
48 22
45 25
18 15
43 39
3 1
23 46
37 39
42 24
36 17
16 2
37 27
17 25
1 22
34 14
11 23
2 7
8 19
42 30
43 3
13 30
37 23
32 8
30 15
8 46
27 21
21 44
26 50
22 36
2 18
35 36
40 49
21 1
39 13
49 17
6 50
31 16
50 36
18 47
4 1
39 46
12 18
39 35
29 48
3 16
27 6
19 18
49 28
30 7
24 1
10 12
23 17
44 2
49 29
15 39
45 40
15 48
2 9
12 50
1 35
9 44
27 46
5 38
29 27
31 7
6 29
14 40
39 10
19 10
49 38
21 42
35 29
4 24
35 4
32 39
35 44
30 16
45 4
19 28
13 6
48 11
50 16
9 13
39 34
38 22
21 49
15 24
32 26
9 40
8 5
15 34
38 48
33 8
21 14
16 33
37 16
50 13
12 9
15 23
7 26
36 47
14 47
37 41
13 40
34 31
26 43
40 6
43 18
39 42
23 45
47 9
18 20
2 35
5 19
27 24
49 8
11 49
50 28
39 16
49 27
26 40
20 13
23 40
33 20
8 2
38 14
49 7
50 20
46 41
28 33
29 42
7 35
11 5
39 11
33 6
21 35
1 49
40 43
34 43
10 31
6 11
10 42
11 50
5 22
7 43
5 29
23 5
5 27
2 50
27 23
22 17
48 26
1 23
45 39
26 1
30 40
47 23
45 22
26 25
50 45
29 15
38 36
2 29
4 27
12 17
3 41
40 31
13 2
48 45
1 43
47 16
37 46
5 36
23 13
29 11
22 49
32 27
31 4
5 4
26 19
48 21
35 16
19 40
30 5
28 30
26 46
15 49
34 36
26 23
28 34
20 16
23 19
32 25
14 6
12 24
19 24
1 16
10 46
6 30
4 40
46 20
23 28
34 8
43 44
24 49
27 48
5 31
17 38
47 15
28 38
8 14
10 30
22 15
49 26
16 45
15 31
7 23
25 44
7 8
24 9
41 49
25 18
37 26
26 9
15 8
3 2
27 7
4 3
40 35
3 33
8 20
16 13
15 35
30 36
11 31
24 39
49 4
1 25
29 3
35 34
12 30
28 3
9 16
50 18
15 5
49 30
48 28
13 3
30 23
13 4
9 48
47 27
44 24
29 21
48 50
5 42
26 47
9 7
30 32
41 45
33 50
11 17
9 33
39 21
48 30
16 5
1 17
42 18
4 33
44 31
44 29
40 7
6 23
17 19
27 12
24 41
7 16
48 8
48 17
23 10
17 3
5 17
42 26
49 35
2 28
7 34
7 48
34 49
4 14
32 40
28 44
9 29
39 8
32 5
50 29
42 27
8 1
47 48
18 44
45 5
41 19
6 22
19 31
36 18
34 40
14 31
33 36
9 5
43 24
33 21
17 6
36 42
46 4
44 3
40 27
11 41
48 33
2 27
1 27
16 27
40 2
49 45
43 4
22 33
30 25
