100 3724
54 61
88 66
44 41
38 71
3 88
58 75
84 21
44 65
51 11
35 37
7 65
4 76
64 50
58 90
95 67
51 55
58 74
39 27
96 71
51 61
87 27
91 23
74 54
58 23
94 36
52 29
53 13
95 6
36 66
94 11
35 14
69 72
100 25
100 48
52 18
25 14
78 20
100 55
63 52
39 47
79 61
95 85
78 90
47 37
56 69
83 61
32 15
46 17
30 10
59 24
70 33
30 72
11 92
22 47
8 21
17 68
73 27
93 84
3 28
45 37
28 100
36 14
59 72
22 48
65 66
26 40
24 72
32 30
26 88
75 99
55 70
54 12
86 63
56 90
44 54
13 11
76 29
48 9
24 41
55 14
49 44
91 44
40 77
33 1
5 81
18 41
31 15
48 23
9 45
92 41
69 33
53 72
7 59
93 99
61 18
85 14
90 42
42 65
9 98
49 72
23 19
93 20
69 90
67 39
13 78
73 76
57 55
75 39
62 15
90 36
94 83
80 19
48 34
42 59
85 94
95 41
22 63
44 5
32 75
90 13
60 23
1 48
45 1
37 88
66 48
69 4
47 25
50 86
71 40
77 57
19 12
41 22
99 27
55 28
91 43
89 88
9 69
36 58
50 51
67 100
100 98
24 17
66 56
2 98
79 10
29 16
20 82
63 76
30 60
53 44
47 70
31 17
39 81
19 29
58 42
65 52
81 75
37 75
49 12
15 80
30 88
92 47
61 73
21 83
2 83
96 76
69 22
52 98
32 57
66 82
59 18
25 67
27 33
30 43
30 52
99 29
92 1
64 75
63 29
96 63
39 5
35 20
74 86
4 21
36 25
25 19
77 80
29 67
52 48
53 47
49 18
59 48
22 35
66 42
18 9
12 57
21 28
88 25
19 46
34 57
93 80
14 38
73 53
60 12
7 64
40 51
47 34
33 73
25 16
34 45
37 60
64 42
62 100
11 22
25 86
54 19
48 72
72 78
34 39
9 63
20 76
65 20
41 35
93 95
28 34
3 56
32 35
73 79
11 12
95 96
72 35
72 33
27 19
69 74
84 18
56 75
6 39
92 19
93 31
61 55
77 93
100 99
5 25
93 71
7 71
31 57
57 70
24 12
6 53
7 36
14 82
66 99
63 83
86 5
38 65
25 4
14 99
8 36
63 2
82 9
83 44
52 47
2 56
15 20
80 20
85 91
14 65
87 56
29 95
8 28
87 66
94 5
12 51
93 91
95 37
25 11
99 86
58 47
76 2
25 92
12 92
32 86
70 38
50 77
61 82
24 63
96 14
42 48
65 28
40 43
56 20
94 74
84 8
41 65
84 65
92 24
70 15
20 60
43 86
15 74
6 5
55 10
14 52
63 54
27 25
93 35
5 58
95 76
13 31
31 9
42 27
50 100
99 68
45 64
65 61
82 100
69 98
7 45
80 6
36 65
85 45
96 74
86 34
71 82
37 8
53 90
8 41
12 3
77 51
13 25
68 51
67 76
97 65
13 43
39 54
93 51
11 10
71 11
51 16
67 14
31 86
30 18
2 67
93 46
65 10
92 90
47 1
8 73
73 40
91 95
70 12
70 56
4 92
89 62
100 33
25 96
69 79
72 76
12 10
29 82
81 3
84 23
19 51
53 42
81 60
81 46
76 71
6 43
12 8
64 72
29 35
46 84
30 11
33 5
50 57
52 19
60 90
39 63
59 84
2 55
86 57
98 76
26 20
54 62
45 8
25 15
39 28
47 21
41 70
97 34
40 36
64 58
82 90
26 48
10 7
49 30
38 20
79 77
84 68
19 57
81 45
53 95
49 16
40 87
21 70
54 51
27 14
41 7
17 93
57 14
4 29
14 20
90 70
41 38
92 65
62 98
96 47
10 86
52 22
72 4
94 45
2 81
74 55
23 62
27 37
65 99
93 79
12 65
21 41
53 20
75 45
41 19
30 66
100 11
70 80
4 63
50 73
74 46
100 2
17 86
85 35
10 49
88 51
91 29
39 59
55 15
99 82
98 18
45 48
58 13
86 22
45 86
34 51
7 82
88 28
16 84
54 71
95 28
8 15
50 21
83 36
46 53
74 20
6 1
8 39
53 35
5 73
3 48
70 75
88 36
50 61
5 20
4 96
6 91
92 39
3 69
89 98
94 47
39 14
9 53
1 42
4 89
68 95
69 8
4 84
60 84
21 24
68 41
58 96
1 39
20 83
69 20
43 39
71 91
23 15
5 12
37 64
93 82
24 30
82 74
78 65
56 7
95 80
76 17
77 52
91 9
16 97
24 25
91 77
97 61
65 46
84 89
78 2
37 87
100 78
7 62
61 14
76 11
9 38
62 59
58 19
84 78
67 99
35 66
7 77
22 12
61 67
71 27
11 8
11 39
74 49
90 52
49 3
85 76
10 5
8 31
9 65
60 14
62 26
29 71
82 5
89 11
19 22
19 6
8 76
45 19
22 15
2 75
1 11
36 23
48 38
38 58
97 98
31 79
44 28
45 39
19 32
11 23
49 79
42 23
77 63
49 81
80 90
26 55
32 5
37 2
56 86
51 15
39 89
56 64
36 80
29 18
57 67
83 26
82 1
87 12
40 12
74 68
15 1
75 74
4 46
21 46
19 76
85 38
16 48
99 69
7 22
10 13
31 21
24 26
65 1
28 78
17 8
54 40
51 41
7 69
100 21
11 59
47 42
56 27
30 20
67 19
80 52
48 97
25 28
78 63
73 67
46 70
9 99
13 45
100 58
33 98
46 92
51 1
97 53
52 85
86 80
87 59
27 85
65 60
36 44
96 13
100 27
66 7
30 9
75 72
70 4
31 34
69 73
90 89
92 67
54 37
93 66
34 81
96 17
93 52
92 33
92 45
95 58
36 64
71 51
61 16
51 20
26 32
48 44
1 3
83 16
88 33
57 23
27 57
1 46
78 97
57 20
26 9
39 18
48 51
42 78
83 97
68 31
94 56
83 73
23 65
65 68
82 15
27 90
15 29
20 28
22 34
22 53
19 87
78 87
75 53
42 11
58 59
78 75
100 57
57 72
45 78
7 42
77 74
40 44
62 3
3 20
5 35
5 14
83 45
1 57
79 20
55 75
22 84
22 28
12 73
40 84
37 43
20 88
64 32
28 99
75 19
20 64
75 61
60 45
9 95
62 82
31 97
26 60
64 5
2 42
1 69
26 43
14 23
18 76
3 32
57 22
25 45
63 93
80 72
47 54
47 69
3 42
66 78
91 22
20 34
83 75
13 72
85 62
65 18
88 76
73 100
48 55
77 88
22 6
78 56
14 92
50 71
45 99
9 33
88 8
32 54
30 61
68 55
49 9
66 94
40 34
82 26
39 36
97 10
12 100
80 62
13 79
2 70
80 21
100 39
78 52
78 73
19 26
94 15
81 31
43 84
28 94
41 12
93 49
95 4
39 35
43 90
61 37
46 82
42 100
6 83
68 23
57 63
85 65
32 28
78 33
75 13
32 34
88 11
78 53
79 71
21 48
48 94
82 54
35 45
68 96
39 13
82 65
4 71
17 33
77 89
73 80
35 97
19 65
84 9
92 93
93 70
26 36
94 38
24 99
59 27
3 24
30 95
81 78
56 54
85 92
79 54
2 74
92 79
61 45
52 38
14 62
93 78
46 11
78 17
80 44
46 79
7 96
39 44
87 26
14 24
61 23
17 52
78 19
83 10
47 59
51 96
26 65
70 25
40 5
35 92
10 57
98 37
34 79
41 27
26 47
64 69
56 82
35 26
5 63
25 64
4 97
27 29
74 23
29 31
89 93
2 58
23 33
65 73
44 88
80 91
16 53
99 96
16 76
35 91
55 64
95 100
13 86
6 21
18 51
46 14
14 58
71 17
66 71
20 16
33 7
82 75
51 84
87 18
53 65
85 100
87 30
4 37
28 79
31 70
80 30
63 72
6 27
39 30
86 85
7 89
91 3
3 7
71 22
60 68
96 80
10 39
40 83
12 17
44 86
31 76
66 26
57 79
26 76
45 47
71 21
4 39
26 15
31 16
32 27
85 72
22 98
73 81
30 23
84 62
29 50
55 34
65 39
76 22
4 1
41 20
54 48
43 7
79 67
71 47
81 27
96 22
60 71
31 77
3 67
39 95
86 97
19 11
18 35
71 78
34 17
37 52
11 36
98 51
30 36
21 61
81 33
14 18
46 91
42 41
32 37
43 52
45 63
12 61
1 35
100 1
5 2
92 66
82 85
68 83
73 75
39 78
19 70
96 88
27 65
16 4
81 84
24 37
62 55
54 13
61 26
62 27
75 12
72 56
90 10
19 69
4 90
26 4
5 46
39 60
97 66
49 40
25 3
54 93
81 100
58 26
55 96
98 11
16 12
59 28
53 60
41 90
74 6
44 45
64 54
42 33
69 61
95 17
69 2
84 83
13 9
70 13
9 68
59 23
8 74
11 62
99 46
68 7
45 41
2 15
48 18
57 82
94 96
47 27
25 97
59 68
91 25
28 31
73 86
56 67
77 44
7 98
87 55
56 68
89 44
97 40
9 77
80 83
72 54
64 29
67 80
5 76
31 11
40 41
49 28
76 40
21 22
88 45
41 11
79 23
38 19
22 31
33 56
29 81
2 31
45 55
32 50
31 78
38 25
32 12
52 50
41 82
80 53
7 32
43 28
87 46
14 41
34 36
9 52
80 31
27 9
85 54
94 35
35 52
36 16
57 7
43 75
89 14
56 55
49 37
69 87
55 49
34 6
44 30
45 21
6 94
100 64
15 89
79 22
43 32
6 66
44 51
93 21
13 19
8 50
52 27
12 42
68 57
86 94
63 60
68 64
69 57
84 20
11 45
85 56
44 7
21 5
23 26
88 41
24 68
55 5
17 49
38 34
37 77
97 51
33 52
49 75
38 61
90 98
45 96
51 62
26 73
9 5
74 42
74 25
15 71
45 54
56 74
81 93
20 91
18 70
39 93
64 87
24 74
2 59
19 53
64 40
84 45
78 79
29 98
96 54
83 58
41 72
99 49
84 95
47 79
4 66
88 5
59 95
18 15
14 79
86 29
8 22
21 36
37 70
61 1
84 25
30 73
17 6
96 64
89 54
91 65
79 3
29 97
79 99
41 61
10 73
50 30
51 60
50 14
51 64
96 38
50 91
33 51
43 73
30 90
36 92
15 17
8 89
57 37
74 60
25 2
36 54
87 95
38 44
43 36
53 85
91 14
67 35
35 28
89 29
68 12
86 35
96 18
53 67
57 26
66 37
57 96
22 33
1 76
65 6
45 56
83 55
77 73
78 22
49 78
43 50
92 83
6 76
1 9
58 78
63 3
70 53
94 7
37 63
16 7
86 20
58 77
78 15
83 47
1 43
79 50
29 44
94 22
37 91
53 99
42 88
78 60
28 89
15 11
89 51
96 53
100 51
4 24
52 67
34 27
59 34
70 10
64 16
20 32
99 19
80 63
4 94
86 61
32 18
89 53
46 9
19 39
34 85
35 61
43 85
70 68
73 66
89 16
35 31
13 61
41 15
89 6
74 98
75 77
97 32
97 7
85 68
94 3
18 47
50 92
20 43
22 32
65 51
34 44
6 77
82 83
95 75
54 28
98 63
41 47
44 96
92 75
58 11
100 45
79 25
89 73
13 21
78 77
60 80
13 98
80 22
27 36
99 80
68 93
34 61
86 58
91 40
39 74
45 5
8 38
76 27
66 10
43 38
14 34
67 28
59 83
99 78
37 7
5 74
53 25
72 42
81 83
60 21
26 56
29 33
9 60
56 11
32 99
23 28
45 62
68 34
47 89
10 27
9 14
43 98
11 4
83 88
51 59
90 57
56 18
68 50
66 16
75 14
89 41
25 32
44 97
46 63
28 53
50 45
15 24
28 90
99 37
72 37
8 26
75 60
86 84
59 99
46 34
23 43
31 20
32 56
61 31
54 38
16 43
30 59
49 5
35 36
1 29
45 15
31 63
92 69
56 58
71 20
98 5
4 41
85 89
16 82
54 27
28 92
34 78
35 15
30 91
35 27
39 94
81 7
20 55
37 5
25 22
63 10
57 58
91 19
99 92
20 21
41 62
67 75
3 5
77 47
21 89
12 91
90 12
6 63
100 70
48 95
16 71
24 73
65 8
36 84
34 88
21 14
26 50
77 92
61 49
21 1
45 51
29 62
13 69
76 49
58 10
8 96
41 97
63 56
90 31
11 82
91 49
14 77
89 79
36 33
48 24
28 5
8 87
56 50
33 99
67 74
14 94
92 7
13 52
95 79
22 50
64 82
36 82
15 3
18 46
65 71
50 75
6 71
27 24
56 100
91 57
97 3
48 64
14 66
21 76
16 80
14 84
14 8
6 36
87 38
52 46
72 11
28 85
76 62
46 42
68 19
32 96
46 37
39 25
60 77
83 76
65 15
11 64
57 17
98 73
65 74
48 90
62 42
20 12
14 95
54 75
12 45
33 65
21 81
50 72
28 93
74 10
58 93
14 98
63 30
18 17
12 9
71 62
24 13
3 41
49 6
99 47
30 85
51 9
45 22
54 73
81 99
72 19
63 47
75 3
21 82
64 47
89 35
95 45
75 30
95 11
92 31
56 35
47 55
55 7
39 17
94 67
90 38
78 89
16 50
75 6
35 12
62 92
13 51
55 67
62 53
16 15
10 41
25 30
51 39
39 24
37 81
42 15
46 15
32 100
13 80
74 50
75 9
6 47
41 46
56 96
91 55
50 28
5 89
69 34
62 30
71 95
85 81
14 76
26 91
92 40
4 98
82 52
88 94
27 89
72 5
14 78
22 66
33 13
92 82
40 35
78 61
8 32
94 73
49 29
21 88
94 71
20 98
40 98
70 40
17 63
53 40
37 86
46 68
92 2
98 26
43 21
86 40
6 73
17 88
9 4
28 80
4 10
7 15
87 99
60 72
84 85
36 4
90 16
37 55
60 98
97 85
47 91
69 39
57 38
71 35
82 59
74 30
13 49
68 6
13 8
13 77
95 86
82 17
10 71
76 75
85 64
70 48
49 11
99 84
56 15
16 30
21 33
51 17
23 24
52 86
94 77
45 73
75 28
100 43
63 55
22 54
28 17
34 58
37 82
45 53
60 92
60 43
14 37
93 42
74 59
79 53
98 70
24 19
9 21
49 94
44 37
49 97
82 80
43 89
31 38
62 79
50 15
69 53
68 87
53 50
25 7
14 80
83 69
17 35
53 68
54 15
24 100
49 56
15 33
34 96
87 3
23 16
90 87
38 7
32 31
13 100
79 19
99 21
70 3
46 58
48 5
83 39
92 84
91 45
16 34
100 14
68 16
61 63
75 88
41 96
52 31
77 68
62 74
58 76
5 42
86 88
70 43
73 13
12 99
27 98
16 32
85 70
7 49
88 24
27 91
19 14
15 61
84 10
32 2
45 4
29 23
12 48
4 56
31 100
48 31
36 78
9 86
92 27
99 23
73 91
26 25
75 62
62 95
46 6
59 21
51 14
27 17
97 100
10 96
11 18
75 38
88 84
3 18
91 66
18 83
16 79
1 60
22 10
15 77
72 31
46 75
80 49
9 80
50 65
76 25
56 28
81 95
27 31
45 29
75 96
98 59
99 30
76 94
33 40
42 89
72 91
59 73
52 59
38 28
55 92
37 11
4 82
57 45
7 70
89 13
97 2
8 61
39 46
93 100
76 90
62 1
87 60
30 97
61 59
35 58
69 50
48 46
86 89
87 14
11 70
94 64
95 46
58 3
55 88
70 81
98 88
23 86
94 84
57 44
8 9
79 26
82 28
1 87
54 88
8 75
80 39
83 7
42 32
52 73
61 91
23 92
26 1
79 15
58 54
51 24
5 59
57 29
67 62
76 57
6 16
55 27
36 57
25 23
23 98
43 51
51 85
49 33
6 12
49 69
87 53
88 23
79 7
89 24
96 15
59 60
52 57
32 87
99 70
64 46
87 47
82 31
94 93
3 100
38 69
99 43
100 72
52 56
12 13
62 5
28 97
11 5
22 30
22 73
95 88
64 52
32 23
13 1
47 72
3 60
95 8
84 50
19 18
56 47
72 3
96 66
26 80
96 1
73 92
65 80
95 20
42 40
71 90
11 74
43 59
1 98
100 69
44 1
33 89
55 11
49 42
61 39
57 94
68 39
27 40
36 38
36 62
48 2
4 30
96 100
33 95
11 75
28 30
74 73
26 94
83 87
9 20
12 88
8 100
93 12
37 93
3 26
58 48
81 28
12 85
40 99
81 59
90 62
38 79
29 77
83 77
90 40
37 73
56 36
33 45
10 25
37 13
19 74
34 18
6 24
2 91
22 65
76 60
65 62
2 47
61 66
85 31
44 76
33 38
62 44
53 39
87 39
100 41
44 87
10 77
2 86
35 88
25 12
41 71
67 40
17 44
87 11
10 92
74 97
86 72
98 48
49 98
19 43
38 50
59 22
10 78
87 74
70 64
41 66
23 78
87 43
18 8
17 80
56 6
68 81
64 73
2 64
22 16
73 57
10 38
63 28
44 42
35 16
90 7
26 81
54 97
86 66
76 56
56 84
97 20
26 63
90 64
65 75
89 57
11 14
73 28
84 35
34 41
75 86
69 26
52 51
12 64
18 54
86 6
77 20
69 76
17 43
45 70
97 62
2 10
44 9
87 49
29 12
21 64
26 89
2 68
89 83
43 45
69 37
70 36
83 91
79 60
20 45
40 96
13 84
43 42
52 40
19 83
29 100
59 19
96 78
32 10
50 6
52 20
4 34
86 14
22 40
1 71
34 91
78 64
72 70
67 12
71 25
2 27
95 35
71 34
77 36
50 97
34 90
44 4
31 58
40 89
76 23
66 52
94 20
30 84
35 70
3 77
16 63
24 52
91 62
65 69
1 74
96 11
76 32
56 61
23 17
13 5
84 82
39 15
11 26
2 50
17 54
14 42
37 50
50 93
66 13
31 84
1 22
43 53
71 70
100 10
26 6
1 2
84 47
76 9
64 91
72 79
82 51
24 97
88 99
82 58
70 52
16 5
3 44
45 76
54 92
26 64
51 75
86 100
41 37
51 23
56 8
76 43
36 46
70 73
21 75
76 65
54 16
21 23
55 99
67 77
18 38
99 94
49 39
29 75
49 64
81 13
17 60
42 82
1 16
16 46
75 59
3 37
96 69
46 66
1 8
22 55
5 92
49 41
56 1
15 63
36 17
78 70
99 42
21 53
85 4
40 9
60 25
23 2
78 26
1 5
74 89
68 69
88 59
85 75
33 86
33 64
16 40
85 9
42 63
78 30
65 5
75 100
32 45
46 49
24 80
33 11
16 94
96 85
47 68
97 1
12 78
83 71
7 76
44 61
46 30
22 51
94 95
4 33
10 76
31 43
2 66
58 32
6 13
80 33
10 14
42 30
76 12
99 31
50 59
10 60
35 76
100 90
78 83
19 10
10 98
10 40
98 82
1 32
35 46
46 89
30 7
4 99
93 25
52 62
15 9
23 95
19 63
76 24
33 43
9 81
25 34
44 66
66 84
16 59
57 25
68 30
81 65
43 24
11 50
21 72
11 67
62 96
6 37
37 96
58 67
58 84
62 56
93 9
92 42
97 79
68 22
11 44
100 61
83 100
92 78
49 25
75 48
92 44
42 54
65 98
13 34
29 47
85 40
64 89
53 41
87 34
18 5
27 26
60 36
7 51
80 37
89 91
50 31
42 31
28 96
26 14
38 26
67 93
72 23
96 81
15 93
67 1
57 41
84 44
67 50
52 1
88 71
78 85
81 87
99 76
60 40
25 18
53 100
75 98
55 35
23 50
84 71
69 84
76 70
51 70
97 46
30 3
4 54
67 9
63 69
43 41
90 74
44 59
59 97
31 60
50 80
50 41
5 78
30 17
64 86
62 60
82 79
61 10
100 18
32 51
67 66
33 76
23 52
90 19
68 66
59 20
9 56
78 55
68 45
27 18
64 28
20 46
63 21
44 43
96 67
18 68
26 17
96 52
11 99
36 3
49 82
61 53
16 21
42 17
20 92
79 33
76 47
14 40
96 90
54 67
82 53
69 14
50 9
79 65
33 18
12 2
78 38
33 28
97 77
30 37
97 27
17 84
81 4
94 29
58 33
43 48
85 55
3 57
17 32
7 21
48 53
81 71
8 52
61 24
24 7
86 1
21 18
49 26
22 74
91 48
42 69
5 27
93 4
17 1
9 61
68 26
48 4
31 6
67 91
58 45
67 78
92 48
38 12
30 92
42 71
10 48
20 23
54 3
46 32
83 86
87 75
28 16
93 34
37 59
17 9
37 51
89 100
8 64
35 49
62 25
21 66
38 16
55 41
8 27
73 60
76 46
77 64
14 33
82 3
7 19
30 38
91 98
8 20
86 28
67 51
89 72
14 31
65 96
50 5
14 90
55 90
90 11
75 16
93 41
41 77
81 67
4 100
71 72
40 17
54 76
56 25
79 86
10 15
85 1
30 93
4 53
49 8
10 46
72 16
62 13
18 69
90 94
20 36
73 71
52 12
62 87
53 83
71 12
58 12
90 88
49 43
7 1
26 2
18 66
3 98
95 3
64 27
69 27
77 82
48 36
13 67
66 85
60 64
58 52
73 72
38 100
32 4
89 1
67 20
79 17
61 4
21 49
34 52
3 23
9 47
18 94
19 73
47 61
62 69
15 13
28 69
25 17
43 11
23 49
44 25
57 84
4 35
65 25
26 93
9 100
86 16
82 27
16 96
54 41
35 13
42 55
87 10
70 22
99 6
24 81
20 62
70 30
54 21
98 87
85 37
28 1
26 85
36 68
49 50
8 23
94 54
56 22
46 27
86 24
28 57
79 40
90 33
22 89
48 87
33 57
15 57
12 97
62 33
45 67
85 93
12 46
6 78
43 58
70 26
100 44
48 81
81 8
96 39
19 3
25 66
48 76
53 8
44 21
74 26
2 20
82 44
38 76
19 33
31 45
83 95
82 69
1 14
63 71
98 57
72 36
90 54
2 65
72 8
73 15
46 45
65 16
33 20
47 97
36 37
24 55
10 93
23 56
72 12
33 91
9 23
51 63
31 18
61 29
97 22
95 7
66 70
8 48
52 60
23 81
9 36
33 53
41 85
36 18
79 51
58 69
88 62
13 87
62 12
5 24
3 55
57 61
85 22
79 36
90 72
39 57
96 6
99 50
2 13
1 50
66 98
76 52
11 28
15 72
53 98
22 93
53 18
1 40
95 52
28 4
11 79
7 88
95 51
71 45
10 99
85 16
48 39
11 38
97 95
76 86
53 17
43 95
89 49
76 13
85 80
92 22
51 29
33 60
86 77
3 14
98 36
4 18
4 6
56 89
99 77
24 58
50 76
33 26
57 60
30 45
49 71
7 93
80 58
64 66
76 51
71 100
67 70
70 77
81 91
76 55
88 60
55 19
46 3
65 40
52 61
4 42
92 96
99 52
65 30
97 84
72 46
90 73
82 38
65 59
48 73
2 41
12 14
53 77
7 40
99 13
31 1
16 41
57 18
13 41
15 49
83 9
38 92
63 50
86 12
17 50
20 17
73 63
5 34
37 84
19 9
53 5
32 74
77 30
42 57
65 3
84 19
12 33
62 8
92 100
53 92
100 80
56 79
22 77
32 24
75 94
45 38
75 7
74 99
17 41
52 36
47 23
85 48
35 44
87 85
10 20
2 34
94 8
3 73
95 40
62 66
67 24
20 11
67 36
98 34
44 31
51 31
47 32
20 47
20 81
91 11
95 50
41 59
61 87
7 47
56 34
24 31
29 84
7 85
75 34
90 67
66 49
71 80
2 3
93 24
34 50
36 63
26 37
63 32
95 12
59 66
41 84
97 43
19 16
31 59
6 7
39 99
77 65
48 29
78 25
94 51
22 18
45 59
21 29
58 68
90 68
34 82
48 25
9 94
16 78
66 54
58 73
99 58
97 70
24 96
89 32
59 29
93 36
21 19
77 81
37 33
67 59
67 17
5 85
51 8
4 17
55 53
16 39
82 70
88 4
2 4
86 41
1 59
8 91
44 63
9 43
60 95
11 24
99 8
44 26
86 15
18 97
70 54
87 24
72 66
70 83
65 56
14 15
91 52
27 23
8 55
2 53
88 68
79 87
93 8
44 14
24 44
42 73
55 89
79 27
44 2
97 68
10 54
19 35
47 85
19 86
98 71
22 4
16 93
83 23
81 19
27 53
60 91
36 95
6 23
72 40
85 23
76 37
11 48
66 80
61 42
40 66
29 11
68 54
68 49
67 30
34 65
75 20
76 53
65 86
39 55
20 6
68 28
82 96
71 8
60 61
34 54
74 61
45 17
29 17
63 81
49 62
6 55
41 29
17 7
21 55
55 50
72 95
84 61
33 84
28 13
64 19
68 35
69 52
93 5
94 43
2 89
58 44
15 34
27 45
29 72
86 49
74 76
60 7
11 57
44 22
54 5
74 48
16 2
86 60
58 89
89 30
11 81
13 38
96 50
82 24
71 74
90 79
59 56
82 35
72 94
81 90
46 88
91 88
55 43
57 16
67 64
79 4
66 11
32 53
47 75
5 17
60 6
5 52
31 39
46 8
50 58
70 6
25 31
42 81
56 37
95 54
100 76
52 41
33 44
48 96
28 19
100 46
11 47
22 82
99 48
66 69
97 73
85 15
42 24
60 32
55 4
38 40
79 24
32 14
33 74
70 84
13 68
43 93
77 38
6 87
89 65
69 88
51 30
75 15
89 10
25 37
97 17
21 15
60 58
17 74
36 61
94 89
27 44
62 31
45 3
29 88
81 32
18 72
42 18
89 25
83 62
66 29
85 44
48 28
42 22
10 34
59 25
44 50
94 91
24 35
96 33
87 36
32 69
34 77
37 22
40 59
2 90
74 41
92 16
19 61
59 49
59 94
2 35
29 56
48 77
28 9
13 47
2 24
34 92
52 11
94 92
64 44
15 67
46 33
63 18
62 94
71 85
99 44
82 55
98 85
75 18
46 60
57 62
99 22
21 56
17 56
65 4
66 3
85 88
84 48
13 22
61 58
19 77
30 64
50 48
74 37
9 62
31 49
31 26
21 12
96 9
100 88
90 29
72 14
18 90
12 98
63 82
17 69
73 16
95 16
68 94
45 26
29 37
20 73
60 19
89 20
81 15
42 75
24 75
13 65
14 6
96 12
71 36
2 6
80 4
61 77
74 28
62 93
17 22
92 87
97 14
62 78
93 23
87 70
62 86
23 12
89 12
6 51
15 83
3 11
37 48
27 84
29 24
56 16
40 68
86 38
91 28
33 55
16 88
8 54
84 100
97 94
80 56
85 60
59 92
61 72
53 66
87 96
67 16
46 90
35 74
15 19
62 99
28 84
57 4
61 80
1 90
100 23
14 93
4 5
63 25
74 38
74 95
74 84
92 6
91 82
53 91
11 32
60 29
78 1
21 69
30 96
99 35
95 49
62 2
19 88
32 33
35 11
90 66
83 27
41 9
25 9
99 20
82 33
90 8
30 14
58 79
23 5
15 100
7 8
18 82
93 59
55 73
89 66
66 81
54 29
54 46
77 16
17 91
72 7
58 71
96 97
67 33
13 64
7 58
98 50
8 2
49 67
78 74
16 74
92 32
9 58
37 17
95 25
13 55
95 44
92 17
4 91
74 51
25 81
15 12
41 91
59 96
91 74
67 97
12 84
48 89
82 40
92 74
72 20
4 13
40 6
77 54
2 99
16 10
21 10
63 14
60 97
68 4
69 71
4 47
60 27
77 17
88 58
5 97
60 47
31 94
80 43
50 3
25 35
40 47
79 5
76 34
18 85
73 9
32 77
62 4
52 21
67 82
41 83
38 62
11 2
48 27
53 11
87 73
60 11
92 8
77 26
3 93
62 43
14 16
66 31
21 37
61 85
9 29
8 83
58 18
47 30
77 2
93 13
51 49
25 52
81 17
54 87
82 13
89 19
2 21
50 12
39 29
64 97
93 61
81 10
25 69
96 61
57 6
18 71
15 48
94 10
30 13
95 32
85 29
87 25
53 54
35 64
8 82
68 92
42 28
84 79
81 22
57 9
36 12
76 92
65 31
7 34
8 42
61 68
91 76
26 100
54 30
25 33
21 68
41 39
53 23
28 45
17 62
24 47
19 42
73 31
65 45
43 74
98 79
97 42
54 1
63 68
1 58
21 3
65 24
86 98
42 70
63 97
74 80
7 5
48 93
45 14
74 44
56 93
33 85
39 66
68 86
46 61
24 40
94 100
47 93
28 15
74 31
54 81
84 39
66 76
25 46
68 91
69 80
83 29
67 26
25 1
33 24
89 82
63 7
47 95
27 1
54 91
47 19
7 9
43 79
29 55
79 12
49 88
41 31
42 39
87 7
89 37
2 95
83 30
1 66
20 24
20 18
49 77
74 12
83 1
48 41
87 20
6 33
33 61
64 23
63 38
39 2
70 62
17 99
80 46
11 85
90 84
23 89
21 35
87 42
9 42
82 32
9 74
82 97
69 54
11 34
46 67
80 10
59 55
65 90
3 61
89 52
13 63
43 5
85 79
18 64
79 76
75 23
85 73
29 28
46 28
39 64
30 27
94 98
4 60
4 50
5 70
95 90
79 1
75 80
36 86
29 69
71 32
67 68
47 33
93 38
39 23
80 32
23 77
43 18
100 79
27 74
10 33
70 88
25 90
94 42
93 96
68 3
92 57
56 53
68 71
10 18
99 3
39 58
30 94
52 68
53 1
75 84
45 18
25 85
98 80
11 69
21 62
66 34
29 93
74 4
4 23
91 36
8 4
6 100
36 10
20 50
21 26
71 97
7 80
44 60
18 60
43 22
22 27
99 63
24 57
29 34
48 13
23 67
59 76
70 9
75 89
82 30
57 75
95 63
71 14
47 3
1 36
23 97
48 83
99 57
24 34
88 15
32 98
84 73
57 81
74 13
45 2
2 38
10 69
38 53
59 79
42 20
57 83
3 22
19 1
83 96
10 64
81 43
51 80
57 97
21 95
52 97
36 31
67 27
58 85
60 50
83 11
39 72
84 26
93 57
60 93
67 18
31 75
69 77
30 1
69 24
10 37
72 82
83 13
94 23
89 59
27 38
91 15
4 38
47 57
34 3
81 82
94 78
73 88
36 28
3 8
26 97
69 12
89 63
86 78
28 37
90 77
21 38
82 78
33 30
63 90
31 23
90 99
51 27
87 72
75 97
61 28
76 78
4 12
56 13
91 7
42 98
96 2
64 41
5 31
93 27
52 83
12 43
88 65
67 37
77 25
66 55
36 74
99 5
86 71
48 7
71 59
24 10
21 79
27 72
84 49
97 56
57 21
70 20
61 5
17 94
8 44
96 46
22 29
38 15
54 86
51 87
85 36
64 59
30 29
27 12
63 58
41 23
12 83
16 62
77 95
31 88
76 28
19 50
92 52
50 36
72 96
22 49
40 2
1 88
1 75
44 79
75 33
19 49
49 27
87 94
94 65
20 96
22 90
23 55
24 36
54 99
53 52
40 78
21 98
56 98
24 85
9 35
14 74
15 87
9 71
63 74
49 57
42 56
79 30
89 68
87 58
100 40
90 3
98 64
92 51
87 93
36 45
81 94
30 12
7 26
78 69
79 66
83 65
84 42
46 69
88 39
93 18
15 4
23 34
42 13
9 92
93 86
40 48
10 72
68 80
5 80
38 95
48 19
31 87
85 10
65 11
51 2
34 83
21 97
72 58
2 80
76 3
12 1
18 7
77 56
97 88
49 20
51 4
43 88
30 69
97 87
46 51
24 45
53 71
35 100
9 3
52 49
48 78
3 80
31 53
97 45
94 69
81 51
9 88
10 35
45 66
54 7
91 97
98 99
85 17
88 64
63 70
33 54
51 83
78 50
49 2
82 73
22 95
74 72
61 70
87 17
35 81
45 90
98 35
40 20
14 64
60 42
75 10
72 99
20 68
14 48
81 52
83 43
80 94
29 7
42 95
13 60
7 84
73 18
10 28
23 1
19 95
10 62
77 35
4 73
34 9
81 74
68 72
32 49
29 13
52 54
9 87
42 52
17 64
83 72
54 26
71 46
92 26
24 18
2 46
53 49
5 69
36 89
52 84
37 62
32 36
41 80
71 3
52 75
81 47
35 62
21 17
64 43
12 31
44 13
2 84
48 32
96 26
98 28
59 78
88 72
79 39
40 45
29 46
88 40
52 74
30 71
52 16
4 67
29 10
48 68
46 43
65 100
88 10
29 2
40 3
68 44
75 25
60 100
21 67
73 14
57 64
72 81
88 27
25 72
21 51
25 73
86 18
39 12
13 14
95 24
79 37
55 46
78 91
36 76
32 79
23 66
60 34
5 84
70 16
87 23
13 26
62 39
96 21
92 72
34 26
76 15
17 55
85 83
17 48
26 90
93 75
80 97
62 47
55 81
7 61
99 38
71 99
52 2
57 88
5 67
61 71
61 92
20 58
50 70
91 42
61 81
71 31
53 30
75 27
66 12
78 95
56 88
6 18
3 92
17 19
41 76
35 43
73 39
86 42
80 55
95 66
20 44
86 55
12 34
18 28
63 85
75 41
8 79
81 97
57 2
8 24
26 39
28 62
57 71
68 43
22 64
14 4
83 28
37 53
63 53
88 80
25 29
46 77
16 45
39 82
88 50
68 100
81 14
83 4
81 18
16 9
38 35
32 29
87 33
35 50
19 30
27 58
63 23
97 38
8 67
83 79
75 5
