100 208
4 100
28 33
53 100
28 5
12 28
100 55
28 2
28 26
52 100
100 21
100 29
71 28
100 45
17 99
28 90
79 100
100 22
28 55
100 56
22 28
100 94
45 28
28 24
46 100
90 100
17 28
100 74
28 58
8 28
60 100
42 100
90 17
100 32
28 66
30 17
30 100
100 77
65 100
86 100
100 63
73 17
28 42
1 28
23 28
73 100
60 17
88 100
28 11
100 87
28 39
100 82
100 54
71 100
100 50
28 79
75 28
10 28
85 100
56 28
34 28
10 100
17 65
28 27
28 77
38 17
100 25
28 57
31 100
100 5
28 99
28 97
30 28
17 39
27 100
28 37
38 28
91 100
28 35
54 28
96 28
100 81
18 100
9 28
100 15
100 80
76 100
100 8
17 100
1 100
28 44
100 44
3 28
100 51
96 100
61 100
43 28
100 38
93 28
28 68
28 70
100 66
28 73
28 92
74 28
68 17
67 28
100 13
32 28
58 100
100 26
31 28
17 31
28 78
100 70
17 81
60 28
28 48
100 69
18 28
46 28
83 28
7 100
100 68
14 17
28 98
65 28
28 88
100 78
100 11
100 37
28 81
28 100
19 100
21 28
94 28
49 100
28 95
59 28
89 100
82 28
28 19
53 28
100 43
36 100
40 100
61 28
29 28
72 100
100 47
100 16
28 87
86 28
98 100
28 76
28 20
100 14
20 100
100 2
100 39
67 100
28 91
17 97
100 62
49 28
28 6
72 28
3 100
100 33
36 17
100 48
80 28
48 17
17 5
16 28
100 57
100 23
28 41
100 64
100 6
28 36
17 4
28 13
84 100
100 35
52 28
100 9
100 83
28 50
84 17
28 25
28 64
93 100
100 24
7 28
54 17
47 28
28 63
85 28
100 97
34 100
40 28
92 100
49 17
28 15
69 28
89 28
41 100
28 62
