100 3366
74 14
4 68
52 46
53 77
8 88
1 75
55 21
33 92
18 23
74 4
50 90
11 92
86 67
33 20
84 39
33 21
68 69
34 6
65 62
57 70
75 2
15 63
53 35
31 71
75 65
63 53
35 88
29 42
60 74
35 93
16 96
30 45
64 89
10 96
71 89
92 76
42 84
17 90
64 91
88 51
35 50
26 61
51 13
13 6
84 19
31 63
51 50
85 53
31 12
1 37
13 79
80 3
27 18
64 83
52 88
43 99
80 28
31 5
5 76
27 96
98 65
64 54
51 67
31 62
55 65
85 84
6 57
78 49
9 76
36 74
60 38
31 72
84 6
45 20
79 42
11 52
30 85
13 38
75 41
47 15
33 45
76 22
69 51
61 55
71 11
13 69
80 48
27 79
84 67
6 28
59 58
76 52
28 25
60 18
49 53
28 38
99 89
65 88
42 31
54 9
32 99
88 87
60 12
71 9
72 77
87 19
14 99
43 87
65 35
37 67
100 64
65 23
94 48
94 47
96 45
56 90
97 62
14 63
40 89
13 10
98 32
36 97
57 77
90 41
7 3
66 7
79 5
5 28
48 54
72 68
23 25
7 47
31 75
74 29
66 9
74 67
71 100
86 83
48 83
5 40
79 57
65 84
6 39
94 65
16 20
35 1
90 29
3 1
83 10
3 56
2 29
99 33
50 13
39 87
92 31
78 38
23 24
69 11
47 41
58 15
32 85
5 35
9 14
45 2
15 68
27 17
67 16
10 21
27 94
3 37
67 57
40 61
72 21
34 53
83 12
36 31
54 37
5 15
50 64
8 93
55 99
44 85
52 39
42 18
28 4
14 59
79 69
77 34
6 26
4 6
56 37
94 7
39 62
48 2
57 27
90 65
50 66
66 90
78 43
64 57
44 23
37 41
34 29
70 98
71 19
45 11
60 20
72 78
50 16
14 80
67 46
59 26
96 55
26 78
26 35
28 41
86 52
30 39
45 43
4 31
31 33
36 46
11 15
66 1
10 91
87 29
84 53
66 43
40 17
88 26
96 100
12 80
1 2
78 70
71 47
18 35
94 33
84 32
68 93
92 51
93 87
15 84
28 27
32 92
95 42
15 49
11 72
24 66
44 18
55 47
20 61
65 27
19 41
92 99
47 90
36 92
97 66
80 85
99 60
82 17
12 28
5 16
15 43
26 11
51 22
9 95
71 59
25 83
85 33
72 57
11 36
66 22
91 59
22 72
45 73
38 45
81 79
10 51
57 49
45 28
71 76
93 65
56 10
44 92
71 32
23 45
6 38
73 58
98 22
33 62
44 89
41 79
35 16
28 98
85 99
42 28
65 52
86 92
88 82
6 74
68 39
72 20
57 50
14 54
69 88
3 53
13 83
13 39
76 20
47 95
63 39
76 19
64 59
2 72
42 7
6 1
9 5
9 50
4 5
72 95
69 80
78 42
93 6
18 21
70 68
46 27
96 98
43 62
44 87
21 47
53 69
66 26
98 89
21 22
70 31
93 48
23 6
26 84
13 90
39 3
59 79
85 69
86 19
35 27
100 29
82 67
90 79
23 99
54 75
70 51
14 29
62 53
68 23
88 40
53 21
80 44
3 23
9 38
5 80
29 79
29 63
68 86
25 54
82 85
12 55
43 27
28 52
15 12
40 36
59 56
57 88
85 48
99 22
27 80
11 100
47 6
16 82
25 19
41 15
23 94
73 31
90 18
80 42
48 8
9 47
23 60
59 19
91 2
83 45
50 14
72 93
32 45
63 90
67 24
75 63
69 21
1 61
51 23
50 84
2 85
84 100
65 45
6 80
94 61
24 21
27 40
44 96
42 36
16 91
57 45
80 10
41 8
37 57
66 61
33 12
78 68
44 35
36 79
40 28
79 26
21 77
41 98
42 66
81 96
39 64
79 84
43 17
54 15
41 45
80 99
65 76
29 23
52 35
12 66
33 47
14 7
86 40
2 95
90 71
91 94
81 48
82 66
100 36
97 78
53 98
92 98
61 53
11 81
35 77
81 68
85 16
51 82
37 96
16 19
8 67
59 55
18 6
47 63
64 34
29 13
79 92
11 33
10 31
5 56
91 57
64 4
94 6
25 72
90 33
83 49
25 92
9 31
14 49
15 23
57 35
91 1
91 4
24 80
81 22
21 1
63 11
74 52
34 65
10 74
61 16
22 45
100 74
52 87
28 68
79 30
74 76
93 3
90 98
31 59
20 93
15 72
91 36
70 24
75 94
92 65
32 52
84 63
23 47
84 92
87 10
65 82
93 26
73 15
72 75
35 9
90 83
49 41
33 57
35 22
31 41
81 45
2 46
27 73
55 97
18 89
20 50
93 57
23 4
60 39
10 85
67 7
30 83
56 61
58 81
48 71
4 30
24 17
91 27
98 23
77 71
91 88
74 53
98 38
61 76
75 38
93 45
96 90
2 6
47 57
81 19
74 7
24 92
94 63
36 89
22 48
58 92
57 46
29 48
20 75
4 60
71 81
48 40
5 45
6 19
84 59
50 77
20 63
26 91
29 15
60 3
79 12
64 16
91 90
87 83
84 70
64 97
81 41
72 71
99 76
3 48
99 95
33 72
75 17
76 100
56 50
41 78
34 17
6 16
72 64
54 13
67 31
42 62
44 38
40 2
29 50
14 81
72 7
49 4
96 1
7 59
46 59
45 55
56 44
18 49
49 50
83 72
47 43
34 19
90 12
84 46
82 47
59 63
83 59
66 75
57 54
16 51
63 70
34 88
65 1
84 12
54 31
78 34
28 39
40 60
58 68
2 59
69 35
42 89
95 70
13 70
35 43
73 16
85 3
22 58
69 77
61 92
75 19
7 81
28 22
13 27
9 77
62 86
93 21
97 52
87 15
97 59
88 53
42 6
91 70
51 76
74 72
43 80
74 8
1 47
51 89
25 9
33 30
8 76
23 96
68 34
85 4
22 3
77 20
41 55
16 72
45 26
12 49
98 21
96 77
83 51
13 82
77 15
47 25
12 21
55 54
26 77
85 71
96 70
34 45
22 60
19 44
90 43
74 64
37 22
47 77
49 43
16 65
2 36
97 32
32 4
40 33
74 96
52 98
72 59
25 42
23 43
35 37
72 60
29 89
74 99
15 94
62 37
66 44
39 43
86 18
83 14
69 3
31 60
29 33
47 54
37 48
4 93
30 40
22 4
26 21
59 5
7 40
25 61
62 27
50 38
34 54
4 70
46 97
11 1
32 58
65 61
71 51
34 15
68 6
29 82
80 26
62 51
3 73
26 5
56 53
46 60
37 89
56 75
92 74
68 55
31 69
73 28
31 87
47 58
15 100
5 30
49 72
37 71
73 52
34 7
29 3
50 1
80 4
27 44
66 62
6 20
44 13
6 45
47 61
10 55
17 83
35 10
81 49
4 48
3 89
76 46
24 53
19 18
57 65
27 100
2 19
86 21
39 100
52 30
48 14
89 53
74 48
47 38
12 46
26 32
98 20
32 76
6 56
86 95
7 29
40 52
48 89
76 73
22 9
16 44
43 74
77 58
20 48
28 65
84 27
9 4
6 40
39 58
53 65
69 34
30 57
91 3
90 85
94 85
50 32
71 36
73 8
86 69
50 94
54 20
33 69
79 48
1 33
51 8
72 76
81 35
10 14
68 49
87 6
29 46
80 17
41 50
14 38
12 17
34 97
8 56
92 77
25 56
39 71
71 67
8 38
44 98
22 74
52 13
60 2
14 23
76 27
1 57
49 77
32 89
98 4
82 57
69 62
92 60
43 25
4 54
100 26
13 89
57 29
23 17
83 65
53 43
95 85
45 75
9 90
55 22
76 14
69 49
39 81
29 67
83 29
14 41
37 4
61 39
10 1
55 4
14 13
29 78
55 56
97 30
92 19
41 30
60 10
36 81
100 37
93 22
9 20
64 2
20 52
39 89
42 56
73 65
93 12
1 56
58 70
14 16
49 51
49 39
69 42
90 95
35 14
90 72
15 78
28 17
59 37
91 98
97 61
5 83
21 25
2 79
30 35
1 53
52 27
7 58
3 25
68 85
85 35
78 39
49 63
57 86
12 98
61 36
25 13
15 74
99 1
19 39
43 28
75 84
11 89
25 95
73 96
24 31
2 96
50 12
72 54
43 42
57 48
51 46
21 2
50 2
96 43
50 75
12 82
95 62
26 46
1 86
97 80
33 79
84 28
44 24
38 59
15 46
46 1
19 14
11 88
13 26
18 3
39 14
9 10
66 99
35 99
2 31
45 37
56 47
4 52
86 56
43 63
58 21
37 99
10 2
48 87
6 70
43 38
30 76
41 23
69 84
79 97
65 49
70 21
17 45
7 17
6 33
69 8
15 17
80 87
18 4
84 90
68 65
68 27
44 1
47 53
91 96
19 85
83 92
16 52
2 28
89 58
92 48
14 65
98 100
2 62
92 6
17 6
75 96
36 4
71 2
46 11
90 51
82 41
68 19
80 21
68 5
58 27
92 39
14 46
55 14
16 94
32 31
72 4
58 23
63 97
19 3
87 35
44 91
9 67
64 42
24 1
36 13
13 64
90 24
37 97
32 51
1 32
84 78
78 63
80 72
95 64
49 67
89 34
20 15
85 43
46 48
43 73
39 74
85 55
66 98
100 6
24 78
5 3
66 96
12 18
76 12
20 74
51 36
49 35
29 71
47 64
60 8
8 3
87 26
74 83
51 52
2 81
4 8
57 13
93 63
17 29
82 53
75 14
32 61
27 74
12 35
66 59
14 71
15 95
35 98
28 74
62 73
95 18
25 81
42 86
1 72
63 5
4 66
18 97
48 15
40 32
18 77
42 16
31 38
15 86
84 58
28 1
31 83
50 53
84 11
88 28
1 19
56 20
18 59
38 53
61 90
7 30
29 37
11 74
14 26
43 61
52 68
40 57
63 62
35 8
91 73
9 69
73 81
29 38
20 10
46 20
74 95
54 98
9 75
89 81
45 79
16 9
10 54
54 42
48 33
45 25
21 74
81 54
26 57
21 45
3 40
56 87
79 20
5 95
16 15
69 59
28 75
87 25
2 13
32 11
58 63
79 22
18 17
80 41
59 12
67 50
90 88
18 70
11 68
42 88
10 42
75 48
26 15
33 5
44 4
1 87
25 99
31 23
67 47
21 54
60 80
90 68
50 96
86 71
37 5
44 12
70 90
78 36
92 14
65 72
59 90
40 95
85 64
88 16
16 17
64 66
23 19
35 15
60 35
36 15
15 24
50 85
70 88
70 99
89 5
48 16
48 84
33 61
17 94
6 21
73 19
5 32
88 33
59 74
17 19
37 34
86 25
73 26
96 80
62 3
57 22
43 68
84 40
13 37
57 51
10 34
89 85
14 97
20 29
24 26
20 87
16 71
7 50
76 42
23 66
34 61
56 83
34 48
68 48
52 58
55 23
60 85
77 81
2 61
57 14
78 22
94 80
47 50
72 39
17 26
94 1
98 77
10 40
78 62
97 96
65 64
70 38
64 84
82 46
80 35
36 34
63 24
54 45
85 66
86 11
49 54
11 99
74 54
90 20
76 47
93 52
76 29
54 85
79 64
31 19
18 52
14 98
45 86
22 82
31 82
18 33
32 47
99 13
54 27
97 6
2 42
58 38
95 78
18 72
10 59
13 98
50 79
33 63
8 26
22 84
14 69
79 8
8 72
32 12
53 26
72 35
45 80
5 78
40 56
15 30
89 74
60 27
80 50
48 52
57 99
82 44
54 3
72 56
87 68
39 15
4 92
45 82
87 63
26 95
77 32
43 40
85 52
12 97
99 42
89 45
18 34
42 32
73 69
34 40
81 61
37 11
89 88
86 75
30 81
7 22
91 93
82 61
84 36
66 35
87 58
78 13
95 4
18 41
34 81
59 77
47 78
16 69
31 52
17 68
62 100
22 8
46 10
54 97
74 47
48 27
12 7
81 50
77 51
95 24
59 86
9 39
32 64
61 35
5 41
69 67
26 4
27 33
45 10
50 39
26 71
54 56
58 74
96 40
94 12
2 98
40 70
78 12
44 75
26 52
86 20
52 55
36 67
3 79
27 36
76 48
56 39
67 5
2 86
98 57
77 6
41 100
10 70
68 31
60 83
6 30
50 71
40 81
95 23
51 9
70 48
74 23
73 71
90 48
47 87
53 54
84 18
21 28
23 78
91 60
92 12
46 79
59 43
44 5
86 82
76 58
41 2
17 73
1 55
17 38
13 12
71 46
89 67
41 42
8 6
49 56
37 72
39 27
84 23
58 86
17 97
36 38
83 44
12 89
65 39
77 74
31 13
93 100
41 17
95 22
41 39
51 63
6 31
74 24
24 52
69 91
50 40
7 98
86 74
32 25
42 44
36 25
31 18
55 57
83 15
9 36
55 87
27 92
80 57
55 63
57 71
84 43
94 87
81 67
7 60
90 34
93 86
74 82
30 86
76 57
79 35
96 71
67 22
4 94
77 100
41 27
51 100
1 54
38 54
15 93
53 15
25 20
25 97
34 91
3 10
63 83
60 84
59 49
8 64
43 36
84 87
19 50
86 33
62 52
90 93
98 74
83 26
52 42
3 4
60 78
79 98
92 22
42 77
70 72
97 35
89 19
17 46
17 55
99 71
44 37
66 73
10 6
51 84
14 68
68 94
52 23
87 49
41 16
51 6
52 63
70 8
14 70
1 58
38 40
3 74
89 33
2 82
63 82
92 81
76 84
35 29
8 25
69 20
27 61
27 19
63 61
95 88
40 87
100 86
68 84
96 19
90 100
16 81
79 51
29 55
64 17
59 62
64 76
32 44
16 32
13 60
17 84
50 27
37 14
90 82
18 62
21 19
44 61
29 43
36 33
64 77
45 61
67 30
95 3
64 61
83 54
77 41
60 47
24 6
21 75
81 10
74 71
71 91
29 69
71 95
4 45
47 14
2 76
93 76
27 95
42 81
92 82
85 37
74 94
17 8
23 7
85 73
27 56
85 59
99 72
40 67
92 50
20 71
76 91
99 28
83 61
41 95
18 37
49 21
15 56
45 85
70 59
98 18
1 71
91 42
50 44
50 46
16 25
48 18
46 33
80 39
15 62
95 29
36 29
22 83
71 5
24 94
22 63
16 27
96 39
7 97
93 98
8 66
60 62
83 37
14 24
64 19
51 18
15 40
33 17
47 42
19 70
28 8
45 46
5 82
25 1
54 5
95 44
19 82
97 89
51 4
15 13
56 66
4 78
58 48
85 62
20 26
52 99
69 19
57 4
84 9
1 95
23 56
50 59
12 54
32 37
37 28
25 4
76 89
26 37
24 91
60 34
89 17
27 64
74 93
71 97
3 59
98 34
43 10
75 16
26 58
14 51
66 53
56 2
43 33
74 46
46 3
38 24
8 18
58 4
2 90
33 9
77 2
19 54
94 53
80 31
30 12
52 79
51 40
73 56
16 57
82 3
28 10
44 40
19 66
18 7
66 83
38 33
22 47
64 40
82 30
100 42
100 50
26 38
62 93
44 68
26 28
91 97
50 78
15 18
93 89
88 27
63 16
81 82
5 36
1 69
95 14
76 33
53 8
94 64
35 75
95 56
55 95
99 56
14 66
71 61
7 4
26 54
85 49
31 17
84 37
33 54
1 74
20 83
15 60
39 10
46 5
97 94
3 14
2 24
6 54
22 97
81 90
87 53
23 1
44 60
51 7
34 72
88 99
28 86
76 97
53 14
64 18
5 8
36 59
61 38
96 9
38 49
71 45
82 1
67 60
100 66
23 28
84 24
19 22
84 44
49 25
1 30
1 80
83 47
65 74
80 68
58 12
3 90
14 77
4 16
97 26
78 11
70 81
61 13
61 72
1 84
69 39
40 94
63 73
24 41
45 63
46 85
37 91
92 72
36 17
57 90
75 93
18 76
35 42
49 60
6 22
55 32
53 44
62 75
40 21
30 31
55 69
99 31
31 25
83 33
32 8
97 65
97 27
82 98
19 98
24 40
27 5
99 7
50 83
57 12
55 75
15 22
87 7
59 16
51 85
24 73
25 60
84 95
5 22
7 35
99 79
91 31
82 100
17 3
18 14
26 81
23 70
75 24
8 65
43 21
50 88
14 28
95 28
68 29
11 18
22 89
86 9
41 59
21 20
34 83
80 93
99 93
57 18
88 25
40 100
73 12
61 30
86 51
26 50
69 100
13 9
59 13
50 48
95 45
90 73
33 52
84 5
41 64
72 17
68 51
10 19
29 26
43 46
11 82
51 64
27 89
39 46
39 44
53 36
85 15
63 57
12 72
22 100
88 24
75 60
13 45
88 77
49 80
87 59
92 90
26 70
6 65
100 25
8 55
25 6
62 32
11 34
35 13
32 39
80 64
99 78
30 77
35 39
90 49
49 19
75 61
97 88
46 22
95 92
16 30
24 32
42 48
82 36
35 2
34 55
65 96
71 30
31 95
21 96
72 23
50 45
42 74
40 37
9 85
17 91
69 36
97 77
64 15
73 51
47 28
21 27
44 28
69 27
85 21
14 8
92 35
31 66
22 33
70 56
94 70
34 4
62 26
71 83
90 1
69 25
76 31
83 43
96 33
43 55
98 87
64 29
97 42
8 45
76 98
20 59
17 56
59 45
61 29
36 47
13 42
25 51
24 27
5 87
75 89
68 63
8 7
74 85
55 3
79 75
20 51
40 99
30 47
10 71
37 74
19 47
50 73
81 29
65 66
9 93
49 27
78 27
69 70
6 60
72 94
86 49
54 96
11 20
37 46
95 57
44 25
35 33
69 61
28 85
82 32
45 97
43 24
20 78
51 97
15 50
23 16
26 43
24 10
50 95
8 99
73 74
62 70
13 97
14 43
26 25
57 60
91 20
26 27
99 41
81 52
80 13
76 88
73 35
6 37
25 85
76 81
68 73
95 43
39 16
21 89
88 48
64 67
60 79
47 89
68 22
85 13
34 82
23 35
44 51
24 50
49 40
81 72
30 64
47 27
11 16
27 66
7 56
91 66
7 73
29 16
49 33
46 25
56 26
42 45
91 82
21 39
4 61
7 5
41 44
64 1
6 49
97 9
99 83
4 46
78 31
54 29
41 70
67 77
54 24
17 70
47 45
22 85
94 55
97 47
21 66
67 85
28 50
58 53
97 100
14 88
3 63
88 98
1 89
19 43
62 41
97 29
1 49
76 36
64 49
29 91
93 46
53 46
4 88
12 95
85 75
42 90
56 18
76 45
68 12
53 19
29 47
12 43
53 99
96 14
9 27
83 35
81 56
59 47
84 14
49 70
72 14
30 18
87 41
67 14
55 24
11 31
46 100
30 78
42 70
72 69
90 11
28 13
84 49
74 80
48 38
29 10
22 31
44 94
36 85
95 68
10 86
86 76
53 45
89 50
38 1
59 48
34 79
98 11
88 36
25 30
19 28
60 42
67 42
12 36
83 1
52 57
69 58
64 26
58 49
62 13
51 12
76 35
63 30
58 14
50 62
13 93
84 41
11 83
71 65
59 15
91 51
15 32
35 41
47 31
25 75
86 85
35 54
69 96
75 97
17 21
77 52
96 5
68 7
51 65
26 47
26 23
32 36
14 11
72 86
97 2
45 27
54 8
79 1
37 25
15 1
88 79
53 12
88 67
85 92
65 63
54 11
79 40
7 28
3 13
67 27
87 74
96 93
88 66
65 81
82 6
5 90
84 47
57 81
5 75
98 81
73 97
37 81
58 44
39 75
32 20
47 98
14 86
96 89
65 33
96 88
24 39
38 64
69 64
100 65
78 8
77 29
69 48
22 71
16 100
21 41
44 71
20 84
10 44
60 11
70 34
94 62
14 25
76 66
89 55
51 29
55 15
45 44
29 9
63 92
12 63
21 11
55 93
18 69
15 44
53 95
40 46
67 25
40 72
39 91
12 74
32 46
86 3
32 74
47 96
42 94
60 9
79 66
4 17
73 70
51 56
42 96
53 70
99 48
57 61
79 19
6 52
90 4
29 75
34 86
62 49
22 11
68 60
99 20
29 52
74 18
36 93
47 5
28 54
84 55
94 95
56 32
6 50
6 72
31 98
26 16
97 1
20 67
38 82
88 10
44 2
5 93
46 6
35 19
40 16
19 29
47 3
21 63
13 63
54 51
68 99
44 78
84 2
74 49
91 80
48 78
46 58
65 40
14 52
1 63
77 12
38 7
36 22
91 21
98 29
80 37
40 66
51 45
18 25
41 63
24 96
16 76
74 50
90 94
22 69
2 47
63 100
71 52
8 95
93 94
37 63
77 19
97 43
2 32
22 61
88 60
12 86
68 41
8 96
62 54
38 18
86 53
86 23
100 92
12 75
97 3
23 50
31 65
6 35
78 73
98 55
15 8
88 71
69 2
12 96
3 51
70 1
83 57
21 23
7 52
19 32
31 57
48 28
37 27
1 77
77 99
96 25
86 61
15 6
3 66
98 69
99 34
56 60
93 59
72 19
5 29
40 11
26 44
36 50
48 25
51 74
66 86
14 33
75 76
38 74
6 14
45 70
91 56
84 52
89 54
60 69
36 16
28 51
35 68
61 91
77 63
63 81
46 72
91 23
62 1
27 2
67 1
1 12
37 42
30 69
4 20
29 39
8 27
67 61
93 78
77 79
46 65
96 36
59 78
1 20
16 83
86 73
17 66
63 74
58 91
61 37
96 99
77 45
12 65
93 38
90 21
10 66
73 88
74 26
78 75
46 69
61 98
22 62
7 48
16 2
48 86
41 56
90 26
53 64
85 63
18 22
89 77
26 10
36 49
13 40
87 24
41 13
90 46
55 42
94 31
93 42
17 14
81 47
98 71
41 51
96 95
7 96
7 39
98 46
14 44
75 18
31 74
50 11
4 56
10 89
12 23
84 38
96 11
50 37
37 95
11 77
71 79
44 54
8 97
18 58
23 87
18 10
51 2
7 27
53 37
88 63
9 53
82 54
55 25
69 76
60 51
94 66
82 99
9 100
24 19
74 62
13 92
12 6
15 37
45 68
53 22
89 25
76 15
62 40
27 98
39 88
100 23
14 27
57 32
26 34
44 86
79 17
47 18
43 56
86 97
39 26
51 78
55 7
99 47
20 19
53 91
73 72
64 21
65 2
63 8
93 79
85 88
6 62
62 17
37 52
46 77
29 94
54 61
41 32
45 49
33 26
93 81
100 30
94 96
79 63
29 93
5 72
82 48
16 54
79 10
59 99
62 76
23 39
47 80
87 50
72 97
34 41
100 57
42 23
48 62
38 46
58 93
42 40
44 11
35 70
35 4
19 15
12 91
97 4
32 13
47 79
82 59
6 48
57 19
57 94
71 64
5 62
45 40
89 38
88 37
39 12
71 92
78 9
44 93
60 36
78 65
63 28
67 65
66 70
15 57
71 38
93 47
92 40
11 53
34 50
71 84
100 53
37 76
62 55
50 3
93 14
12 88
88 45
94 78
75 52
93 33
88 83
3 35
32 59
10 32
40 14
98 56
13 21
50 76
43 7
16 12
55 51
10 82
45 74
42 5
24 7
66 18
41 43
4 76
7 63
30 93
70 28
47 69
97 95
100 12
49 22
6 67
99 63
37 78
63 27
20 2
46 44
35 96
52 82
64 63
54 95
90 10
70 3
48 21
26 99
13 96
58 43
17 5
49 96
29 25
15 7
82 37
5 52
27 82
50 10
4 15
18 29
87 78
91 11
66 48
89 14
7 46
55 58
80 59
27 29
46 34
38 69
98 63
12 48
40 18
46 42
6 91
24 72
1 26
83 95
93 69
13 58
38 10
76 63
5 20
66 13
63 17
24 89
81 53
10 75
42 59
100 52
84 56
6 86
94 5
21 50
40 41
12 47
59 30
3 68
67 26
70 85
46 92
98 64
13 46
1 34
83 69
58 54
100 35
83 36
75 42
1 73
61 6
6 76
3 31
22 38
33 53
24 12
86 38
5 2
89 26
55 6
60 65
89 7
6 90
75 74
79 32
9 30
74 55
54 69
59 67
89 79
28 24
99 90
8 16
90 64
15 96
4 67
82 72
78 83
14 94
58 100
72 29
38 66
37 9
26 63
65 87
83 76
62 23
63 23
28 53
38 95
65 19
99 29
42 3
18 26
25 70
93 56
82 9
95 10
100 5
7 1
75 69
90 37
44 77
78 46
80 54
94 21
50 86
82 93
42 50
41 74
94 84
39 25
86 22
65 22
88 32
6 69
66 55
64 6
5 24
74 34
33 67
65 32
50 97
74 91
66 84
25 78
97 85
44 99
85 77
72 98
97 28
30 88
26 72
43 70
54 52
77 83
95 75
35 38
73 5
38 68
80 38
16 89
86 60
48 72
50 69
14 1
30 42
70 64
2 7
4 19
61 51
18 5
63 44
54 100
96 78
51 94
37 77
99 94
17 88
85 1
92 54
23 90
37 64
47 24
47 66
22 30
82 83
29 8
38 27
93 51
20 81
12 9
72 10
47 13
21 68
78 21
29 32
14 79
66 45
66 39
1 8
41 52
18 55
14 60
84 86
98 59
63 48
34 95
41 29
88 84
8 62
60 32
28 55
64 45
31 44
53 20
7 6
56 94
36 72
18 94
4 24
21 42
99 86
45 90
46 94
27 51
83 85
40 93
4 69
16 1
60 33
10 58
96 67
17 100
95 30
53 71
88 93
75 64
11 59
74 40
1 17
28 18
100 4
98 17
16 47
48 60
67 43
29 44
56 45
9 65
86 35
46 86
22 90
37 33
63 34
11 65
45 31
91 62
17 78
97 56
3 94
91 65
78 66
39 17
79 100
39 37
64 73
97 98
97 49
47 75
2 63
57 73
44 3
51 24
42 24
78 18
99 50
22 34
1 22
58 28
34 12
24 65
79 16
53 93
25 91
62 7
45 35
2 37
21 7
20 88
59 94
13 53
33 75
10 4
40 77
62 80
96 18
36 45
76 82
78 89
90 19
34 67
57 39
21 97
56 52
25 82
27 86
45 99
8 13
33 82
61 93
11 12
45 18
20 36
3 84
36 57
78 92
15 42
2 74
60 45
54 68
8 40
75 90
94 60
9 83
33 81
34 44
67 78
70 27
67 83
82 96
99 10
81 9
70 33
64 43
96 28
54 17
73 67
4 40
99 100
59 22
85 39
23 46
57 96
5 97
72 44
60 43
35 58
64 44
96 58
55 72
59 35
10 61
33 13
62 56
70 2
30 29
89 80
61 46
52 69
66 93
86 32
68 64
86 24
77 65
94 69
56 64
11 9
69 37
51 38
4 65
37 12
58 19
9 45
76 49
49 10
40 63
15 79
62 47
87 99
80 15
23 40
91 84
10 64
86 16
61 100
19 40
73 25
42 83
62 29
26 76
10 63
10 8
86 79
63 86
84 96
99 51
73 93
27 81
86 41
65 79
67 54
53 67
51 80
63 80
77 55
83 93
32 54
70 5
68 40
9 19
94 98
26 92
5 11
8 90
81 1
53 76
19 99
59 6
27 87
94 30
27 11
78 52
90 53
53 16
43 93
65 21
34 38
70 93
8 44
78 6
23 67
5 25
35 74
84 45
27 22
100 34
2 17
26 22
89 90
65 3
5 81
28 81
8 37
48 56
60 77
17 93
92 88
82 77
19 100
64 78
84 54
25 15
41 61
73 47
80 25
87 4
59 23
10 68
80 2
4 2
73 95
84 72
93 85
95 17
1 100
72 3
17 61
76 39
60 71
40 58
25 35
10 7
71 25
36 52
21 95
98 39
7 45
18 80
44 65
37 79
83 89
90 31
3 21
29 92
14 90
19 93
62 4
72 45
13 7
52 47
5 1
20 31
28 56
5 55
49 93
43 94
91 86
51 11
48 65
78 14
84 31
56 69
5 39
74 13
75 11
78 85
96 72
69 57
21 5
52 21
80 29
60 61
64 28
61 5
44 22
9 23
83 32
60 5
81 83
8 21
36 99
65 86
25 64
85 27
94 92
94 28
71 27
11 57
76 60
20 30
98 48
67 52
66 60
92 93
73 23
63 56
40 25
31 77
58 42
54 78
62 12
26 55
19 30
94 73
18 91
41 88
29 70
30 96
66 89
36 35
8 75
11 64
41 38
5 19
47 11
18 93
58 60
12 99
93 95
68 1
7 64
34 47
93 41
29 65
13 30
51 66
43 22
15 92
28 89
64 35
21 87
90 77
91 5
31 40
7 49
5 50
39 93
86 78
30 46
44 74
12 14
59 60
8 24
52 15
40 97
72 88
87 17
36 86
96 22
23 49
69 15
55 70
52 96
10 92
57 59
15 3
47 72
41 36
35 40
86 96
20 41
73 41
68 66
51 98
17 49
53 60
26 82
67 15
46 63
29 66
22 50
58 75
76 13
41 71
19 88
40 78
6 9
21 62
37 47
60 100
91 9
30 27
24 56
22 75
4 14
52 50
22 56
11 39
97 68
80 16
80 56
14 91
99 62
80 92
73 32
69 43
79 31
41 67
4 96
41 60
26 12
94 26
21 15
88 46
8 31
86 98
37 92
14 45
90 55
78 79
60 95
87 18
16 33
76 77
15 91
99 84
52 59
88 47
24 64
50 60
12 67
99 2
28 66
34 16
48 9
19 95
72 91
24 18
64 62
43 98
49 44
91 85
80 53
70 7
50 61
97 83
97 90
10 47
86 94
42 72
59 88
12 4
20 13
5 14
99 38
60 98
96 53
92 52
72 32
34 27
76 90
54 41
12 61
88 6
81 46
41 3
57 92
50 4
48 51
20 14
84 93
5 23
42 33
81 31
65 25
57 53
34 2
97 82
24 97
46 89
25 41
30 92
91 30
64 92
40 29
38 52
38 5
76 79
78 91
33 39
52 19
92 45
100 47
7 92
98 8
95 89
98 1
31 56
49 52
91 95
54 60
48 1
45 12
53 30
48 35
30 17
43 1
58 90
76 59
83 52
96 29
75 99
73 99
6 3
48 26
96 62
65 56
53 83
5 74
57 5
78 88
59 81
65 18
27 6
87 67
16 31
48 43
7 93
22 87
31 86
74 33
54 36
15 90
93 32
45 1
39 36
58 25
42 63
91 77
61 74
30 99
68 36
39 31
71 93
12 69
65 20
4 39
81 78
38 21
7 44
29 56
34 51
39 42
9 74
