100 3231
83 99
59 19
51 87
42 13
77 81
76 67
97 26
50 16
29 57
82 34
39 83
55 90
33 97
78 35
71 5
100 86
8 49
20 39
4 91
100 58
3 20
68 50
89 59
92 33
37 97
80 77
38 17
30 17
92 9
75 72
92 31
61 3
66 58
17 64
76 39
49 57
11 22
35 95
68 85
89 33
97 99
70 84
39 93
50 23
38 61
99 7
80 53
11 32
99 19
41 60
2 88
65 28
9 54
74 1
51 47
65 53
99 95
26 11
42 75
87 91
86 30
69 93
28 97
68 83
95 27
47 78
47 64
25 9
43 97
29 5
47 46
9 5
90 13
55 51
13 46
68 8
57 75
96 45
42 66
77 42
16 18
38 21
85 51
78 76
63 17
72 9
73 33
83 1
42 7
71 99
24 93
96 99
58 44
51 59
17 70
97 95
19 1
40 16
90 11
13 80
25 5
93 74
41 51
85 84
81 36
58 45
20 12
39 63
62 57
46 82
98 31
24 83
94 45
14 86
66 80
72 69
75 95
69 31
71 89
95 89
71 66
57 51
95 77
88 46
75 21
74 33
52 39
100 92
70 26
86 1
77 76
15 19
98 11
13 82
37 79
38 88
5 47
97 61
41 23
81 28
14 9
19 91
55 15
11 4
32 51
70 30
96 29
84 25
49 27
91 75
81 35
89 99
13 47
95 50
46 32
63 41
45 57
65 74
80 89
62 51
7 34
94 85
9 13
25 41
100 59
70 74
34 73
44 59
5 7
100 76
74 63
69 57
50 17
93 32
62 55
63 21
97 14
95 78
44 70
59 23
76 32
1 18
21 57
7 91
72 45
32 73
87 1
60 47
34 86
76 27
77 73
69 29
38 7
58 6
12 89
49 37
58 56
26 25
20 14
20 32
34 28
14 79
24 50
37 33
54 42
72 11
25 29
36 29
64 9
74 90
32 37
68 30
46 60
70 68
4 69
31 36
81 13
9 2
96 94
7 80
57 27
8 48
53 69
34 53
93 35
19 96
52 7
67 87
24 84
72 79
57 16
88 13
30 95
16 91
72 6
47 16
100 69
2 32
54 47
26 36
36 3
82 17
28 99
49 47
77 59
40 69
74 58
91 71
49 21
13 30
22 93
77 20
83 87
53 14
25 33
99 93
62 77
16 11
64 15
89 38
53 30
48 4
89 50
4 55
83 74
8 71
72 57
18 6
5 51
17 7
68 93
32 83
48 88
51 15
20 76
89 29
23 47
60 14
17 33
94 9
37 87
18 87
61 58
1 12
68 44
40 35
40 43
89 57
50 36
50 63
88 73
75 13
45 65
77 46
4 84
52 88
64 30
3 9
63 90
77 96
60 27
35 88
28 10
6 49
99 77
60 26
27 11
47 70
44 76
49 3
70 32
90 31
52 73
48 30
14 78
98 62
56 62
33 82
97 48
59 56
70 72
19 21
37 24
60 88
92 44
48 86
71 25
77 68
3 86
69 7
11 79
2 36
83 25
64 50
19 94
46 69
73 86
78 68
31 50
53 1
20 16
13 23
25 23
41 44
99 52
89 73
54 12
24 94
67 58
39 91
28 50
19 38
31 21
39 45
20 22
14 68
20 33
53 94
33 26
75 58
77 3
19 3
12 51
3 73
78 10
49 80
7 89
71 43
30 94
20 85
28 1
37 17
51 76
53 85
99 22
48 91
38 73
47 20
63 98
37 46
74 94
31 83
79 5
76 15
6 20
19 35
73 10
49 83
92 57
73 91
1 27
36 58
95 98
99 94
49 66
97 71
36 65
92 13
78 38
57 5
57 96
43 100
74 100
35 34
87 79
72 46
89 63
54 66
55 93
19 10
2 59
62 44
34 46
9 38
99 91
84 36
89 60
95 23
24 76
36 53
2 13
84 68
77 48
46 39
89 35
12 61
10 24
19 20
84 42
62 99
72 43
26 72
56 10
29 46
22 47
53 93
57 15
73 100
17 75
65 60
37 98
3 7
60 54
3 95
100 70
94 29
68 12
18 57
64 90
1 32
98 27
31 2
14 11
67 1
10 31
80 82
43 48
19 62
91 11
38 71
67 31
65 51
18 67
73 26
63 57
15 61
54 97
87 13
27 83
99 100
96 55
75 65
14 87
52 35
21 86
86 11
47 92
4 76
90 70
21 1
17 47
36 37
75 90
69 83
72 4
46 27
39 42
73 43
86 56
58 71
52 26
4 51
9 51
36 75
9 23
71 47
10 62
92 37
100 78
44 89
95 90
9 40
8 52
22 27
85 88
86 29
45 30
85 57
18 52
3 99
58 4
57 2
30 60
47 86
32 24
78 70
46 94
43 62
25 44
22 49
79 22
9 19
93 72
95 15
94 77
1 22
46 12
37 25
1 16
43 86
48 99
94 80
46 71
29 43
49 61
81 96
90 29
62 26
67 70
71 48
94 2
35 50
52 92
91 97
49 85
16 80
22 24
95 74
17 48
64 98
61 100
5 99
21 99
59 6
67 56
80 42
90 43
13 40
85 76
87 26
8 1
35 7
51 73
33 58
15 27
28 74
2 64
65 27
34 69
2 65
65 48
99 60
37 12
57 41
32 78
45 100
39 28
78 81
3 32
25 52
21 90
2 75
47 59
80 95
68 88
25 50
91 59
77 100
98 58
60 6
57 95
13 52
17 61
76 71
93 5
63 43
43 10
13 60
30 75
36 42
20 2
79 20
90 61
25 80
8 44
29 50
97 8
43 11
43 55
29 20
12 60
47 48
54 74
60 31
32 80
44 46
13 45
8 9
73 99
50 4
21 8
72 50
100 27
8 31
94 73
7 85
43 58
80 93
39 73
48 2
79 25
99 82
62 97
52 48
13 27
99 64
29 59
60 35
50 82
20 15
10 35
74 34
43 22
19 6
16 62
46 40
84 14
9 59
40 67
10 69
30 49
29 61
48 32
60 74
40 93
54 91
17 58
36 32
95 47
88 74
74 92
19 70
91 88
3 17
53 26
96 95
55 74
39 22
63 11
26 45
81 52
16 95
76 89
71 82
69 16
75 76
25 36
50 18
95 65
16 70
55 53
95 48
91 68
10 49
77 4
94 41
83 97
17 59
87 72
19 71
13 91
7 4
8 94
69 62
65 16
92 81
30 77
40 61
19 49
40 84
79 4
96 11
24 64
27 99
98 60
96 92
70 75
39 26
99 54
51 89
79 26
58 50
29 74
58 25
88 59
86 90
66 53
38 13
48 73
68 82
67 86
58 19
29 40
4 40
74 15
9 80
51 19
46 56
67 38
40 19
82 55
43 13
40 79
65 15
85 16
78 96
2 41
63 71
21 43
85 66
3 5
57 61
90 32
47 32
23 5
3 47
40 30
92 71
95 22
32 38
38 41
19 39
78 71
36 33
30 69
12 22
16 100
35 97
75 89
10 48
35 83
40 68
14 62
8 91
2 100
18 94
53 8
43 67
72 56
42 60
74 2
24 70
99 69
54 64
22 3
51 92
42 79
45 97
77 60
77 31
65 55
65 98
43 1
76 34
37 9
9 21
67 15
93 30
78 92
2 24
41 97
45 24
6 11
36 8
46 36
70 11
24 67
50 69
61 86
79 66
23 53
44 54
38 27
29 44
63 58
61 70
22 66
76 11
17 81
65 50
92 14
22 55
85 13
63 19
57 46
57 38
91 38
63 61
29 38
29 99
15 9
48 22
26 75
74 13
11 60
34 89
84 82
83 4
69 13
86 94
62 36
90 45
39 50
14 38
24 79
26 69
55 46
59 33
50 11
10 44
61 18
86 23
72 89
62 18
57 73
69 90
67 80
24 18
58 83
89 16
74 76
74 8
69 35
37 22
5 50
33 53
34 77
41 58
28 19
31 80
61 55
42 65
68 47
31 15
15 90
36 39
13 51
35 64
86 37
47 74
43 7
33 45
56 25
52 14
70 6
25 3
86 22
81 67
70 5
69 59
45 1
56 80
93 85
55 86
58 76
4 70
94 15
26 63
64 49
9 89
57 7
19 64
90 66
73 92
71 74
28 72
79 92
96 17
78 82
55 19
46 17
79 61
22 80
48 11
13 4
18 93
57 60
22 75
99 76
48 69
86 93
55 75
91 1
34 41
48 70
10 61
31 99
43 81
62 63
48 55
84 77
69 65
16 88
51 100
27 54
84 81
12 69
44 69
79 74
8 82
52 22
34 95
37 47
63 28
26 71
54 34
45 55
90 58
2 50
97 89
87 28
42 22
29 4
66 75
13 100
80 64
50 61
50 40
16 59
16 81
7 81
96 15
66 74
31 51
29 28
44 27
9 55
64 79
19 93
82 6
14 35
96 14
21 42
37 62
94 43
82 72
81 57
83 56
44 50
15 66
32 12
80 99
84 29
38 77
88 47
96 84
27 33
79 89
99 38
47 44
5 41
74 7
8 99
75 81
65 9
91 37
39 69
23 68
93 77
39 64
4 73
65 49
80 44
51 35
69 8
38 62
38 74
67 21
60 8
77 17
31 59
99 34
34 68
52 42
58 88
86 76
14 4
78 74
32 18
14 47
78 56
95 21
38 53
39 71
38 52
50 20
16 58
43 60
59 83
4 95
43 69
52 5
17 80
57 68
9 4
1 36
80 68
63 29
53 21
4 53
48 45
18 13
76 42
5 24
69 47
74 30
18 58
84 100
12 81
89 55
63 56
30 57
90 67
56 37
54 68
60 9
33 94
78 77
42 8
56 91
64 26
41 46
48 96
8 26
11 5
62 87
35 27
85 21
86 65
81 62
52 43
1 57
38 87
24 52
77 29
85 24
47 2
47 12
11 61
88 41
77 52
60 85
44 55
44 82
79 69
91 98
81 82
80 75
92 77
55 33
45 7
48 49
66 9
43 74
94 12
19 73
80 3
52 33
57 28
66 41
11 75
26 93
30 38
62 54
32 27
9 1
97 25
24 31
85 1
85 55
98 99
60 24
13 73
87 96
35 15
60 91
70 10
27 71
28 7
51 16
42 61
78 51
15 12
66 98
22 61
63 23
61 78
48 60
85 50
87 2
78 24
43 16
4 67
95 39
60 87
99 81
22 92
5 78
64 3
53 50
36 61
45 71
69 2
72 84
78 9
39 43
85 8
45 9
37 20
25 91
39 97
23 75
76 68
68 4
13 56
30 25
80 83
19 50
70 94
23 38
69 92
78 97
83 17
6 96
22 33
61 87
70 60
53 79
66 26
18 10
92 40
82 15
17 40
74 61
63 15
89 23
76 47
47 26
92 91
14 32
5 46
17 86
96 93
61 60
96 63
42 73
17 41
19 46
79 65
76 12
54 57
67 74
42 32
66 91
36 89
11 37
21 96
79 19
34 79
93 67
31 25
90 1
75 32
80 30
53 98
28 91
92 10
65 1
49 17
91 52
59 13
5 38
48 40
96 76
84 83
65 84
11 55
80 14
42 85
18 54
62 41
2 70
28 93
76 17
54 15
48 26
7 18
73 90
10 55
75 29
62 94
49 73
79 16
88 30
5 28
67 5
71 23
84 10
17 4
10 30
7 63
37 38
41 6
98 88
24 96
36 11
2 71
39 84
95 60
2 51
11 13
85 9
98 79
52 98
12 99
24 33
25 13
33 100
66 24
62 34
98 29
75 73
5 53
7 8
15 92
56 33
84 31
30 19
24 29
61 69
4 66
22 69
88 5
12 66
28 70
84 76
90 84
41 24
93 64
81 90
54 90
89 74
54 56
40 91
93 75
14 74
87 49
7 78
63 86
13 17
98 30
65 59
24 82
25 48
96 39
84 98
92 55
72 20
100 9
39 10
36 19
45 31
47 24
88 34
6 79
16 66
82 3
26 18
81 55
92 32
62 82
54 32
60 34
14 89
63 80
30 1
19 88
42 82
5 13
61 71
33 38
82 75
34 42
11 68
39 82
81 30
65 93
53 71
75 4
2 12
31 16
79 8
94 34
93 43
100 12
31 61
11 21
61 88
34 29
25 55
12 14
89 10
9 73
22 78
52 79
43 42
41 71
1 82
1 44
85 35
94 98
24 100
13 67
20 38
13 97
78 52
89 56
63 53
89 4
94 5
67 22
56 65
91 35
7 16
86 51
83 47
83 37
75 47
88 79
50 98
94 11
61 19
94 75
24 97
10 96
59 26
88 95
34 70
19 83
4 33
51 96
82 21
37 16
32 88
60 22
5 22
54 88
56 44
83 82
8 72
16 90
21 3
88 94
82 91
88 25
46 48
76 61
95 87
26 46
80 4
23 36
99 92
30 50
19 43
86 78
72 16
40 41
95 64
45 77
3 56
94 93
16 36
64 27
36 67
10 63
85 27
27 67
21 65
22 23
69 64
87 92
80 47
55 32
47 87
33 21
70 39
76 28
64 46
37 72
100 91
20 70
58 2
26 24
58 48
32 16
71 44
6 94
79 55
15 72
3 8
95 37
98 78
13 16
48 64
57 52
4 2
90 82
12 48
38 68
59 5
40 54
56 14
43 77
16 71
9 26
98 25
14 55
75 33
94 31
14 99
94 37
48 31
8 29
53 10
94 13
61 81
68 66
57 79
86 70
7 64
28 38
65 13
1 88
69 33
97 12
3 84
92 95
59 87
45 21
31 9
18 96
29 65
87 88
78 67
28 54
73 2
40 75
21 15
80 91
81 54
94 51
89 39
34 85
34 56
69 84
9 32
50 90
49 71
75 51
16 87
96 75
11 31
39 75
71 51
45 37
51 82
33 67
35 84
6 89
14 69
59 81
63 85
54 16
87 31
63 76
32 22
75 31
22 50
76 35
92 7
83 34
28 9
49 45
26 94
27 59
71 28
15 80
41 56
44 36
25 89
39 54
38 58
98 44
13 22
65 3
80 41
24 34
8 11
54 17
20 51
99 56
81 20
91 21
79 75
46 97
37 57
40 100
59 57
56 87
18 27
86 38
46 18
97 94
43 5
29 79
8 96
70 45
64 42
46 76
1 31
61 65
36 24
55 26
100 25
74 9
85 5
10 100
56 76
43 34
51 66
100 57
45 19
10 66
17 31
94 27
31 66
12 9
71 30
68 79
56 31
16 75
16 41
63 65
38 83
84 12
14 49
34 90
14 36
55 77
73 23
28 24
40 49
3 93
77 9
48 39
56 96
62 22
60 79
34 63
83 50
92 17
20 83
22 70
58 23
16 3
22 34
76 30
96 42
11 99
83 77
63 100
92 58
73 71
96 46
79 18
30 36
88 100
4 18
37 31
6 80
27 88
95 51
1 48
45 62
38 64
83 90
68 69
30 72
100 60
100 79
39 99
89 47
51 69
69 55
4 93
39 92
11 15
96 64
23 97
24 61
20 89
96 54
3 90
70 55
62 28
53 29
17 1
1 25
60 92
9 11
64 11
57 8
36 71
34 31
64 53
75 60
46 84
62 70
18 74
87 41
64 43
77 70
62 91
61 68
67 64
31 23
29 54
49 62
30 63
32 25
92 20
100 95
29 49
47 90
6 3
61 54
45 10
93 15
79 73
51 72
78 39
98 36
36 70
56 70
76 23
95 33
11 67
87 7
5 17
42 37
81 21
63 24
27 8
24 91
26 77
1 41
35 63
11 40
95 93
60 19
63 67
50 93
12 4
28 26
84 79
6 57
55 57
26 20
13 7
21 29
100 38
91 67
84 99
84 91
95 63
29 19
7 73
3 69
55 6
53 76
55 73
56 66
82 38
66 30
22 19
51 49
77 90
40 5
85 31
100 22
1 29
43 32
15 8
5 77
44 16
8 90
48 62
27 6
6 78
78 1
61 6
95 71
79 90
47 67
64 5
50 12
25 60
77 33
9 98
87 25
49 43
76 79
94 7
16 2
95 85
18 73
51 26
62 80
72 76
6 1
63 37
37 96
76 31
50 76
72 38
37 80
21 88
38 3
44 72
17 60
4 46
45 29
46 30
82 93
89 27
70 95
53 12
91 31
70 8
9 44
84 53
11 78
28 42
77 71
7 84
86 5
72 97
94 54
37 69
85 45
2 43
93 12
87 50
57 71
8 86
81 63
24 92
28 61
57 74
52 67
86 16
46 85
58 35
55 60
43 88
62 5
82 60
7 93
96 83
47 85
8 87
22 38
32 69
26 92
74 75
94 60
75 85
84 64
33 9
50 33
99 75
47 72
84 38
59 71
66 94
50 84
36 38
15 44
33 64
36 82
68 99
11 81
35 21
57 50
94 16
29 56
25 76
76 70
6 16
29 47
36 90
63 42
63 36
91 36
22 72
100 96
52 15
39 57
47 94
4 60
32 23
50 10
83 88
17 18
43 68
4 23
32 49
97 5
42 90
36 64
84 26
41 79
100 7
36 92
24 57
24 43
86 64
38 35
58 9
76 7
52 90
64 31
48 84
17 99
80 88
89 17
78 66
2 91
66 34
17 29
82 65
87 42
81 40
78 28
48 89
32 8
70 43
40 62
83 46
44 51
77 12
85 74
23 77
8 54
73 53
33 7
27 90
1 56
75 78
30 54
16 97
59 63
58 62
91 14
42 91
5 15
94 76
35 99
82 25
25 53
7 88
42 55
15 30
17 10
9 61
78 8
70 41
32 56
94 65
3 34
72 31
8 75
51 83
98 81
98 85
67 35
42 11
3 71
61 83
37 5
29 81
42 81
43 3
62 89
14 85
9 53
15 25
71 20
1 97
51 30
58 96
10 79
64 37
21 28
84 5
2 45
19 5
80 76
96 32
93 51
97 67
29 39
61 32
32 59
87 94
52 85
68 3
62 61
89 67
18 29
15 62
8 39
49 59
13 55
88 24
15 34
100 11
46 15
93 70
20 54
97 64
97 36
4 44
89 22
17 90
28 51
10 16
74 36
76 45
48 63
61 13
48 56
96 62
9 86
46 95
23 46
34 51
22 40
56 20
10 27
19 27
35 100
53 99
48 94
59 53
14 8
14 64
68 24
4 28
90 88
61 53
77 69
10 25
78 16
92 56
51 27
20 60
92 45
23 99
45 43
91 30
56 75
61 30
70 13
55 31
66 82
46 70
20 100
14 24
88 17
26 43
36 54
20 52
45 86
95 84
87 52
1 39
71 32
12 11
92 28
10 83
91 49
14 63
31 40
91 78
13 29
2 3
86 26
67 77
42 27
33 87
49 86
91 64
83 12
58 85
80 100
73 20
8 38
23 44
8 10
27 58
76 37
87 58
61 25
81 49
90 30
97 85
93 90
24 73
43 84
24 62
3 40
73 31
30 67
86 54
81 8
74 21
37 61
76 64
61 26
100 36
88 10
7 75
61 93
1 55
51 52
21 89
44 94
49 9
63 46
81 80
36 73
72 66
18 42
24 9
15 99
5 31
42 89
59 72
33 57
52 70
83 86
92 64
83 15
63 3
87 63
89 1
70 85
26 95
14 39
27 72
24 81
25 45
68 5
59 85
1 26
45 67
13 79
47 11
78 87
23 37
88 12
34 91
71 62
44 74
78 83
12 42
5 30
70 64
53 86
61 33
18 100
69 18
63 22
18 36
20 57
82 58
52 61
41 73
46 24
92 25
30 62
37 99
64 72
20 99
44 20
4 61
7 2
38 49
79 17
20 24
20 59
54 89
82 70
27 78
44 84
51 99
99 87
100 55
61 72
61 99
52 54
63 13
59 15
42 26
39 44
65 43
84 17
91 81
20 93
50 100
57 82
71 33
92 59
22 4
39 94
90 91
33 35
54 37
20 65
67 88
30 47
74 73
52 17
38 26
86 88
51 25
84 11
91 85
64 66
65 62
12 24
82 12
83 60
80 74
27 20
65 37
62 25
33 2
44 38
93 21
82 43
29 6
13 49
12 40
38 75
87 81
83 41
75 43
9 88
67 25
67 53
28 11
5 87
40 32
62 27
44 60
56 74
78 90
75 83
34 84
13 14
25 78
69 45
81 23
91 86
1 94
96 27
66 73
66 25
33 34
65 52
50 41
52 49
70 35
97 18
51 53
39 23
73 60
71 79
55 56
90 38
80 38
23 6
33 60
14 18
79 91
42 24
25 34
7 55
17 71
11 95
21 24
20 23
39 40
56 4
16 17
8 35
96 53
27 25
13 66
28 18
100 29
70 50
80 96
20 31
8 64
16 35
35 32
80 71
54 93
42 99
83 98
85 90
87 93
10 81
44 33
15 4
46 9
72 33
2 1
85 79
67 37
82 98
59 75
43 23
10 94
86 74
99 88
19 17
43 83
14 15
41 8
64 13
1 98
27 4
60 15
9 96
74 52
19 80
87 29
20 28
69 25
41 77
67 51
26 6
6 97
70 63
81 47
45 3
89 92
40 73
60 58
78 50
33 46
34 55
96 88
26 82
76 69
69 70
56 85
95 14
22 45
66 76
62 17
52 34
37 70
40 74
32 13
16 63
75 84
57 58
10 67
22 14
31 65
45 28
18 72
42 35
69 56
92 50
62 1
44 26
91 45
8 95
7 31
44 22
67 71
24 87
85 82
99 13
68 42
11 17
74 41
84 9
28 16
98 35
25 54
72 91
61 39
97 7
65 87
45 38
56 93
96 30
61 45
11 53
8 5
67 79
99 63
59 78
31 46
2 82
81 46
71 37
71 35
68 10
93 79
36 56
4 41
67 55
98 61
19 77
85 2
68 65
66 46
80 90
38 51
73 46
78 33
52 3
74 81
88 63
38 63
76 59
50 99
46 89
94 58
73 29
29 68
18 3
88 71
6 81
59 43
43 4
94 23
9 39
66 14
3 53
3 37
100 32
66 62
67 29
50 71
40 15
97 96
10 14
93 92
100 97
83 94
53 57
55 18
72 62
1 75
56 22
43 99
69 94
56 30
34 21
27 29
25 77
57 19
100 3
83 93
99 79
82 73
68 35
6 74
2 96
94 90
55 64
41 18
57 25
63 8
98 69
4 49
42 69
94 3
29 26
38 39
13 24
65 92
43 31
41 19
30 11
99 4
10 4
44 61
76 95
98 22
6 22
96 67
39 35
5 16
6 95
23 48
83 36
33 70
84 54
59 14
29 88
79 1
80 84
21 77
49 89
44 97
82 86
67 49
23 91
94 82
90 56
34 92
26 31
100 53
96 5
43 91
100 71
34 17
95 67
41 11
37 75
100 26
14 71
15 48
12 87
4 98
20 41
47 61
2 56
96 1
96 36
18 63
93 97
31 19
17 51
29 41
41 13
51 1
59 67
3 78
14 50
42 67
45 64
40 42
60 37
82 19
52 27
55 12
60 72
62 13
74 42
83 6
7 29
4 71
19 18
93 100
92 5
25 96
11 92
59 10
27 61
47 39
21 83
33 80
30 89
25 20
84 52
16 52
83 33
73 56
20 43
65 78
65 4
94 95
36 69
16 33
76 29
49 74
96 59
5 1
93 10
43 37
20 96
45 20
77 50
98 21
21 48
61 66
31 4
67 83
69 9
53 88
52 76
6 50
23 79
8 76
12 67
57 86
69 24
14 81
55 23
6 32
14 3
27 92
53 15
28 23
60 49
6 51
81 38
86 97
54 46
6 69
8 45
24 7
56 82
69 60
76 83
68 60
65 90
85 61
28 41
37 4
72 74
93 98
56 95
99 30
19 67
96 38
64 29
64 57
79 28
88 64
92 82
18 82
72 92
41 53
13 33
7 90
89 52
9 97
31 13
26 74
5 61
57 48
73 45
38 46
12 49
75 52
7 83
57 93
3 79
98 8
41 72
42 94
68 92
82 64
6 53
75 86
20 34
25 81
64 62
26 2
78 79
23 14
98 15
83 54
4 16
69 91
88 4
14 33
83 64
47 96
57 34
2 44
22 74
18 38
10 77
28 12
20 21
18 59
4 86
37 21
4 39
42 20
76 2
36 22
9 27
14 83
84 71
64 74
34 19
58 15
54 80
41 65
80 85
73 37
88 84
60 36
6 25
9 67
41 59
15 24
60 53
86 50
66 83
48 98
40 47
41 55
26 41
50 46
27 80
45 75
49 34
29 3
6 24
48 33
32 97
62 35
12 19
12 17
98 49
92 76
35 59
78 55
40 60
39 81
62 29
63 25
45 36
14 57
84 27
63 97
33 1
28 64
48 18
72 1
47 50
15 6
74 5
12 96
19 8
49 63
73 80
24 55
28 43
17 20
6 98
3 87
50 9
85 28
4 3
31 95
95 13
8 30
83 95
34 2
45 23
7 51
70 57
62 100
51 40
39 27
72 29
26 37
39 18
57 31
67 92
19 11
27 70
3 97
67 68
84 49
80 65
1 70
25 95
51 68
21 50
26 65
19 33
48 81
22 84
83 71
21 5
41 48
21 4
85 30
95 36
5 33
53 75
99 33
94 92
85 67
80 39
69 52
83 42
71 90
16 74
41 15
11 69
100 56
56 17
91 53
93 47
49 16
14 16
48 36
29 93
28 100
66 57
24 95
46 100
78 99
41 42
56 71
1 47
62 46
50 7
30 3
80 8
16 93
95 52
86 87
95 29
29 2
12 36
67 8
5 65
18 65
7 22
34 10
8 17
37 28
35 2
63 4
72 23
14 42
90 92
41 37
47 8
66 36
43 8
21 76
25 93
72 19
32 45
25 28
74 17
80 52
18 47
10 46
60 28
80 1
26 78
9 76
30 39
83 65
68 74
33 85
94 35
60 5
67 7
62 31
74 23
77 85
49 68
73 6
96 52
38 55
52 28
68 15
19 52
45 83
2 79
87 68
96 68
19 95
27 40
19 44
48 61
41 3
7 82
21 80
93 48
16 25
42 78
65 85
13 28
46 99
12 98
64 1
27 77
98 10
17 57
65 8
19 65
98 86
40 90
36 72
23 100
53 47
40 14
17 35
51 45
38 16
31 18
24 48
81 79
8 18
28 32
54 21
18 35
96 50
100 82
44 75
23 34
14 21
18 85
81 95
29 92
21 94
20 18
24 99
27 30
58 54
76 38
65 58
93 14
39 85
88 75
65 34
56 24
86 71
78 84
35 47
100 42
60 93
28 3
46 52
52 82
68 39
95 7
35 65
33 90
48 37
93 31
38 70
89 32
59 38
35 9
20 40
24 51
31 30
17 73
56 39
17 68
95 54
66 29
3 33
41 92
37 74
10 86
19 54
53 82
29 82
55 88
26 35
89 8
94 81
92 46
23 87
46 20
54 85
79 58
44 91
48 79
85 100
73 27
56 61
58 78
82 79
79 35
34 48
97 58
36 7
81 93
20 62
45 93
57 3
32 50
20 95
27 21
74 46
64 23
50 37
96 65
74 84
56 7
46 53
43 66
69 67
20 84
38 98
96 43
31 79
6 76
6 62
36 51
92 70
62 67
69 87
48 67
25 18
79 15
65 47
8 66
54 65
41 90
80 20
3 62
20 30
19 87
41 95
53 19
66 81
97 82
91 26
19 2
28 6
97 59
32 74
73 69
81 60
83 18
47 28
26 80
97 50
12 62
80 72
87 77
71 15
12 78
29 48
60 38
62 79
4 62
97 88
75 97
91 70
28 48
8 77
56 18
41 100
83 13
45 80
44 7
25 4
46 67
53 49
17 95
23 67
60 2
69 82
42 33
1 4
34 80
86 39
80 61
39 32
54 3
34 93
13 72
20 9
43 14
35 22
23 26
75 92
66 45
48 87
18 51
25 39
86 40
10 80
6 8
23 62
86 85
70 18
100 83
44 65
42 38
100 39
85 15
7 71
88 78
8 20
9 17
76 18
29 16
57 87
70 53
69 1
15 81
12 31
18 78
6 77
87 55
24 17
66 69
88 56
79 12
23 56
2 93
51 81
32 60
27 47
62 32
84 1
39 16
61 7
71 72
55 63
36 47
76 49
8 2
47 7
100 90
35 20
58 26
40 88
56 38
81 19
54 53
55 94
73 83
11 29
68 53
71 29
36 5
44 37
86 42
80 87
99 55
76 62
7 48
64 22
75 15
51 43
67 6
53 87
91 47
14 51
29 37
95 61
40 82
19 56
39 62
40 53
58 24
8 73
10 11
58 12
4 24
86 27
50 67
94 57
75 100
86 31
82 37
59 50
14 75
12 8
50 8
5 76
19 78
47 33
32 15
68 16
35 13
78 80
62 7
49 55
59 55
80 97
92 4
52 23
28 31
52 30
65 10
63 52
68 20
8 23
24 80
76 48
63 82
73 12
31 38
92 16
16 15
85 96
51 56
15 3
86 99
12 74
51 11
91 17
10 82
51 80
53 45
26 10
91 33
69 97
54 49
29 60
47 100
100 52
14 34
56 79
68 62
53 81
79 27
64 85
75 19
63 79
56 94
90 20
34 67
20 94
76 98
50 51
80 29
8 59
45 52
64 73
48 92
69 58
66 95
13 34
15 88
8 40
1 71
3 76
46 45
77 65
35 46
70 97
79 36
98 90
3 44
74 69
73 25
54 35
45 41
62 78
9 99
44 12
24 86
68 73
38 92
61 91
94 100
61 8
75 62
2 78
61 77
43 6
80 36
41 22
12 57
89 31
72 39
2 97
49 23
84 23
12 27
11 77
72 63
60 84
56 8
17 87
55 76
21 52
12 18
46 80
