100 3214
29 37
7 2
11 34
32 58
61 16
57 61
97 94
73 78
49 78
42 69
20 24
92 59
10 49
2 46
58 28
74 7
43 57
20 62
97 61
44 16
18 5
4 79
28 51
76 84
28 21
35 45
94 29
6 95
71 54
83 36
19 10
54 92
100 96
43 95
19 14
92 56
9 39
10 97
18 8
44 70
94 27
27 75
61 28
65 59
90 18
24 84
76 6
98 73
70 71
12 71
97 78
48 65
92 16
56 24
61 85
77 100
46 17
71 74
68 38
49 57
10 51
46 80
90 73
38 46
53 17
33 32
83 15
51 23
96 54
81 32
56 57
83 96
89 28
29 44
76 8
62 23
86 71
29 48
96 81
23 97
16 82
86 29
37 49
92 36
50 56
68 27
75 65
7 30
46 62
60 86
8 30
82 94
18 44
21 78
8 88
82 89
23 10
34 76
53 58
26 76
15 25
90 44
85 27
23 68
25 63
85 5
85 48
69 65
66 45
6 2
23 31
59 78
60 34
91 70
73 44
95 71
11 43
79 58
74 4
49 88
52 75
24 9
77 72
64 49
36 37
67 35
59 49
81 53
71 97
3 6
49 35
99 34
78 53
35 85
84 19
78 5
41 70
86 40
76 45
26 1
66 49
10 53
19 61
3 7
24 16
78 26
28 71
31 93
58 14
99 11
9 1
24 33
12 68
21 48
78 72
98 30
45 12
26 83
98 72
91 38
8 71
39 96
89 58
100 93
63 50
82 60
19 41
27 90
26 90
60 75
81 67
30 90
41 24
27 58
45 31
78 79
62 9
7 63
39 53
81 57
30 49
49 8
30 35
24 72
49 83
89 27
3 69
100 98
64 88
2 17
65 90
98 49
84 63
49 19
13 77
95 93
58 35
26 94
66 80
59 16
48 94
92 22
75 92
63 45
30 59
89 97
77 28
46 40
15 72
9 37
55 62
91 49
54 100
88 68
79 21
43 4
49 90
36 27
67 38
61 11
45 68
19 78
21 19
28 90
23 52
25 36
70 64
36 21
41 9
6 72
33 57
50 21
47 11
62 74
86 76
98 47
28 36
41 26
2 68
76 98
1 4
71 1
7 55
87 31
18 87
57 82
89 63
21 35
23 71
51 50
54 99
5 91
89 11
34 83
50 13
60 72
31 28
20 88
23 88
92 79
3 78
28 20
96 42
50 87
51 35
100 34
87 77
3 64
58 26
35 8
74 46
32 15
34 7
48 52
1 74
84 86
69 56
12 87
98 87
71 19
23 41
98 22
95 26
67 73
86 17
52 54
53 82
95 85
20 7
58 29
16 96
1 93
3 21
66 14
32 61
11 66
66 2
67 9
35 76
26 39
33 6
54 85
78 20
29 73
69 24
35 59
13 73
36 71
45 83
76 1
74 41
10 45
51 86
56 16
14 18
60 76
72 3
96 20
26 22
6 19
68 87
26 98
80 94
68 70
66 90
3 31
93 23
74 86
2 74
14 10
38 8
43 82
81 6
45 8
70 75
86 30
80 13
8 43
90 46
76 22
45 88
100 76
43 67
98 32
34 71
90 25
95 58
23 47
13 58
47 4
24 12
91 100
24 10
13 94
86 90
77 75
46 27
38 43
76 37
56 88
16 3
41 77
72 17
36 8
95 49
53 65
73 40
50 3
85 91
92 23
54 65
79 16
73 89
83 27
66 60
72 66
14 67
47 44
10 84
55 8
50 81
63 34
3 22
79 76
99 47
93 53
27 20
31 2
81 7
8 28
39 55
96 15
79 74
100 41
80 65
34 86
3 47
27 1
19 27
85 6
56 70
41 59
100 4
44 74
96 95
92 90
32 67
82 95
81 47
59 94
65 38
92 21
32 55
9 84
30 54
14 69
46 100
9 97
32 79
95 40
19 77
39 97
89 18
56 21
29 1
95 39
10 15
4 39
54 34
92 29
5 9
63 6
29 16
62 51
47 65
50 83
38 21
36 33
75 49
77 14
79 91
86 100
77 55
67 59
64 76
59 25
10 2
39 99
73 25
89 57
82 45
9 55
37 77
53 15
94 100
17 29
41 33
46 32
99 55
59 10
49 17
68 73
97 3
33 39
98 66
41 22
15 91
46 92
55 89
3 94
38 51
100 19
94 54
34 67
26 70
33 18
58 66
75 13
16 40
57 55
88 15
73 65
6 86
99 90
43 40
79 72
74 89
71 20
7 49
37 51
99 73
77 10
14 100
92 71
95 91
79 68
51 67
16 53
22 63
76 43
65 77
28 69
56 55
100 3
36 63
76 25
22 2
59 54
59 66
17 87
67 41
12 3
65 27
13 40
25 67
95 33
85 19
65 28
38 64
80 73
93 45
91 25
16 9
54 72
85 13
57 62
93 41
26 16
14 82
53 9
97 83
34 10
58 99
23 56
84 27
20 84
10 100
71 17
13 89
28 23
64 14
60 47
32 36
37 96
98 41
41 99
87 36
27 2
89 61
20 5
35 72
85 62
32 59
55 71
60 43
81 49
82 48
9 23
59 82
24 38
70 35
79 49
65 3
85 45
94 31
22 66
23 19
90 16
80 76
11 62
23 86
9 34
91 90
68 56
44 36
42 76
56 94
73 9
55 81
15 81
74 67
52 22
41 64
86 45
77 68
21 95
36 61
27 80
9 26
51 22
86 42
78 67
26 27
26 96
12 88
61 79
8 15
78 28
11 27
35 23
11 78
66 10
74 82
13 2
76 71
22 77
2 96
30 2
12 15
83 72
75 12
68 42
44 26
30 89
10 25
97 34
62 16
43 37
11 32
18 58
44 40
39 69
15 40
74 91
80 25
52 14
36 3
42 28
22 89
35 39
22 54
74 19
77 88
45 41
84 46
2 79
92 19
34 85
9 60
29 25
100 38
7 61
22 35
38 13
9 82
84 77
96 46
51 21
35 15
22 60
55 47
94 78
44 61
9 27
2 24
83 77
31 47
69 91
86 24
87 32
89 3
50 77
57 41
25 62
22 68
44 51
69 18
43 97
70 36
56 64
63 85
32 72
46 10
68 72
15 98
37 42
73 62
96 63
44 30
38 34
63 2
89 14
100 61
4 10
86 65
83 54
55 6
98 46
71 72
39 44
79 35
27 3
94 72
58 81
33 82
59 22
91 31
32 77
26 89
22 75
73 2
79 44
77 15
92 18
88 55
56 32
59 55
26 43
74 16
32 34
36 93
28 18
33 31
37 71
75 81
77 58
77 81
30 43
41 80
80 51
94 77
49 39
88 18
23 87
37 26
2 21
66 19
51 95
89 53
2 36
93 8
80 56
97 77
48 5
4 3
25 83
45 69
3 45
76 55
91 11
75 2
52 83
36 75
2 45
43 53
5 36
17 22
38 60
36 53
73 97
72 90
85 87
96 21
92 39
31 57
19 80
38 35
19 87
33 73
51 84
71 15
16 4
35 65
80 75
84 38
56 63
79 24
29 23
76 41
19 86
50 70
90 52
25 72
91 92
44 65
67 70
89 59
70 85
17 28
46 70
29 50
45 57
37 79
37 19
9 65
98 5
15 2
45 73
87 10
51 98
55 64
70 9
75 16
8 19
9 74
18 72
11 87
62 33
89 47
47 7
29 24
23 43
70 77
91 96
87 96
25 82
85 80
38 59
21 11
4 28
31 39
43 78
53 35
36 60
40 3
79 100
71 80
84 16
20 30
55 61
75 19
55 43
60 27
94 53
83 79
25 58
6 89
46 43
26 60
31 20
36 20
57 11
34 95
25 66
86 99
13 29
50 25
92 34
76 97
53 37
38 15
25 46
87 70
57 13
41 50
2 5
43 29
59 8
96 18
16 27
17 40
98 35
78 18
38 33
52 18
56 85
68 3
92 24
54 78
6 74
81 79
79 33
74 93
6 34
91 64
31 51
96 93
86 61
89 75
2 70
70 98
51 60
49 47
53 67
27 59
26 11
85 79
70 3
13 14
49 24
22 18
47 34
29 39
41 21
91 36
35 24
53 26
91 26
64 100
13 17
22 19
48 64
2 4
20 63
60 61
13 81
83 47
84 7
68 75
59 64
52 49
31 97
41 29
64 53
22 16
62 27
29 51
96 14
46 89
87 56
55 28
27 10
58 45
99 98
52 50
76 19
49 31
34 1
86 21
49 28
29 91
10 54
12 54
80 9
46 15
24 52
11 67
85 65
77 71
35 78
81 9
100 23
44 84
67 4
96 41
56 96
41 39
69 48
97 68
7 67
6 70
8 74
29 56
63 65
37 1
39 11
55 16
18 62
74 20
56 4
57 68
79 60
28 24
75 14
52 10
22 48
95 57
18 29
35 96
33 81
41 58
56 19
56 31
66 55
29 60
37 34
68 59
3 95
73 41
59 71
56 84
71 67
4 91
99 75
48 93
16 99
26 52
56 81
71 100
9 35
51 53
98 93
40 20
91 37
24 78
80 6
67 26
22 10
21 73
94 66
14 74
48 62
56 65
35 73
14 95
30 88
47 72
60 18
87 92
51 63
24 99
55 15
62 6
61 64
36 9
47 71
54 61
64 86
100 90
93 92
37 85
74 77
85 100
37 44
88 91
4 48
35 29
81 4
41 88
73 59
24 45
18 42
2 98
75 61
73 26
96 88
8 68
90 94
22 93
27 21
6 96
23 73
10 94
26 23
72 36
65 72
35 97
87 60
41 69
76 52
40 71
89 60
4 65
75 9
54 5
71 61
66 24
74 64
85 99
1 24
46 63
88 99
62 53
5 14
32 86
53 18
92 82
65 43
11 77
70 49
68 53
92 89
51 15
58 93
26 31
12 100
36 26
86 31
44 55
48 17
57 34
45 1
44 34
46 51
77 44
65 76
89 48
85 66
40 30
65 19
98 84
97 18
35 2
12 80
53 8
76 56
32 41
20 69
59 37
72 74
61 5
78 64
22 1
73 3
23 24
50 74
72 82
97 2
46 48
75 58
93 3
96 69
74 85
54 79
7 54
62 82
47 68
35 92
84 17
29 47
2 61
66 47
86 97
63 15
32 74
19 18
99 38
62 8
54 27
12 44
2 53
97 59
73 36
42 74
56 72
85 42
79 55
72 9
62 37
75 28
56 5
14 98
57 10
71 83
31 69
71 52
19 32
50 30
38 50
85 44
37 40
39 50
51 20
53 45
67 83
77 86
89 81
96 84
96 38
89 71
2 44
12 97
80 35
19 64
50 19
100 92
24 53
76 17
77 79
26 97
65 97
14 45
73 37
72 48
30 42
58 63
86 28
56 77
88 86
98 37
29 53
75 29
28 68
76 13
99 45
77 3
99 87
67 48
32 69
87 94
41 4
39 73
43 90
92 42
82 81
84 99
49 85
44 22
15 79
34 43
64 94
41 48
83 75
63 61
7 18
89 64
54 17
70 20
54 6
49 100
48 24
9 98
11 44
41 85
9 83
13 69
46 21
64 11
52 93
99 7
40 60
42 93
9 17
28 9
73 18
42 5
97 32
90 36
27 39
8 44
25 93
93 90
35 55
66 6
75 10
56 40
18 43
61 95
97 81
43 83
42 46
83 39
38 4
99 76
76 36
43 1
37 90
36 85
73 69
92 70
34 62
10 67
27 76
12 56
12 47
31 22
41 51
31 48
33 83
50 58
47 95
1 8
37 31
37 45
93 71
97 69
39 56
60 68
7 98
98 58
35 81
40 19
60 33
70 81
94 18
8 54
94 7
37 67
42 52
61 22
25 24
81 27
53 4
87 74
58 48
97 28
14 42
29 38
84 100
45 18
4 14
72 41
37 75
42 19
75 53
66 35
3 90
3 25
4 98
95 63
37 35
60 48
40 82
76 95
98 3
33 100
97 85
89 33
96 19
24 6
70 83
37 68
23 46
35 7
73 5
77 99
11 58
47 19
42 71
84 33
30 6
71 99
85 32
82 51
87 53
69 1
70 63
69 26
56 97
35 17
96 24
6 60
40 18
30 24
24 74
16 6
17 4
83 85
4 20
20 81
15 67
43 61
16 10
67 75
75 97
44 46
37 41
72 12
77 18
75 71
17 95
29 85
64 22
55 68
1 57
66 57
97 46
13 4
95 97
98 80
42 66
18 63
30 17
49 23
100 18
84 67
13 64
55 83
36 54
23 3
55 96
54 58
86 35
79 86
19 34
4 69
79 22
59 23
74 35
76 15
90 87
73 66
73 79
89 79
10 38
57 72
61 51
58 38
24 27
11 53
94 93
83 81
71 85
67 44
55 70
47 87
54 26
59 28
54 97
64 37
74 78
30 73
6 56
53 3
1 98
29 88
30 3
53 42
78 83
43 16
6 99
97 20
34 14
91 8
97 60
88 5
9 42
55 49
13 36
52 99
4 26
54 77
84 14
4 89
2 39
73 93
73 15
78 56
17 31
88 82
84 74
40 4
39 63
69 27
32 21
93 60
46 28
86 98
21 34
27 77
72 95
12 41
49 9
10 71
32 26
5 90
18 4
75 24
92 14
62 70
24 100
31 61
54 2
28 15
96 45
13 19
6 38
25 17
50 7
5 69
66 29
20 72
95 37
82 29
31 27
74 5
93 65
26 86
47 77
76 2
26 77
52 62
30 63
76 14
97 33
49 14
19 95
35 47
90 10
31 98
38 7
63 81
20 1
51 91
55 12
72 92
25 94
46 29
9 95
2 37
75 23
21 85
78 69
85 14
52 34
1 19
84 85
75 34
92 81
33 20
99 62
50 35
25 92
16 5
5 7
1 13
80 86
99 74
43 32
3 19
90 4
59 6
11 4
37 17
63 53
74 48
100 53
69 83
46 6
1 64
64 77
46 30
22 73
36 49
66 92
42 24
17 5
48 99
5 60
54 55
62 28
63 99
42 88
40 61
4 85
46 94
52 78
22 23
42 2
84 28
94 2
11 46
65 89
43 69
32 9
96 50
68 52
55 67
75 87
84 59
90 11
47 75
54 15
46 95
91 54
40 75
70 53
20 87
6 69
1 6
77 40
59 18
66 86
33 16
16 78
80 22
63 38
45 9
48 56
3 48
52 69
69 72
72 45
65 10
58 42
8 83
56 52
89 78
7 83
13 43
93 68
40 87
9 3
65 22
66 96
13 47
96 27
67 40
94 44
92 64
48 79
41 61
26 65
99 50
35 57
69 64
73 72
8 80
91 48
33 68
77 30
38 18
51 45
90 85
55 2
37 46
42 56
18 26
43 33
27 55
76 68
72 96
78 38
66 46
92 97
84 97
56 2
62 45
97 19
25 77
77 52
48 36
82 63
50 36
9 31
35 90
60 17
92 65
8 6
56 36
25 49
17 24
24 67
7 36
87 97
14 7
34 15
60 1
58 12
82 7
7 21
5 11
89 8
95 13
24 89
40 26
92 76
4 37
36 16
31 79
81 30
43 2
13 12
65 64
93 35
37 28
53 85
86 87
77 90
15 92
10 41
7 73
42 3
64 34
11 60
33 19
38 23
94 36
87 58
19 24
44 57
25 28
71 60
64 99
60 58
68 82
54 19
56 46
75 7
45 22
64 5
78 88
24 7
91 20
76 72
57 9
63 87
42 20
100 28
52 35
59 21
24 22
5 43
77 91
14 46
43 80
43 100
86 48
56 35
8 58
19 30
61 62
93 13
1 21
48 54
71 16
61 70
71 78
34 46
8 73
25 4
13 60
16 21
69 99
43 98
54 25
94 8
37 5
26 88
31 85
50 49
43 85
14 22
57 100
8 97
30 94
73 56
8 3
17 45
40 27
63 13
33 92
97 58
25 79
62 22
22 94
65 79
2 65
92 58
58 56
96 11
96 44
4 27
9 19
31 59
6 39
31 95
83 92
73 74
65 36
69 86
96 13
6 36
48 70
54 95
33 77
30 13
30 75
54 73
18 1
85 64
7 48
16 28
92 60
50 22
13 68
66 95
63 91
84 47
93 51
48 66
26 100
15 41
69 84
16 50
87 24
78 86
98 97
24 4
3 18
32 22
48 80
45 26
56 43
74 21
32 99
90 79
65 46
100 13
43 81
16 19
21 99
91 86
89 44
61 4
27 29
86 72
36 80
35 94
99 56
43 42
34 45
99 2
32 12
58 51
28 26
8 47
100 97
37 97
69 8
83 58
71 30
73 6
9 14
10 28
63 26
38 71
78 7
70 47
16 60
81 40
9 88
64 80
4 84
36 68
7 85
30 55
13 55
16 87
85 15
100 63
4 55
93 33
80 74
83 28
92 94
84 66
98 29
23 96
76 4
47 17
46 71
16 37
67 90
17 56
64 27
71 24
45 28
77 85
3 15
46 52
10 58
23 32
39 34
1 83
54 31
9 71
62 43
4 77
45 47
60 62
6 48
9 68
25 69
24 46
33 48
45 79
44 87
3 96
92 78
90 64
16 48
78 46
35 34
26 56
27 44
82 65
52 51
25 68
27 57
33 47
46 99
78 33
69 58
86 41
8 48
75 51
65 100
11 80
78 70
75 56
87 71
78 65
73 1
50 37
86 75
59 1
12 46
34 68
20 13
47 58
71 69
76 96
27 14
80 1
33 21
91 7
88 48
49 71
6 83
90 97
24 60
94 11
27 67
70 69
55 63
59 15
62 30
91 3
47 6
85 89
82 31
86 47
92 61
68 74
19 43
2 58
43 66
80 49
1 100
27 88
10 93
99 65
93 67
66 34
57 2
42 8
61 67
12 94
65 29
42 65
31 38
97 70
8 46
51 54
71 18
93 37
77 92
76 32
4 22
38 62
70 13
70 100
93 18
96 48
58 33
90 12
50 73
29 84
70 80
38 70
24 65
21 18
14 20
8 95
30 22
24 51
71 96
83 94
88 84
30 36
83 65
58 61
92 50
53 91
94 62
11 73
71 39
12 39
33 65
19 60
49 16
72 27
94 60
72 42
2 14
62 65
16 17
61 35
35 27
59 45
32 28
14 62
17 39
20 85
95 62
48 35
1 87
54 80
60 3
72 99
40 29
59 24
94 79
94 63
57 18
2 64
5 40
85 17
50 24
83 76
71 29
13 35
68 49
61 98
57 60
81 12
12 74
60 7
82 84
56 34
82 27
61 24
43 21
35 87
99 59
32 49
56 22
14 28
47 69
20 55
22 100
31 32
42 83
23 90
60 45
52 57
24 11
50 85
60 100
81 36
95 35
49 38
18 36
35 14
17 33
81 1
14 90
24 18
20 89
21 24
38 28
7 16
58 62
51 66
41 55
96 51
74 75
72 91
85 9
12 20
3 92
77 42
36 74
75 41
3 41
57 88
9 43
89 23
47 61
38 55
26 84
25 18
48 14
90 68
67 12
54 81
89 7
1 89
93 17
80 7
72 51
7 22
34 26
13 22
35 31
93 79
19 98
4 95
58 96
5 81
6 92
57 38
38 87
21 20
43 71
27 38
94 45
50 61
8 75
69 17
98 25
22 90
81 52
88 39
98 52
53 50
83 5
98 96
24 81
6 18
85 38
92 67
61 34
40 34
19 35
21 42
24 91
65 7
12 28
77 6
5 29
86 53
2 100
57 97
72 84
10 43
21 5
6 14
78 34
20 76
24 37
54 23
14 61
43 91
23 66
76 93
42 34
6 44
8 100
88 89
8 40
7 9
55 58
18 15
82 86
63 67
45 27
92 85
44 56
79 96
3 46
63 93
7 31
13 27
69 95
74 33
12 78
5 76
18 12
14 36
51 49
21 25
93 43
27 78
100 39
71 65
89 37
95 42
69 94
59 100
85 46
73 71
67 100
98 28
26 12
66 9
24 55
22 9
51 2
49 58
81 76
72 34
41 28
64 26
13 21
23 53
6 50
39 25
63 60
42 6
43 39
83 13
58 19
19 4
59 96
41 38
80 58
49 18
35 1
81 46
78 98
45 4
68 100
50 68
46 9
11 48
28 76
57 20
83 64
32 35
4 75
36 86
2 8
83 56
16 46
47 16
41 30
1 12
76 94
64 73
90 8
84 18
32 20
59 95
43 48
52 25
66 88
70 1
38 17
58 3
85 96
97 27
33 80
89 80
24 43
90 75
55 21
72 61
34 48
74 37
72 75
23 99
84 53
42 80
76 90
5 72
71 58
5 63
62 21
84 39
12 53
70 54
30 5
76 3
29 79
80 87
94 40
10 47
93 24
86 22
91 1
58 84
75 3
50 80
34 77
7 59
98 69
26 47
13 67
99 31
64 75
10 99
59 3
55 5
9 4
11 3
79 5
76 23
78 9
51 32
81 68
14 30
66 53
96 99
32 89
35 6
89 84
86 39
44 76
42 23
13 32
11 54
87 30
58 82
9 13
72 80
60 35
55 53
41 95
77 59
78 100
78 8
10 63
76 54
39 21
43 77
50 27
67 99
70 28
44 42
61 52
62 93
37 83
37 38
39 13
58 6
97 21
82 41
57 69
85 55
81 51
72 59
21 71
50 97
87 73
30 31
32 71
2 29
29 95
14 31
65 96
37 82
99 19
52 63
10 37
10 60
68 66
95 25
51 92
19 26
13 78
12 79
91 58
66 79
26 29
71 7
33 26
3 87
83 80
38 48
90 95
67 56
74 90
9 87
94 84
39 90
88 3
90 2
75 20
17 7
78 37
25 84
91 80
11 68
81 26
23 67
53 97
16 38
55 80
96 1
16 86
54 89
43 15
19 53
51 90
39 32
8 39
23 95
50 26
25 74
63 79
82 28
9 44
76 59
32 65
48 98
57 77
78 50
47 5
73 91
78 30
63 83
68 31
72 85
65 41
17 92
57 70
23 60
46 19
57 50
8 50
97 82
67 69
69 81
42 33
11 70
74 97
60 41
3 38
85 57
21 61
72 67
43 3
66 99
19 79
22 37
90 42
94 98
76 50
29 34
5 93
64 4
55 69
37 100
13 61
79 26
41 71
82 26
47 25
86 8
74 38
37 54
33 29
40 65
67 31
75 43
96 31
60 39
1 36
26 71
91 68
20 54
21 37
7 10
26 10
14 80
96 57
7 4
51 12
21 30
41 14
2 34
70 30
84 35
98 17
9 15
17 91
34 84
49 84
60 98
73 38
67 85
29 69
4 92
3 57
94 34
60 96
48 27
44 93
74 30
66 17
3 56
85 93
65 84
11 36
72 26
73 77
27 30
20 94
53 59
61 76
54 29
36 96
52 94
2 50
6 49
45 44
50 60
49 13
63 71
40 97
41 63
13 48
61 1
72 63
90 98
86 3
42 35
25 32
79 84
48 55
11 40
39 28
80 44
68 85
27 25
16 15
92 5
60 8
21 68
78 62
11 74
16 13
89 39
52 41
58 68
11 19
29 14
7 37
60 15
64 21
82 49
72 16
98 62
55 11
87 48
38 83
11 97
64 87
56 91
12 73
64 6
71 35
96 82
32 96
97 45
4 80
58 90
77 9
81 3
63 17
36 45
49 87
23 78
85 10
69 15
27 86
83 17
48 63
72 4
29 74
36 47
78 47
33 99
62 67
63 98
72 93
64 96
2 25
73 60
35 5
35 10
40 53
14 8
90 40
96 34
12 77
93 14
88 70
84 22
15 7
100 32
100 27
88 44
20 37
28 40
69 54
32 60
90 38
66 56
65 94
91 46
46 47
61 53
71 4
59 39
64 54
79 97
65 18
75 46
26 25
74 26
99 94
79 82
47 53
90 20
50 4
74 66
52 21
11 22
80 21
8 7
83 29
65 49
82 80
98 68
82 15
93 28
89 12
32 88
44 71
66 37
18 98
24 8
56 98
67 86
46 33
62 87
62 39
17 15
34 13
83 35
70 12
94 24
19 25
66 50
48 1
35 100
96 78
8 33
33 98
71 94
81 59
72 50
29 72
4 86
31 34
12 30
2 23
46 77
23 1
68 54
6 27
68 80
29 59
51 68
100 89
54 60
56 89
23 82
9 2
42 49
70 58
89 77
48 77
75 94
43 88
69 16
2 3
58 59
95 86
85 26
11 9
38 56
88 22
44 48
30 68
69 79
22 96
73 46
100 87
64 50
57 54
21 65
42 62
63 37
41 92
13 18
38 95
74 51
46 83
93 50
83 44
80 38
56 37
46 57
55 92
84 62
8 98
11 100
63 43
64 62
49 97
27 33
38 40
59 75
57 73
87 14
62 66
26 17
73 81
55 25
61 78
57 14
81 44
41 35
60 95
100 72
89 25
50 100
23 6
70 21
33 72
74 61
49 22
73 86
74 98
52 96
90 63
95 75
34 89
33 64
57 83
37 18
37 30
59 13
15 21
69 68
45 29
55 34
72 49
10 92
35 64
15 89
64 84
35 4
52 1
42 81
70 40
11 13
5 8
7 97
88 62
28 19
19 38
89 83
17 73
86 2
89 67
53 5
15 49
9 48
70 96
89 86
43 50
84 31
34 23
24 26
39 23
92 96
42 64
33 49
37 48
17 14
45 92
100 82
94 9
81 62
83 73
30 66
77 51
40 57
96 28
65 88
73 63
40 91
90 34
5 71
26 38
69 75
92 44
47 93
4 49
13 74
67 2
92 68
1 67
99 35
33 61
88 73
27 34
8 79
11 83
14 79
74 70
31 100
30 9
97 42
73 100
83 87
14 70
15 56
8 57
33 76
87 57
14 33
21 88
64 20
63 16
2 85
70 8
46 4
9 69
13 72
11 17
80 77
68 7
2 28
95 52
3 74
38 79
27 41
12 86
43 17
71 14
35 20
46 93
27 79
80 18
27 52
79 57
76 70
80 79
74 92
89 5
81 11
68 48
17 64
18 10
43 87
10 72
84 8
65 74
34 51
5 3
92 47
69 19
9 54
70 51
56 51
44 32
84 23
7 46
34 81
39 22
24 90
22 34
88 19
97 30
87 27
44 69
73 84
55 31
56 33
37 52
1 31
10 69
96 74
66 28
58 1
69 35
43 27
21 47
25 34
56 59
57 24
32 8
73 85
92 38
17 74
80 39
98 36
24 47
75 6
38 77
67 50
7 96
29 89
72 89
63 66
40 9
12 62
20 67
97 38
15 74
14 21
90 84
64 15
71 13
13 53
6 11
44 14
36 66
31 36
4 59
69 76
82 78
18 41
43 7
82 99
79 9
72 81
3 63
57 53
43 73
67 97
63 69
6 90
67 47
20 47
11 69
49 11
15 65
18 23
4 93
90 70
67 58
94 4
8 85
37 92
79 47
28 95
58 52
27 93
41 62
66 83
52 79
82 42
94 73
99 93
18 46
97 5
22 82
52 55
82 66
57 76
38 42
53 44
83 23
7 62
24 64
66 61
13 24
26 42
75 88
95 55
65 81
63 74
63 86
89 35
57 75
44 91
83 2
83 90
3 52
14 38
71 25
33 35
60 78
17 20
28 91
22 5
26 99
55 46
7 76
28 92
77 76
14 56
5 1
51 9
68 4
28 56
18 68
52 89
12 40
24 95
42 31
49 67
82 70
16 12
50 47
31 64
98 45
44 58
21 82
2 88
8 51
90 13
43 59
60 42
17 99
69 40
88 67
44 38
91 98
47 94
64 97
31 16
28 29
19 94
24 70
41 44
12 31
42 94
65 66
80 5
77 20
100 44
50 62
21 4
15 24
3 17
97 88
6 31
30 60
1 86
48 26
42 12
38 61
59 63
15 14
6 71
25 100
66 52
82 46
58 17
72 46
31 41
70 89
27 66
61 45
66 31
52 59
29 76
58 34
54 87
52 47
57 94
36 24
100 69
76 91
31 70
11 71
54 98
42 39
64 36
36 95
92 7
57 84
22 78
89 98
16 77
27 63
6 61
98 24
5 100
31 71
75 93
12 19
92 73
85 24
20 92
93 89
82 83
94 96
99 80
98 95
19 57
30 28
53 38
45 15
8 16
53 48
76 58
62 10
28 47
62 3
95 99
15 62
15 66
5 68
30 91
93 97
67 52
43 20
78 91
98 34
21 87
48 84
12 76
40 31
36 57
15 97
1 49
80 30
45 33
27 42
50 34
44 97
8 26
65 68
27 49
55 84
25 11
95 15
47 85
27 8
74 56
2 60
47 42
82 71
60 31
92 27
37 11
78 6
70 39
88 74
32 45
69 50
97 48
69 60
39 78
87 59
16 80
97 36
92 62
20 15
12 43
7 6
2 41
12 60
43 45
67 94
21 89
96 80
57 64
79 67
86 68
52 19
52 80
66 69
90 15
11 28
66 32
40 89
28 79
93 2
16 70
48 71
1 79
72 58
83 19
75 35
60 90
50 46
72 28
48 90
52 88
91 75
7 70
56 30
91 13
77 45
17 81
93 38
84 93
21 58
52 92
82 69
83 99
32 83
82 76
28 73
8 9
50 86
61 56
44 82
98 77
99 15
44 52
37 12
53 73
77 93
14 1
63 42
20 98
73 34
90 45
6 79
19 67
67 5
67 6
27 28
83 16
34 87
84 37
31 13
85 78
25 31
13 87
78 90
40 100
77 1
29 99
11 31
74 31
43 58
74 23
78 44
36 19
93 21
60 44
88 58
