100 3254
18 40
6 14
85 7
15 2
39 32
3 16
4 48
30 79
77 82
42 23
60 75
97 77
45 86
94 34
56 37
2 5
72 24
52 18
41 97
95 90
51 80
69 67
30 96
21 9
61 85
44 26
81 36
42 48
9 70
27 88
68 96
3 58
90 14
56 55
56 69
56 30
59 23
16 90
54 20
99 2
49 86
20 3
68 55
82 73
59 91
18 30
6 4
56 70
98 7
96 24
67 11
97 23
87 49
84 59
54 73
25 26
76 42
32 29
5 72
70 31
16 53
8 4
31 45
97 51
2 26
89 97
20 15
58 36
41 93
25 47
7 87
33 10
1 87
14 12
25 56
12 63
82 46
29 80
48 10
38 74
86 11
54 31
41 74
27 69
44 2
73 77
27 6
96 61
89 36
92 18
20 99
19 63
58 51
7 95
30 11
89 16
89 24
6 64
3 1
72 27
75 64
12 47
97 18
94 69
96 34
8 61
65 74
21 93
12 27
81 56
6 43
75 13
5 65
63 86
31 99
48 74
7 25
60 21
20 78
30 17
33 55
2 83
43 71
79 33
43 77
8 76
30 6
36 28
83 48
96 38
47 9
81 79
13 65
60 81
22 17
89 12
14 1
56 66
97 1
99 16
5 43
3 6
82 8
10 7
37 40
66 79
87 71
80 97
22 83
20 29
82 70
82 92
48 21
50 20
29 12
69 34
76 23
6 79
13 51
15 99
92 33
45 80
21 54
93 38
66 34
85 70
75 77
23 80
20 2
77 80
55 9
10 13
2 24
100 91
62 69
19 26
96 7
6 73
85 77
9 98
14 64
36 75
30 26
69 41
41 2
57 69
76 98
67 6
54 12
58 39
23 10
60 46
62 42
33 48
25 84
61 9
47 24
25 12
63 54
21 38
58 4
62 70
53 78
67 63
24 68
16 67
65 75
21 35
64 77
76 7
27 4
75 18
44 47
64 65
62 14
86 80
26 17
58 21
27 90
55 46
17 88
1 32
50 3
44 11
94 81
30 72
12 88
67 71
65 78
34 26
28 7
60 4
64 44
77 7
4 20
3 81
87 59
44 49
65 40
36 46
86 37
49 36
70 36
71 59
20 40
9 81
36 84
52 72
73 40
8 15
68 47
83 21
63 53
21 12
32 19
67 37
85 73
96 79
54 34
29 26
44 30
52 2
5 21
34 13
37 77
84 12
24 28
12 87
57 100
34 30
28 83
63 26
74 96
60 88
44 10
64 41
22 21
18 86
74 57
57 9
33 87
57 90
29 85
1 67
100 55
55 92
75 46
36 38
74 91
68 77
57 28
31 22
60 40
92 41
67 90
39 96
69 13
38 68
15 36
9 6
71 99
35 51
100 17
75 38
4 40
62 59
24 13
71 83
83 95
33 5
89 37
18 22
48 97
89 10
100 80
90 76
45 92
71 19
6 18
67 93
49 84
62 33
98 37
56 82
58 90
62 28
40 56
56 46
3 29
50 84
54 9
74 56
85 86
15 65
53 46
5 49
70 68
79 52
96 21
92 40
83 54
67 13
97 62
64 83
54 50
79 61
7 29
86 24
74 17
72 87
14 68
34 38
93 9
75 3
68 3
61 19
58 82
47 40
11 68
22 59
56 17
53 34
60 49
97 3
8 56
80 8
1 80
14 43
38 41
79 93
69 22
10 15
25 55
46 47
12 70
81 22
42 86
15 18
87 68
90 32
26 99
35 46
10 8
77 15
52 26
87 41
46 99
64 40
71 72
44 33
65 25
21 11
75 31
46 43
60 73
23 34
51 26
16 80
64 73
19 36
83 37
48 18
81 40
47 63
35 99
64 28
83 51
47 72
56 13
92 64
81 67
18 88
13 80
86 52
15 30
77 27
75 47
74 8
51 38
36 95
31 36
70 97
80 9
84 3
33 70
83 15
85 90
72 79
49 26
96 88
67 59
5 20
42 60
32 71
52 47
42 57
87 44
8 50
100 86
44 9
87 24
92 24
44 92
31 61
20 58
78 5
11 15
34 14
19 47
68 36
54 29
18 96
3 27
22 73
39 42
63 76
4 17
59 36
90 25
26 72
22 44
69 93
78 40
96 89
76 62
59 58
18 31
72 66
61 68
42 66
99 38
100 4
6 57
90 56
46 86
93 39
21 68
87 63
30 58
25 75
6 92
4 78
73 88
27 37
9 99
1 20
4 50
33 84
57 37
77 90
10 69
83 52
94 21
70 26
44 28
29 45
55 67
41 53
11 25
79 22
11 10
33 81
63 75
90 22
7 20
75 19
92 70
19 31
40 55
3 37
91 8
97 63
76 22
12 71
34 1
93 14
100 42
63 91
2 64
46 17
39 60
95 67
55 37
45 23
76 65
13 42
87 69
60 37
58 74
18 1
39 17
84 22
62 38
97 99
52 75
49 48
10 58
26 43
85 67
70 89
4 96
65 22
73 90
17 41
9 76
98 86
54 42
70 86
58 14
52 37
56 45
51 94
66 55
50 72
11 64
81 43
65 14
90 72
10 24
6 74
10 25
81 98
79 37
35 98
94 29
37 48
58 71
7 15
69 35
76 70
8 67
56 54
62 58
63 73
53 48
70 20
1 31
53 15
100 33
20 94
34 43
30 95
60 57
43 84
59 89
9 49
83 62
44 1
43 44
1 45
41 79
30 49
87 67
100 74
59 73
85 35
15 67
37 59
14 23
72 36
74 95
60 67
71 35
35 19
7 57
78 25
67 14
8 7
59 90
28 20
49 94
45 9
39 33
60 93
93 18
57 59
15 82
29 67
18 35
61 91
31 47
82 16
9 56
39 62
5 76
51 23
41 81
100 54
25 8
21 75
62 90
34 93
66 49
66 78
91 34
68 60
58 86
58 94
35 53
96 20
39 90
12 24
12 75
73 71
77 12
19 34
12 41
18 78
31 80
84 58
12 40
57 39
43 76
93 30
88 29
31 12
82 34
69 7
33 75
66 87
62 68
24 56
54 22
56 94
16 93
15 22
70 1
58 26
39 22
64 74
14 77
58 5
49 14
27 85
70 46
21 42
79 31
74 68
49 43
39 3
1 89
59 64
91 4
78 73
68 78
71 14
22 4
20 66
95 59
43 41
100 31
85 6
49 10
64 68
65 81
42 43
64 87
25 79
7 61
40 2
38 65
3 93
99 24
86 5
10 9
74 84
75 1
64 78
26 86
96 86
80 48
99 63
15 84
56 57
28 100
14 33
73 83
23 56
49 37
85 9
49 89
52 36
23 36
43 23
44 83
3 47
17 32
51 57
36 79
22 29
13 12
17 33
98 79
5 62
22 50
79 78
13 7
12 97
53 100
90 42
72 53
9 43
89 2
34 79
73 80
16 69
68 94
63 16
53 89
34 85
50 28
7 70
42 3
8 13
50 81
98 95
64 9
92 97
100 84
42 30
75 17
57 33
48 63
16 19
78 55
53 62
37 73
35 59
15 4
13 19
66 12
91 23
16 44
15 56
44 23
25 54
65 92
37 16
15 41
9 16
53 85
53 1
73 25
40 80
54 19
93 56
33 91
46 48
14 75
51 19
100 41
73 98
30 97
50 21
1 96
21 59
9 17
38 89
68 67
75 39
11 38
1 76
92 4
50 24
91 87
38 30
16 38
77 1
89 92
80 19
7 84
57 58
18 90
12 100
28 54
29 71
18 74
10 3
33 97
8 71
32 41
84 21
95 50
54 62
50 44
11 85
20 42
31 51
38 72
22 80
31 91
79 55
93 86
33 96
100 48
66 74
98 36
16 61
56 33
11 42
47 98
16 81
66 50
38 69
61 28
77 5
49 33
10 71
8 54
74 11
23 89
45 62
74 78
24 29
60 41
85 81
4 71
14 61
57 19
90 37
61 32
53 51
4 9
22 14
31 93
87 97
8 1
28 55
95 48
68 44
55 88
16 54
78 14
59 80
79 14
53 59
99 92
19 24
74 98
13 77
59 19
26 53
62 56
92 95
29 11
77 54
24 30
38 37
33 83
71 95
36 27
43 38
4 32
51 9
32 95
19 76
56 86
93 74
82 69
25 93
47 26
27 62
22 33
1 74
25 50
25 21
71 88
28 32
92 43
27 95
61 62
89 29
85 15
88 48
2 77
16 74
71 30
50 90
82 18
8 46
19 85
47 54
43 24
50 61
68 48
18 3
26 76
45 2
48 35
81 17
22 5
27 53
51 73
37 11
1 36
43 55
25 76
25 86
4 12
78 39
5 13
48 71
90 21
1 57
5 97
36 60
61 49
69 77
69 58
48 45
67 48
38 42
16 31
72 25
44 77
40 84
35 9
74 80
42 89
94 27
19 87
81 18
13 85
39 81
13 99
41 13
78 67
87 2
30 8
6 26
27 59
85 22
81 8
100 63
85 83
96 87
45 94
33 89
61 80
68 98
63 77
51 2
41 78
52 41
34 12
85 1
52 31
51 55
69 40
84 47
92 86
12 49
40 95
58 8
38 10
66 89
52 15
31 7
78 71
80 96
27 70
93 2
83 6
26 61
67 99
63 45
21 36
44 65
95 22
38 64
62 86
30 67
13 93
51 29
52 68
56 19
19 83
96 98
65 45
41 50
52 77
3 22
18 53
12 67
16 57
3 13
3 28
100 22
39 76
17 58
47 100
14 81
70 72
71 96
80 58
74 24
71 36
67 43
5 11
12 57
55 90
24 75
70 4
69 30
3 36
93 62
96 17
94 22
12 5
47 11
5 90
51 84
96 62
6 55
40 88
69 84
66 90
96 41
11 24
61 30
40 33
87 27
19 50
47 56
91 30
91 45
51 67
1 38
59 12
42 55
20 62
86 50
17 3
77 20
41 51
18 38
75 49
91 76
60 77
49 31
55 16
25 5
85 79
82 17
36 54
65 83
85 93
61 100
63 23
64 18
53 66
55 41
53 83
76 21
38 94
63 59
82 71
13 76
23 46
51 92
70 98
7 78
32 30
85 18
13 96
26 94
13 70
34 24
65 4
83 16
11 31
86 9
32 14
62 23
88 84
92 11
42 46
7 80
2 75
31 71
79 21
21 52
53 98
92 5
17 23
48 96
28 39
26 90
86 51
53 45
75 10
12 65
72 57
92 35
44 45
81 88
33 13
83 29
35 62
82 35
100 93
39 50
95 15
33 23
3 60
45 51
75 70
53 14
98 13
69 90
96 83
72 7
68 28
72 62
50 17
74 20
6 94
6 15
6 99
13 15
80 12
74 22
91 39
68 83
72 85
87 61
1 22
82 48
97 45
73 13
47 45
29 78
48 8
67 86
34 47
42 22
27 1
64 95
18 27
43 59
17 27
70 73
62 89
7 93
52 11
46 9
72 94
82 91
51 49
75 92
43 88
100 8
89 48
23 83
60 62
23 65
14 7
86 72
70 45
38 3
52 60
20 24
66 19
54 48
73 39
36 99
3 24
31 94
32 64
26 32
25 15
5 63
4 56
70 79
72 4
13 94
43 36
67 56
41 77
99 44
72 22
41 54
6 48
18 98
29 100
23 58
54 97
13 58
63 71
16 15
89 63
58 78
63 72
82 97
53 61
34 42
66 33
49 25
84 31
56 75
98 38
90 81
10 92
80 21
87 75
21 97
79 9
81 21
52 92
57 45
29 21
28 45
82 39
98 59
32 50
18 46
80 78
20 92
88 72
65 69
47 71
58 92
83 41
22 53
19 81
75 88
79 11
83 58
58 18
40 34
13 26
19 48
87 83
97 17
57 67
29 62
70 16
45 41
28 63
7 91
5 16
24 85
41 18
18 55
98 8
23 18
60 80
71 45
77 30
9 91
17 85
74 32
28 76
50 91
1 72
44 70
43 19
40 42
56 27
1 66
9 37
71 33
50 77
61 72
14 19
61 57
18 100
2 13
12 10
92 62
92 30
63 46
100 20
4 13
100 95
14 39
89 50
41 39
72 23
52 7
8 95
22 63
100 83
35 66
68 4
34 63
14 91
65 63
14 55
75 79
16 97
16 26
33 64
35 90
13 63
88 13
11 22
2 60
2 68
77 10
98 31
93 51
61 92
35 94
74 87
88 77
83 88
46 100
24 40
77 36
80 89
100 56
13 48
87 23
43 29
63 81
63 66
27 78
52 22
61 64
49 17
88 76
72 37
2 22
66 58
29 1
7 53
36 91
23 99
60 96
85 49
68 59
29 49
44 71
51 87
4 57
39 7
78 33
27 30
58 24
53 87
96 52
39 4
64 50
11 46
9 63
73 15
2 30
56 31
71 54
48 99
54 75
74 36
20 19
80 83
49 79
59 9
25 18
37 69
18 20
1 81
27 65
51 1
70 49
33 34
4 18
37 6
70 21
15 44
7 56
56 49
63 83
5 66
3 70
99 70
34 55
80 94
5 23
38 7
70 2
38 20
64 26
69 92
3 54
75 97
29 76
47 94
24 97
57 85
67 98
73 81
94 88
4 7
93 26
44 89
7 17
25 1
60 25
88 86
59 56
42 82
94 76
64 15
38 77
5 41
50 12
16 28
100 64
16 48
79 57
56 50
88 32
21 27
33 73
12 61
17 72
41 35
20 12
87 81
46 2
82 30
51 3
75 43
36 42
22 41
3 76
69 44
77 18
73 23
54 84
91 12
65 24
23 100
5 56
91 48
85 71
48 69
51 8
30 40
84 29
80 15
92 77
32 85
23 16
57 38
77 95
100 79
14 76
22 48
69 97
1 48
83 72
54 5
48 87
58 99
77 70
74 12
76 10
38 88
74 52
66 62
91 78
34 80
49 42
2 85
100 67
30 25
60 58
46 34
84 83
85 56
77 49
39 8
61 18
47 89
39 72
13 29
52 85
79 7
12 52
95 11
13 59
6 47
19 99
88 59
8 11
88 56
85 58
72 19
32 83
99 52
2 55
52 64
59 2
26 60
72 54
83 81
27 82
50 80
7 65
92 57
87 32
95 79
16 95
92 36
61 39
68 25
74 85
52 38
31 3
21 66
64 3
70 88
70 14
4 79
35 7
84 34
93 94
45 88
83 11
83 79
57 68
85 55
27 96
47 78
86 39
34 60
52 13
54 79
36 57
80 66
34 95
99 14
5 51
53 64
14 5
11 39
3 69
48 66
66 15
79 77
63 98
25 36
8 49
72 42
78 44
84 79
92 100
100 71
99 75
75 42
100 51
96 11
34 64
47 95
27 83
28 79
66 82
13 64
28 49
95 21
52 4
66 60
50 65
44 51
34 27
90 88
53 58
50 55
57 83
58 47
17 53
37 65
96 85
55 73
91 41
13 9
13 47
58 61
65 3
42 32
44 53
59 15
90 29
35 52
84 37
33 24
73 10
100 50
64 27
72 55
42 51
56 98
72 2
62 94
36 94
3 7
95 42
47 27
74 10
71 55
24 18
64 51
24 81
27 99
47 86
13 44
54 4
93 68
97 95
15 78
17 87
80 3
97 76
62 11
67 75
4 3
45 36
44 62
8 90
26 37
94 14
17 55
28 69
78 62
43 91
100 16
90 70
88 15
55 24
32 66
50 36
6 53
68 22
37 97
51 56
80 69
54 53
51 89
80 72
28 35
84 92
54 33
81 72
32 78
83 66
83 39
81 6
95 45
57 50
14 10
20 27
64 79
76 20
6 59
90 9
6 72
33 90
14 89
91 37
59 92
45 72
53 23
46 85
5 38
36 18
37 95
51 68
92 37
31 53
22 77
26 11
79 82
75 89
84 96
23 78
1 49
65 11
42 27
41 6
94 89
47 33
21 7
87 26
57 88
27 50
98 78
74 34
2 56
91 65
11 9
2 88
73 68
11 84
61 34
38 63
55 95
87 77
76 56
90 80
89 28
90 84
9 1
44 35
82 25
100 88
74 33
60 32
26 62
16 22
82 61
34 97
85 48
97 42
56 79
16 10
74 59
69 18
8 85
88 93
11 54
11 6
58 97
2 48
20 57
44 72
69 26
20 67
62 51
75 93
26 96
71 24
89 40
10 28
71 7
14 82
65 36
38 91
84 82
76 54
60 50
100 69
81 45
42 26
100 24
91 10
100 15
64 45
1 65
91 28
77 94
84 2
31 88
46 27
45 66
47 96
90 43
92 90
99 28
71 69
49 6
2 82
88 44
37 81
74 75
55 48
85 87
41 88
30 90
14 37
56 20
22 57
76 30
81 57
91 26
74 73
34 8
50 68
19 5
53 97
35 5
66 13
26 75
67 31
80 44
72 100
26 41
29 52
26 71
9 38
20 61
41 89
69 12
64 17
95 72
84 70
94 48
6 42
65 85
86 65
80 92
20 63
19 45
19 69
93 96
17 86
92 48
7 5
50 5
12 78
85 94
44 94
53 50
72 43
50 37
83 8
36 63
30 80
81 42
7 89
100 90
81 55
44 82
16 24
72 13
69 2
44 95
18 99
86 29
42 69
18 17
1 55
68 12
68 34
11 58
94 57
42 71
83 40
85 47
52 17
95 25
7 67
54 49
13 35
65 58
27 49
4 36
64 76
53 24
6 24
86 6
44 34
79 99
73 16
98 80
4 84
56 16
22 26
51 69
17 62
97 46
87 10
62 30
92 39
36 24
100 98
54 27
74 2
81 86
15 48
3 79
73 92
71 13
28 46
22 34
82 47
8 12
80 65
80 79
16 43
53 28
8 24
76 89
79 94
20 51
72 29
97 52
41 24
16 40
5 37
27 44
20 47
43 2
64 23
65 9
78 22
44 21
51 52
62 64
94 78
34 62
61 35
89 60
78 95
45 99
88 46
96 95
35 12
14 57
13 14
30 21
39 34
33 29
36 61
88 6
37 4
6 69
79 16
28 71
27 63
75 95
54 70
8 47
31 23
50 48
83 97
66 71
52 93
64 91
55 11
12 95
69 98
42 15
85 95
18 8
97 2
68 23
55 26
59 49
11 34
94 87
90 82
12 17
33 31
29 37
43 50
73 9
7 26
8 64
37 21
5 93
99 49
40 68
21 91
19 6
3 19
72 97
88 64
7 45
61 66
54 67
61 63
68 65
5 8
28 23
62 81
93 95
34 18
6 93
92 42
41 29
86 82
29 82
10 70
27 86
49 11
12 94
15 35
45 50
37 99
51 36
30 48
17 15
23 79
83 60
7 11
99 94
64 86
14 21
40 36
66 96
24 90
65 42
7 55
90 41
45 90
70 39
63 17
41 40
70 30
42 7
26 50
25 34
100 25
56 14
3 21
39 80
80 41
38 79
19 74
32 37
11 81
45 10
35 26
88 3
97 60
78 83
46 26
20 60
74 70
92 67
69 1
19 21
83 47
34 71
73 47
92 85
27 48
14 74
81 46
46 73
20 93
54 95
20 41
5 96
74 15
43 65
92 47
58 42
12 64
2 1
42 63
81 26
5 15
21 28
65 67
28 74
91 27
26 18
44 24
80 2
29 81
1 16
66 40
24 22
43 60
8 43
71 56
23 69
97 31
57 80
45 40
92 16
74 37
40 46
17 73
2 7
65 29
21 53
10 65
21 86
82 75
38 8
43 3
2 14
71 38
48 26
73 56
74 39
41 70
30 63
73 36
53 20
11 33
87 30
31 73
71 60
7 6
2 94
98 21
26 36
88 95
34 58
29 6
92 23
10 18
50 93
7 33
36 66
33 94
53 74
17 80
87 39
64 58
54 14
1 37
54 94
95 17
76 78
32 36
70 78
42 64
80 55
60 38
62 73
30 60
96 78
80 99
91 89
91 62
38 39
20 31
93 40
42 33
28 72
79 50
82 88
23 61
52 14
76 11
45 30
38 35
59 51
68 84
59 100
79 73
18 29
87 22
43 12
89 61
70 100
23 88
46 16
28 60
11 60
67 35
61 88
66 23
87 70
29 46
94 90
68 54
100 13
41 36
85 44
32 45
31 68
23 86
40 77
32 72
75 5
82 52
91 99
66 88
51 33
25 64
79 71
31 46
66 97
58 73
76 6
51 4
71 22
61 71
28 56
16 94
98 51
29 57
46 58
8 23
48 12
93 54
78 50
77 32
48 86
96 2
69 99
94 52
65 47
43 1
94 74
100 5
24 59
68 17
82 85
37 23
28 59
38 97
60 70
54 60
2 29
34 65
66 85
21 8
40 86
95 68
57 53
77 16
14 44
52 9
11 3
32 49
9 71
94 42
6 63
15 51
30 29
83 75
42 96
61 42
27 7
69 15
32 58
63 10
43 98
38 67
18 57
98 17
31 59
92 7
64 56
61 24
3 89
58 50
39 23
39 52
40 54
49 95
69 83
2 65
35 10
66 26
19 52
13 54
30 50
39 6
8 97
76 59
79 60
2 4
61 6
58 22
36 9
56 78
49 65
85 21
36 78
51 65
9 95
51 46
28 18
75 78
82 3
91 2
9 50
52 6
68 6
89 34
83 31
13 25
37 13
85 75
62 63
82 53
68 7
56 3
97 96
56 92
3 67
51 74
38 86
36 67
27 13
54 87
9 48
41 46
76 66
65 97
70 29
100 37
83 5
46 32
3 92
37 66
68 86
84 95
69 86
73 24
26 21
8 37
98 1
46 44
38 22
7 12
55 91
73 14
97 14
44 40
95 6
12 76
64 70
99 53
43 52
98 4
83 55
18 63
28 2
70 50
88 97
88 34
20 97
43 82
47 42
10 17
40 96
97 100
61 56
68 45
27 28
79 89
1 92
85 16
62 9
90 19
19 40
4 16
46 84
74 60
63 52
24 39
10 57
25 97
8 68
10 80
75 20
9 96
17 84
12 51
3 14
5 47
22 55
24 9
15 96
75 23
60 14
83 50
61 2
59 14
6 2
7 19
24 48
41 48
66 75
52 46
93 8
44 32
65 56
28 81
35 47
84 89
39 13
1 12
75 45
30 14
20 16
48 84
26 67
68 10
21 64
1 62
86 4
20 6
6 70
3 12
43 11
32 6
41 58
36 22
52 67
89 99
10 50
27 80
16 42
43 85
2 32
51 40
54 32
26 80
94 50
67 17
64 60
11 53
37 75
44 7
98 15
71 41
66 14
64 81
36 12
35 60
99 22
91 54
79 35
32 25
29 50
61 25
46 80
54 15
77 74
59 61
72 65
29 34
97 55
9 74
51 22
86 55
23 20
68 35
18 45
18 16
12 15
39 27
7 22
10 6
36 93
91 57
67 49
54 96
42 88
46 49
3 35
92 38
86 20
4 5
4 97
97 43
74 31
85 28
3 90
35 45
33 52
24 84
58 63
97 56
98 61
91 79
4 63
15 68
39 56
78 2
39 29
22 45
4 93
23 48
37 80
52 98
18 33
57 41
93 42
71 17
10 93
61 43
75 72
23 41
49 57
19 8
54 69
69 47
24 82
18 14
10 1
94 15
23 25
69 21
22 32
48 73
30 64
100 52
82 1
92 78
98 87
54 30
16 58
66 47
86 7
65 79
19 39
67 66
96 44
98 30
80 14
30 57
80 82
97 73
30 4
84 14
53 91
69 96
17 93
65 17
55 49
42 67
48 5
24 45
3 100
91 80
1 64
57 44
76 55
88 98
56 84
81 53
3 95
6 23
10 47
95 19
23 1
75 11
23 15
46 14
87 45
2 38
74 27
19 22
77 89
78 16
82 49
90 89
49 13
6 28
51 10
77 62
56 63
31 87
8 63
54 38
86 19
46 92
11 100
30 37
16 6
66 52
92 94
90 36
21 24
75 71
37 46
53 70
58 44
71 37
8 9
42 2
9 32
16 27
64 66
75 32
76 2
55 5
76 86
94 18
76 92
69 70
44 5
34 36
58 1
64 29
61 45
59 55
90 12
91 98
12 45
96 36
82 65
35 49
34 49
42 29
49 63
32 80
10 59
28 25
95 35
37 47
83 36
46 94
74 71
77 48
66 28
91 71
90 60
70 96
49 90
49 52
20 34
1 19
55 58
89 65
52 81
47 91
27 51
51 79
40 90
18 72
9 22
8 86
21 88
47 15
21 1
71 64
19 46
66 41
53 77
69 79
31 60
44 12
82 26
83 59
52 24
40 8
11 56
58 12
25 27
50 49
37 20
18 66
79 76
45 4
92 19
98 25
49 3
47 49
13 55
3 85
40 23
75 55
1 46
69 20
7 66
90 13
74 79
71 52
41 61
49 23
6 25
24 94
46 67
36 35
83 61
4 77
93 44
92 72
51 47
49 62
55 35
86 90
44 38
40 31
25 62
4 55
14 8
80 28
84 13
87 38
79 39
88 49
55 12
65 61
14 29
24 49
67 24
25 17
96 100
8 41
100 36
36 37
99 21
87 79
17 37
9 97
13 6
86 83
60 72
49 80
55 98
80 84
72 78
89 58
65 26
96 3
62 79
5 84
2 54
58 52
68 58
46 25
34 92
24 66
60 99
24 91
22 93
76 77
55 93
56 10
93 46
14 17
57 95
10 37
23 9
62 50
64 49
97 22
60 61
29 36
16 33
100 1
82 10
69 81
66 44
98 5
8 27
43 74
99 90
86 97
88 68
5 29
40 50
33 50
21 51
40 9
37 42
12 22
18 21
41 49
98 2
95 51
9 5
70 80
29 19
51 75
32 100
60 5
38 80
76 60
81 95
24 14
34 10
61 3
18 83
22 56
18 19
7 99
53 30
100 45
24 54
98 60
25 40
35 70
27 58
86 1
33 76
33 2
50 98
17 54
5 24
86 84
50 63
16 51
11 40
23 55
26 92
93 64
62 6
40 63
90 47
85 42
76 84
13 97
2 35
36 47
15 55
60 63
15 1
60 65
84 81
50 31
20 90
91 22
7 75
75 9
86 91
4 43
58 56
18 71
98 90
68 56
47 23
43 31
3 94
80 25
88 8
27 22
7 83
67 58
77 23
59 3
89 67
3 98
10 90
45 42
88 33
69 31
89 19
74 26
33 80
95 70
37 78
61 38
98 41
76 67
69 61
25 63
82 21
36 76
88 89
61 78
8 31
41 72
65 33
28 95
52 89
39 53
68 80
39 98
41 63
42 74
20 21
40 85
20 49
19 64
92 83
15 45
93 49
85 99
38 48
92 31
44 8
36 80
18 59
77 100
45 69
3 91
77 91
71 23
81 35
31 21
12 93
7 54
59 16
26 39
93 37
100 73
49 68
81 30
42 83
93 11
36 56
40 58
29 92
61 17
100 81
15 79
12 98
36 13
82 68
26 9
65 20
12 96
55 61
81 13
15 27
57 76
96 73
54 78
84 75
26 45
27 68
29 75
61 29
96 67
46 64
74 5
75 8
77 45
36 53
88 39
18 2
2 49
65 19
41 99
51 43
28 58
1 56
94 28
23 26
84 78
40 74
8 62
2 37
13 50
61 10
38 81
31 95
11 27
6 87
93 91
26 40
79 59
73 44
16 21
25 53
96 37
2 81
64 55
54 43
58 35
94 19
45 78
90 74
26 31
30 52
33 61
70 67
93 35
84 97
56 21
15 92
32 84
34 57
56 87
65 55
88 85
99 30
4 61
18 11
32 24
86 79
81 59
23 85
85 84
49 16
81 44
29 44
61 40
3 62
12 42
80 56
29 16
60 84
11 80
39 84
96 56
95 66
94 37
56 18
52 8
51 85
38 15
60 29
57 25
7 43
51 48
43 37
94 64
48 79
34 35
46 68
38 100
76 81
91 19
47 55
89 81
2 50
38 12
63 70
88 63
10 64
63 68
8 55
84 6
76 53
49 97
20 88
47 18
42 59
70 42
62 15
40 15
2 58
32 82
66 68
67 77
4 23
97 90
69 55
27 57
91 67
78 9
27 35
67 74
15 49
44 17
81 31
92 96
100 94
44 63
58 25
100 85
36 87
41 67
44 74
49 91
12 60
56 32
19 55
67 84
75 62
42 4
42 17
89 26
41 34
10 40
17 92
65 41
74 46
86 32
33 32
19 4
99 77
68 1
53 19
43 13
79 2
75 68
87 84
3 83
17 6
31 24
7 74
53 38
88 65
92 25
66 38
20 73
51 71
57 15
15 37
72 9
6 71
55 10
37 64
53 95
17 78
70 28
30 85
28 90
73 84
9 29
22 28
77 81
93 89
87 37
40 75
92 71
19 49
44 41
82 63
9 42
22 86
99 57
95 20
6 90
39 100
10 2
80 24
92 28
21 87
58 100
25 96
10 83
34 67
53 79
74 83
67 44
51 81
59 20
58 6
21 57
27 45
37 12
68 81
25 85
88 1
47 60
49 53
2 19
43 66
32 51
79 88
77 56
82 83
68 18
97 10
48 65
99 86
39 65
92 49
93 43
83 90
45 67
31 38
74 82
33 36
67 28
94 70
82 100
4 81
31 2
14 63
96 19
79 46
22 25
55 52
97 71
90 17
46 5
64 5
81 97
26 59
96 81
12 72
16 8
61 15
21 39
66 22
72 77
91 6
83 98
12 16
15 29
43 78
41 42
50 99
48 76
75 96
31 90
1 6
14 85
35 22
62 87
70 66
24 37
7 23
87 3
98 23
1 59
16 11
63 24
72 15
20 44
14 96
86 54
48 29
12 18
40 48
35 63
88 50
6 36
34 75
19 28
43 63
33 15
4 21
94 32
60 17
41 14
52 16
45 58
76 80
85 50
82 87
50 74
73 11
10 31
57 82
93 15
31 37
33 72
84 18
53 75
27 32
85 97
95 58
36 39
38 19
88 26
