100 3294
9 19
76 40
72 47
30 97
44 36
69 44
22 24
30 82
67 31
98 45
7 98
100 24
28 74
64 73
46 47
15 47
2 6
57 37
20 47
34 26
56 29
34 58
38 12
84 12
74 25
19 45
31 4
94 28
30 93
52 34
6 95
57 93
96 99
5 50
94 82
39 48
30 15
86 73
79 71
33 71
16 21
78 44
4 28
73 55
30 29
92 100
100 2
17 24
10 75
37 23
32 54
28 41
24 57
40 44
26 44
89 69
28 78
53 95
48 72
37 35
82 87
76 37
81 71
96 4
89 40
86 45
81 23
82 20
80 53
24 84
7 93
61 88
11 71
2 83
87 64
32 95
71 19
48 47
35 23
65 10
51 92
43 49
77 91
65 47
27 63
37 9
61 10
62 24
82 51
11 51
66 36
25 76
26 18
22 50
93 9
48 20
33 81
37 43
10 99
86 77
41 80
48 91
93 80
17 94
26 28
52 7
67 4
12 53
31 18
72 60
8 51
92 26
92 41
23 63
40 4
77 96
84 52
4 25
55 33
31 97
98 42
96 62
34 32
75 61
34 43
66 60
87 100
60 93
86 16
48 35
62 93
95 75
44 92
65 31
91 31
4 64
70 35
2 72
52 11
72 22
56 30
43 51
100 94
87 11
98 56
47 11
59 2
48 82
23 95
84 26
55 34
69 49
51 19
23 90
96 87
58 81
13 17
30 65
65 19
1 41
19 18
36 55
22 23
78 48
53 33
71 67
60 53
70 29
78 6
26 81
6 99
8 20
21 83
79 26
68 20
15 87
31 56
51 87
20 99
84 88
69 88
44 61
44 47
3 78
62 57
47 43
66 51
30 4
27 92
38 36
10 58
16 22
70 83
20 35
93 96
13 95
46 19
6 21
68 82
42 4
78 36
29 74
18 9
54 28
52 28
31 20
36 100
30 98
82 75
80 68
58 99
24 38
56 76
16 72
12 15
45 60
47 10
22 44
33 75
47 45
34 14
7 91
94 24
85 45
1 34
49 86
42 54
41 50
71 47
97 32
17 76
13 65
90 1
34 48
18 48
26 58
80 30
22 85
21 62
59 86
9 84
14 49
31 95
56 86
20 85
56 54
81 100
85 95
68 94
82 16
41 72
28 7
54 55
6 29
12 35
21 96
13 45
30 10
8 71
97 66
62 9
17 67
35 17
81 37
74 30
93 50
41 56
74 55
32 46
71 84
85 36
100 25
71 95
18 83
66 76
7 73
35 53
62 80
56 49
88 57
32 2
90 96
12 59
20 88
48 74
8 27
31 11
76 39
36 18
4 9
1 50
92 24
33 25
72 17
50 68
88 54
75 58
7 30
23 86
36 84
9 51
66 22
40 71
89 67
1 58
15 10
52 53
84 87
34 74
73 63
40 95
95 45
11 16
51 18
91 33
10 24
3 1
68 35
99 62
81 60
99 95
45 51
37 96
2 54
96 89
68 5
22 91
12 36
31 9
99 17
42 29
75 15
54 97
87 83
100 97
8 84
78 93
60 83
10 64
44 88
78 71
7 81
31 66
49 47
80 14
55 98
44 67
33 11
94 48
10 56
33 65
48 46
10 98
6 18
53 82
13 70
45 67
81 92
97 25
62 71
27 4
31 88
38 33
49 67
100 52
85 47
86 20
99 33
77 25
86 34
28 76
55 64
30 18
59 31
63 3
19 80
83 72
87 61
14 59
33 96
36 28
13 55
12 29
88 87
14 24
72 43
18 62
55 84
63 98
15 78
99 87
2 97
21 72
47 29
79 35
17 39
75 66
52 3
91 61
73 18
98 15
36 76
6 43
97 70
68 86
43 16
22 56
28 58
90 52
47 12
66 34
4 53
34 82
39 5
71 80
4 21
25 99
38 27
89 97
55 5
81 80
43 69
82 47
29 75
21 29
84 86
79 15
32 70
46 99
89 87
6 8
72 4
25 95
41 11
46 44
66 53
47 77
67 79
97 91
89 11
9 5
29 7
63 75
50 94
77 56
96 88
71 90
64 47
16 51
97 73
62 63
81 67
17 2
41 89
73 96
77 84
89 95
86 5
84 60
77 24
64 6
15 36
58 62
36 74
89 99
75 36
47 58
41 49
84 73
51 6
62 59
29 38
48 15
70 51
45 25
9 57
68 12
66 24
60 82
25 53
30 92
35 80
96 52
12 52
89 70
44 97
8 14
43 93
49 18
25 94
19 70
61 34
72 69
36 40
47 41
9 76
76 88
36 72
23 82
10 86
25 72
96 5
38 54
78 63
80 9
79 97
35 60
39 75
45 3
79 33
23 26
6 24
38 90
4 76
37 3
71 75
44 71
38 15
74 10
73 74
50 43
73 70
82 37
75 17
41 10
87 48
82 11
5 52
18 22
51 5
13 1
73 68
100 26
63 43
100 82
39 34
79 96
15 29
47 19
80 37
42 77
29 69
49 97
72 87
89 28
36 60
32 82
18 21
39 14
78 29
63 58
75 40
30 52
19 77
91 34
93 20
19 61
45 65
21 42
98 47
38 41
41 21
6 53
69 76
31 90
22 30
67 14
9 27
66 13
45 80
73 22
98 52
33 14
12 27
18 84
28 12
93 24
92 61
75 69
39 70
13 84
68 21
76 100
48 90
13 54
48 92
13 6
22 61
94 46
74 69
40 43
85 100
33 85
14 27
55 8
77 92
25 59
79 51
7 50
66 61
13 93
96 41
17 42
3 29
63 45
50 8
43 30
32 58
53 20
50 11
14 23
61 47
53 30
52 48
73 8
90 53
26 83
11 58
29 1
87 21
14 90
87 25
16 9
53 42
16 97
97 8
38 31
20 43
90 25
16 77
49 7
41 52
90 85
2 86
75 27
2 44
40 84
22 70
44 42
44 99
84 49
86 19
72 19
1 48
96 22
49 78
88 10
54 19
17 58
60 49
73 99
63 61
25 50
37 77
30 70
39 15
51 84
21 51
22 40
70 28
96 44
91 89
89 16
28 42
56 67
75 73
41 35
49 64
98 21
31 52
83 73
4 81
8 25
100 43
86 44
3 21
68 79
22 97
22 48
22 42
70 46
26 31
29 27
60 33
57 1
25 81
30 79
73 59
98 31
41 90
39 1
28 27
84 96
71 37
21 60
29 54
63 57
49 19
58 61
52 23
47 99
1 70
26 89
15 11
92 64
78 18
31 19
98 79
62 3
5 69
70 64
46 91
85 34
85 8
71 77
84 15
59 54
13 10
40 18
38 6
3 47
3 64
96 48
57 42
29 58
25 52
93 52
29 52
42 45
61 17
24 32
97 95
67 21
99 13
68 14
67 29
64 20
88 25
72 68
6 30
59 10
23 28
86 3
87 60
52 77
8 94
11 69
56 83
46 12
39 11
13 35
85 15
3 60
100 12
65 25
85 39
26 77
33 7
73 51
71 13
30 48
20 69
84 95
10 7
28 85
77 79
6 84
43 57
53 26
52 20
24 97
31 92
92 73
61 78
96 57
91 10
79 100
23 19
24 70
17 79
53 91
72 31
48 93
88 47
99 93
7 8
62 31
12 82
96 23
18 13
46 36
10 69
62 87
75 79
17 40
5 49
75 74
33 6
19 78
57 82
35 5
82 79
26 78
11 27
30 36
22 4
50 67
97 46
5 23
5 72
51 34
92 90
54 48
44 70
92 36
21 54
76 89
75 91
62 23
93 32
81 52
78 4
31 16
89 21
8 36
13 50
82 24
40 81
94 75
15 19
63 6
95 14
98 69
91 55
49 12
65 20
13 34
28 51
31 55
37 27
96 38
42 18
60 78
85 62
57 2
33 100
47 87
93 75
28 6
90 75
59 51
18 100
6 32
22 46
58 46
53 75
4 62
100 66
15 35
43 55
37 62
99 82
54 36
62 34
17 85
80 95
66 85
98 48
62 60
64 19
34 97
98 51
13 38
62 76
59 53
81 6
86 29
9 100
14 31
60 12
5 88
69 34
3 24
90 73
20 11
41 48
52 86
39 31
81 49
5 12
60 74
89 19
41 5
44 98
82 46
85 14
83 63
44 13
13 27
86 13
12 54
33 8
74 54
67 48
83 67
40 73
50 24
92 21
100 4
98 17
98 67
63 66
28 31
65 51
73 12
79 81
54 46
4 11
3 49
77 34
66 28
97 85
49 21
59 67
43 91
86 83
78 2
39 12
78 16
12 63
88 2
93 89
59 70
43 28
93 54
74 33
26 88
46 4
87 31
94 95
72 37
65 90
26 20
80 51
87 13
2 21
97 40
60 92
10 79
58 52
55 65
27 3
9 53
63 51
46 2
50 89
78 62
99 64
37 64
24 88
81 61
50 20
21 31
26 65
43 66
7 24
73 27
85 27
87 55
34 53
94 84
43 61
18 41
99 70
24 72
86 48
64 96
64 41
61 32
74 20
94 1
11 40
53 71
24 58
12 6
46 59
15 69
8 77
96 65
39 22
88 8
42 16
12 88
40 13
19 32
37 88
75 67
86 33
43 46
28 37
62 77
52 49
67 3
73 58
36 59
80 15
32 55
55 50
32 79
14 79
73 17
84 99
76 63
25 67
42 7
61 16
98 16
70 79
94 23
21 66
4 63
78 33
53 1
26 98
53 40
84 19
8 100
75 35
92 50
49 68
97 11
47 8
15 31
62 33
8 90
44 49
10 4
17 43
63 1
13 33
91 8
3 8
45 44
22 41
7 5
34 50
7 60
77 66
92 86
49 40
35 67
65 7
83 23
74 4
10 35
15 5
86 18
93 81
80 63
95 12
20 89
53 65
32 78
25 58
7 12
59 17
87 19
27 86
90 43
65 89
61 15
3 85
56 42
49 50
32 87
41 13
90 20
63 79
39 51
10 34
71 22
58 43
95 4
76 97
70 18
50 9
93 42
90 28
21 38
96 60
88 28
3 58
73 53
8 56
85 68
2 69
55 89
51 50
79 29
1 66
98 24
37 86
33 58
50 60
32 53
90 22
28 95
10 36
79 54
53 56
60 2
69 54
65 76
59 55
48 33
22 98
71 66
28 96
21 53
28 15
92 33
5 64
74 70
30 27
83 62
83 13
3 11
30 20
99 63
9 99
5 80
95 5
20 96
58 49
91 37
3 61
9 35
62 15
11 85
13 98
91 94
5 40
99 49
66 49
53 96
95 65
61 69
6 73
33 52
40 30
17 66
78 74
73 33
88 93
42 59
100 68
63 14
27 24
56 16
78 67
42 2
9 25
23 32
42 37
28 9
14 44
83 81
89 82
85 2
81 28
30 75
16 2
26 97
72 6
91 67
43 1
86 54
6 46
9 98
28 92
61 100
30 37
33 49
51 60
19 98
45 7
52 97
70 49
35 65
20 60
45 62
75 28
47 42
70 38
92 85
77 12
69 100
19 27
69 82
50 59
49 23
27 84
70 31
57 26
49 71
93 18
12 51
53 7
88 38
38 52
17 1
43 79
73 67
71 18
55 40
53 79
32 42
39 28
7 88
14 53
19 99
69 86
70 27
81 85
3 99
32 73
52 70
22 14
98 58
15 67
71 57
22 34
25 39
70 81
75 50
5 65
88 4
35 11
37 25
42 51
9 59
18 66
53 64
27 6
58 48
21 84
30 17
90 60
11 92
75 80
86 76
99 15
41 2
73 79
43 95
40 3
47 51
6 60
100 40
32 30
53 51
71 28
24 65
5 83
33 22
86 89
48 17
12 9
54 81
52 15
21 15
37 7
12 43
71 15
54 37
86 14
20 78
44 38
41 97
17 71
54 10
87 53
39 18
45 74
22 49
4 24
64 24
59 57
29 57
70 87
83 98
93 8
77 89
80 66
85 60
35 93
77 20
15 88
94 7
21 55
56 37
34 89
97 27
55 80
84 28
18 72
44 8
40 9
5 87
72 56
39 82
71 63
13 22
60 16
3 25
62 40
53 16
39 87
52 67
56 62
49 27
59 16
47 5
81 2
82 84
19 92
91 52
99 35
93 3
76 11
63 96
1 16
15 58
59 80
39 64
53 5
10 45
45 30
26 5
55 93
3 70
71 6
77 54
82 96
42 31
43 68
4 26
88 90
100 41
61 73
5 38
66 79
99 51
72 8
82 10
58 68
74 61
63 34
53 84
86 71
52 99
42 81
78 11
35 91
60 22
74 82
7 40
47 25
67 99
39 32
69 91
63 42
18 5
13 64
61 93
87 8
86 87
77 43
41 30
53 18
2 77
51 64
47 37
73 20
8 15
1 5
50 23
32 85
58 94
6 86
58 39
92 29
30 2
14 38
69 1
65 74
93 21
48 70
58 74
91 15
81 35
71 99
64 58
2 96
43 10
83 37
84 62
7 54
25 63
35 82
13 15
96 59
3 56
11 12
2 5
11 66
81 55
6 41
61 39
42 25
58 78
64 1
82 83
41 23
26 72
35 19
4 50
8 4
8 22
56 40
49 32
21 14
66 3
39 23
16 32
69 13
40 87
36 41
9 70
45 100
38 63
19 38
93 59
22 57
24 89
79 36
7 46
56 44
74 93
43 86
76 27
99 78
84 3
19 85
38 28
43 33
21 43
95 41
79 3
5 89
36 96
11 80
59 34
57 39
97 67
97 36
10 90
46 67
64 23
41 94
11 49
33 59
49 89
23 46
85 51
31 25
6 52
93 45
26 36
61 23
98 96
21 12
36 63
60 15
73 29
22 68
34 87
69 6
97 14
8 98
69 37
100 62
99 22
69 65
29 84
85 43
37 79
49 51
72 97
94 14
46 61
78 9
23 10
36 14
24 67
40 32
66 29
25 5
58 86
98 74
34 96
45 73
72 1
75 85
24 59
59 39
15 66
1 89
19 37
74 15
8 99
75 88
22 15
48 16
54 63
95 24
41 26
23 18
100 49
58 53
52 14
31 100
80 76
23 42
27 50
46 3
38 20
27 79
96 30
39 89
91 76
66 89
92 15
4 32
89 54
62 79
97 1
85 52
12 23
55 77
92 62
41 76
1 21
50 78
47 93
76 20
93 94
46 11
13 81
28 93
35 29
14 30
13 67
93 51
24 42
38 80
97 75
56 43
72 33
79 99
82 64
100 60
2 84
22 43
88 83
40 31
38 91
58 56
18 52
23 59
71 50
49 72
8 17
38 53
15 54
16 81
93 97
56 52
61 72
45 21
73 16
70 50
16 39
26 70
60 75
15 2
81 44
42 66
86 50
80 100
90 63
94 90
39 43
70 68
93 33
58 72
14 88
11 77
99 97
74 26
82 61
80 32
5 37
5 13
45 50
28 8
80 1
61 26
56 19
94 80
46 35
76 96
13 23
58 83
87 46
59 68
89 38
98 38
8 65
43 26
62 22
78 41
1 88
79 40
30 71
95 76
86 39
93 85
82 38
17 50
9 33
10 97
23 17
60 46
63 86
39 92
74 86
59 74
10 33
80 77
91 27
27 40
38 11
9 34
50 74
26 33
45 76
84 90
22 21
12 71
24 96
55 69
92 16
58 85
19 20
100 5
64 44
34 57
8 46
55 57
14 47
38 46
64 21
3 10
90 42
84 7
25 14
68 7
11 74
20 14
83 14
43 81
24 53
38 83
40 35
97 82
75 34
79 88
5 67
92 46
25 98
44 28
40 34
15 27
66 5
64 40
66 98
93 14
5 60
84 54
44 55
30 46
28 77
50 65
74 19
78 25
67 16
98 70
67 94
50 19
79 1
65 59
28 55
13 97
48 7
16 94
25 24
18 47
32 90
93 40
20 10
10 72
80 74
77 5
47 90
29 99
9 47
97 6
3 80
19 81
32 66
45 41
81 66
19 5
36 68
26 25
60 64
82 9
58 50
17 26
83 94
79 41
50 62
79 25
23 97
60 73
65 77
84 45
72 52
43 73
59 22
35 63
48 32
18 65
68 57
68 13
71 97
33 23
43 80
59 100
4 51
53 8
37 84
40 91
94 30
10 48
78 70
63 97
28 34
33 63
91 29
13 53
32 35
4 12
36 73
70 88
51 24
65 11
72 9
90 50
61 42
34 60
79 87
29 14
29 90
20 9
92 56
7 13
85 56
50 46
88 95
41 83
64 95
11 73
44 76
24 12
38 56
14 51
43 84
28 57
25 62
25 23
15 43
63 26
34 11
62 46
2 63
42 99
92 45
60 67
97 45
94 19
78 72
28 21
83 27
36 50
88 30
95 81
85 13
50 88
63 77
11 99
46 64
68 24
74 23
40 24
32 77
71 48
72 74
60 94
57 19
37 55
81 20
19 41
56 100
80 83
98 65
85 65
50 80
70 7
59 28
8 83
60 69
52 71
39 47
60 25
16 47
40 39
31 54
18 54
10 50
18 17
14 91
75 25
57 3
57 47
50 2
47 50
44 59
17 83
5 93
26 8
51 81
50 14
93 92
63 37
70 94
95 77
100 63
97 60
39 42
43 38
62 13
42 5
25 17
84 35
12 31
29 93
98 4
61 33
95 44
85 23
50 63
98 81
65 9
32 72
68 27
10 62
4 13
65 64
16 99
77 74
21 82
83 85
7 77
41 74
29 40
21 19
76 98
36 19
19 88
28 40
24 11
27 57
94 69
63 60
78 57
73 95
86 36
84 66
32 18
69 59
41 57
28 87
13 57
22 76
47 52
60 52
35 64
64 33
38 55
37 75
50 76
64 28
30 16
79 93
67 87
63 5
46 21
51 35
91 24
83 50
16 58
4 5
39 50
80 44
4 93
43 96
70 66
49 80
45 31
83 44
51 58
61 40
75 16
49 31
14 62
97 61
8 32
55 14
60 19
67 82
95 16
60 48
37 12
22 63
83 89
81 11
60 91
26 90
86 51
28 30
78 69
85 35
81 32
41 71
57 99
98 39
32 60
59 97
10 95
49 42
42 82
33 24
68 78
48 100
99 72
84 41
84 22
22 95
20 84
59 89
43 42
70 65
66 16
9 73
3 97
42 86
53 93
72 23
73 26
16 45
21 78
98 82
56 21
95 78
69 80
56 91
3 82
14 92
58 42
57 94
82 5
43 92
62 95
54 17
70 5
9 17
96 10
10 92
71 21
10 32
70 86
76 26
34 84
19 83
15 46
2 79
95 30
22 47
67 41
42 40
93 82
74 27
92 74
97 38
49 91
65 23
74 21
4 43
33 41
68 93
95 26
78 92
43 36
71 85
38 50
37 46
69 24
25 2
47 55
48 99
58 67
78 39
59 15
48 24
63 8
21 52
33 16
92 71
68 28
44 91
67 38
38 39
63 15
49 46
55 46
90 86
19 22
95 29
100 22
59 78
100 46
77 75
13 90
41 86
12 32
82 77
2 87
24 16
40 88
65 100
89 98
31 61
68 89
68 83
76 82
41 73
1 35
20 95
99 43
62 7
50 82
56 74
99 81
89 31
23 20
12 74
79 78
2 82
94 42
33 88
3 48
75 57
54 16
84 23
89 37
7 19
41 70
60 14
16 62
9 43
8 11
54 83
77 59
14 5
21 57
52 57
90 9
14 57
23 91
7 11
85 64
1 8
31 34
88 43
60 4
83 84
78 53
27 54
48 50
48 2
15 70
56 36
34 37
100 89
51 69
18 44
84 56
1 37
70 12
43 32
10 46
25 66
17 22
33 68
2 24
90 44
91 99
84 42
77 31
61 37
26 32
21 47
62 69
66 95
56 69
72 86
78 37
22 79
74 7
62 1
12 8
11 22
53 61
80 78
29 5
20 32
85 87
17 31
49 37
56 99
83 39
57 73
91 54
21 10
79 69
89 53
86 7
72 30
90 93
86 35
54 47
93 44
57 53
15 81
98 68
59 41
99 1
75 98
35 8
97 96
1 54
87 36
67 76
81 63
54 34
57 20
39 72
39 65
63 91
28 91
10 14
31 47
13 19
52 16
25 43
66 37
68 34
91 11
90 76
79 19
60 23
80 86
33 94
68 61
91 47
53 47
71 26
32 83
54 24
23 92
82 62
73 30
34 95
100 53
4 58
82 17
18 96
49 24
42 10
14 46
28 73
33 67
73 34
53 39
89 44
25 68
52 82
56 4
59 20
60 38
64 90
27 64
89 64
100 96
13 36
78 89
48 68
85 38
48 57
41 77
27 99
40 37
96 56
13 21
1 11
94 5
60 65
7 82
6 19
9 3
52 27
57 36
17 84
51 33
58 97
8 16
89 27
43 53
62 74
68 44
100 91
32 45
76 49
50 66
13 12
43 60
20 13
63 67
46 33
33 30
10 12
27 25
26 38
56 15
22 3
65 27
76 53
86 75
57 79
96 61
59 91
32 1
40 98
77 38
44 33
70 71
11 55
8 62
42 33
49 1
44 12
40 63
69 83
69 87
58 8
76 54
27 80
48 73
35 87
8 69
55 35
72 67
23 44
88 23
23 69
81 14
66 40
94 88
81 56
17 19
73 85
77 53
68 29
29 26
94 44
30 39
63 19
58 40
60 37
60 59
6 77
85 5
25 22
24 44
75 56
32 28
65 21
6 55
86 97
23 93
99 61
45 66
70 63
20 15
3 30
27 100
71 25
26 54
53 23
71 39
14 26
71 69
44 1
99 14
89 7
68 95
45 75
84 46
26 45
29 34
79 12
42 91
44 53
82 26
74 44
42 11
42 34
18 63
40 50
42 1
19 42
27 23
43 27
45 90
95 39
97 5
10 25
45 2
52 44
52 13
96 86
17 20
1 74
96 40
77 50
64 2
55 23
70 4
38 75
10 94
79 92
26 42
63 41
57 31
49 82
17 14
65 40
3 4
83 75
6 80
7 57
83 49
97 37
16 88
49 85
89 88
85 76
16 41
91 41
48 38
30 89
85 37
80 72
57 40
48 25
27 33
76 19
44 7
11 88
75 70
67 69
80 96
91 90
84 39
83 12
27 81
87 16
94 71
70 60
9 10
90 46
3 39
1 87
62 29
62 20
76 79
88 91
49 63
47 75
11 70
100 35
8 29
95 54
90 7
65 15
28 3
60 61
92 89
94 55
3 75
65 37
65 92
28 53
16 69
69 18
75 5
74 67
9 44
67 54
98 54
88 77
78 8
100 95
66 2
58 7
20 27
89 18
90 62
92 97
77 36
27 7
46 83
98 92
89 10
94 2
79 45
58 44
59 19
16 96
88 13
78 7
50 61
98 6
74 24
74 35
65 57
54 20
18 27
93 67
33 39
57 5
13 51
51 52
37 94
28 22
44 16
40 77
54 45
6 61
4 85
50 73
12 91
8 41
39 80
63 29
42 60
48 45
44 72
68 74
92 12
87 92
35 6
93 91
80 12
17 51
89 51
31 82
100 47
79 61
48 66
20 51
11 48
100 54
26 51
57 74
80 73
3 71
41 68
15 68
59 95
51 96
66 99
24 28
14 70
26 12
79 95
77 93
14 7
28 17
46 41
11 61
83 97
90 35
22 12
28 13
17 78
49 92
1 86
41 40
78 14
11 75
99 60
100 1
80 7
74 53
51 88
18 82
17 86
68 40
60 9
69 96
10 77
57 18
73 42
55 3
35 45
21 11
59 79
90 5
85 82
83 6
70 55
37 53
68 47
54 73
39 19
61 67
78 51
83 16
57 92
58 60
49 95
74 22
53 68
6 26
48 4
21 9
61 14
98 37
43 67
34 78
33 19
74 9
57 56
42 12
79 48
34 5
69 17
18 25
40 54
62 89
47 97
96 68
12 58
86 93
91 68
11 44
6 4
15 83
88 3
79 52
96 55
89 48
47 26
67 19
18 68
73 89
37 51
45 82
31 80
13 100
42 85
39 54
77 87
52 9
46 65
19 29
24 34
2 10
96 85
55 99
98 11
66 72
99 59
11 54
15 93
77 85
8 21
45 20
70 76
35 54
83 92
10 39
17 64
99 4
32 56
69 85
84 31
87 97
42 55
13 96
8 54
65 99
58 80
9 41
68 97
1 28
62 52
72 55
94 72
3 31
99 68
46 51
87 50
52 63
45 33
32 27
48 14
29 48
32 41
36 95
3 73
80 8
4 39
97 15
48 61
39 13
91 81
76 47
45 28
62 43
33 47
80 54
62 54
84 91
14 42
63 59
84 89
5 74
74 40
76 24
25 21
98 73
49 96
62 47
1 10
46 77
79 56
95 70
34 67
89 90
6 59
64 80
66 88
98 85
75 2
51 95
56 47
80 25
20 63
38 87
60 57
99 83
59 90
16 15
8 95
72 82
74 87
74 13
25 12
7 43
72 50
53 46
52 8
28 72
53 49
12 67
75 32
97 64
24 9
54 68
43 19
4 69
100 50
54 41
59 35
67 26
41 62
51 7
10 93
61 71
46 76
19 4
82 14
15 90
98 2
30 68
29 24
33 20
44 84
38 25
45 34
37 14
29 60
33 32
98 97
94 63
49 30
84 48
52 39
9 86
33 77
47 23
6 70
67 36
67 11
4 52
10 16
18 87
37 36
20 100
10 27
49 28
71 24
71 2
84 33
86 22
55 60
24 43
63 95
64 86
11 94
69 41
92 34
17 53
8 48
59 38
25 83
96 8
81 1
43 65
56 50
23 54
41 25
68 87
81 3
32 38
49 93
43 87
88 56
37 8
27 36
18 67
40 45
83 91
9 13
66 78
40 6
72 95
49 59
23 21
3 41
6 100
55 20
13 78
87 30
94 3
80 22
25 84
19 73
90 11
48 97
67 6
21 27
46 39
96 45
30 13
33 31
70 34
17 16
50 35
33 89
13 3
13 80
27 77
96 54
80 89
18 94
28 16
92 70
16 76
3 83
53 88
4 57
78 24
2 8
1 31
16 40
46 42
40 51
53 31
73 5
63 89
91 82
25 34
3 5
34 27
58 19
31 8
96 70
98 49
25 1
54 87
15 33
78 23
10 76
56 28
2 43
2 62
10 37
74 99
41 81
43 82
84 61
30 63
32 89
39 81
28 100
11 37
21 37
66 41
87 63
10 26
84 16
54 4
46 81
32 29
66 68
73 52
18 50
24 56
31 27
18 11
44 57
81 97
40 70
45 70
6 34
54 66
58 31
14 6
59 3
21 75
75 99
56 97
70 33
2 58
70 42
34 17
72 62
56 82
36 70
20 36
91 96
11 59
24 19
95 35
2 53
20 91
64 88
1 71
94 12
72 42
32 57
1 98
24 37
73 62
37 45
84 30
38 34
60 1
10 29
30 64
95 42
35 47
73 15
69 26
90 17
42 8
64 18
56 33
71 32
89 14
69 77
91 13
74 97
48 6
55 90
13 48
6 17
68 17
62 26
3 7
91 26
86 91
65 12
50 91
19 96
77 4
39 62
45 17
79 84
1 27
44 85
90 27
91 21
55 18
57 45
31 76
93 56
69 48
8 34
94 22
98 57
10 70
43 13
15 14
34 21
19 8
9 26
27 59
87 20
7 83
82 27
33 76
84 97
95 46
26 40
1 45
36 90
30 26
36 33
46 5
25 40
67 39
18 97
67 55
50 12
15 94
21 81
72 57
41 14
11 28
81 5
77 15
82 73
51 48
96 25
100 15
32 65
88 45
21 95
52 55
31 48
31 44
70 77
58 37
82 25
3 54
56 70
12 33
35 69
93 12
74 89
21 73
41 29
83 47
34 30
83 74
76 43
73 88
90 2
63 39
18 81
52 54
19 14
95 67
15 57
56 17
50 33
31 10
34 47
94 73
100 3
56 59
92 96
6 54
27 26
83 100
74 64
56 1
49 87
7 25
82 36
47 96
36 35
38 49
30 100
60 10
22 88
61 90
88 82
63 68
78 47
94 97
2 29
70 37
15 49
5 11
8 76
68 19
76 84
54 60
46 74
1 33
28 98
31 7
95 27
97 28
5 44
17 44
4 33
2 95
89 36
81 53
71 46
18 77
42 52
43 23
62 44
83 4
8 74
69 47
74 17
94 34
36 7
31 78
9 88
3 69
88 41
41 99
35 49
82 71
72 96
32 51
87 14
7 6
35 27
47 24
92 18
83 53
42 13
16 93
55 83
1 82
39 91
91 85
54 33
77 64
43 5
55 63
98 50
68 65
85 72
50 29
24 23
38 73
13 61
56 34
51 56
33 40
39 9
48 95
89 35
98 84
74 32
8 57
48 85
31 94
2 12
98 93
36 23
30 69
7 96
61 85
81 17
33 82
70 2
13 29
18 8
88 17
30 76
70 47
85 84
31 63
24 39
33 35
69 95
15 76
5 76
14 56
15 95
97 57
1 15
34 76
49 54
1 2
24 55
67 62
21 77
51 25
44 65
3 89
40 85
72 3
71 4
88 67
63 64
20 44
77 68
8 92
31 46
6 23
70 21
23 7
68 26
69 53
75 68
82 95
6 82
35 52
83 77
3 14
74 51
48 27
40 8
52 88
11 72
53 10
49 29
28 2
92 3
68 8
14 69
88 58
76 42
13 79
55 88
85 78
42 100
47 32
34 35
6 90
84 64
50 57
74 37
59 52
39 74
37 13
14 16
95 50
93 11
45 8
65 16
59 21
49 10
30 91
28 33
44 29
29 33
70 84
19 25
7 20
38 66
88 59
88 34
55 51
60 40
37 67
81 90
44 32
37 93
80 33
11 30
73 93
29 11
68 31
44 82
44 15
1 96
18 37
61 56
29 31
12 57
39 29
95 61
76 59
40 23
37 100
59 83
7 92
75 31
84 93
70 67
28 14
28 83
3 43
48 37
55 85
35 92
2 39
70 20
90 87
10 5
6 92
12 18
63 16
54 22
62 61
98 62
12 87
48 88
35 96
42 36
49 25
84 5
99 94
46 25
34 15
2 22
46 96
62 65
4 49
57 69
93 41
31 51
5 22
16 20
34 72
55 17
74 18
99 53
