100 3253
77 48
1 93
63 10
56 9
22 59
15 65
96 79
85 67
42 37
26 49
74 49
29 67
35 99
88 50
12 70
2 58
31 52
69 61
3 45
68 22
31 88
39 85
14 62
100 30
86 66
86 88
70 11
63 21
69 84
14 34
30 50
92 20
44 75
58 15
24 2
9 29
61 87
34 73
59 40
14 2
72 10
41 99
92 21
35 87
17 44
68 67
42 32
88 65
61 24
15 76
74 38
17 81
77 64
26 90
84 92
92 100
53 44
32 9
90 11
11 48
84 58
21 98
30 29
54 71
61 62
43 74
100 98
23 84
81 92
31 17
53 57
15 37
83 51
8 45
38 100
65 94
16 3
32 40
17 32
66 59
13 5
46 57
12 31
57 33
69 99
57 37
34 94
69 55
75 90
50 76
97 86
72 27
43 75
58 18
65 36
15 84
17 74
90 50
8 93
31 67
10 75
42 73
24 7
79 84
39 98
19 15
86 14
2 99
90 4
83 80
56 24
59 47
50 92
73 17
48 13
40 73
99 51
60 44
32 84
35 5
50 55
63 60
48 54
3 52
46 20
78 35
80 34
93 44
55 23
94 27
66 75
81 13
7 48
81 36
52 80
51 39
69 29
26 57
71 14
31 76
99 71
44 35
36 31
100 62
65 7
58 57
96 26
19 41
83 32
8 39
21 26
5 34
45 83
19 57
31 2
26 18
65 84
30 89
43 30
100 81
74 5
63 79
85 79
6 16
73 47
52 97
27 89
33 47
82 59
47 37
2 45
57 64
11 76
19 73
29 8
37 85
33 43
75 7
5 64
14 36
87 5
39 65
99 4
93 22
70 73
76 61
16 64
40 28
19 81
68 34
48 44
40 11
99 19
17 91
40 43
10 57
73 62
6 1
56 14
31 86
72 20
14 98
99 81
86 35
50 64
68 88
38 44
11 56
52 42
14 82
40 99
91 6
25 43
10 78
95 2
5 43
45 54
8 24
51 16
14 57
37 14
97 30
29 18
90 61
38 80
60 21
40 7
54 3
7 23
18 28
92 64
86 55
90 7
57 25
53 95
37 72
64 55
18 19
13 21
7 34
68 9
46 85
43 81
94 71
50 13
82 3
22 46
41 15
39 7
59 83
13 68
53 62
44 42
12 95
69 24
94 57
6 39
19 7
45 63
23 10
79 45
35 37
75 93
54 38
29 84
18 30
70 63
71 28
27 10
26 25
36 90
98 77
96 21
18 33
74 73
38 70
22 40
20 65
93 23
2 84
99 85
57 61
53 19
5 31
68 74
63 27
37 90
3 9
59 55
90 59
2 11
99 33
68 29
18 71
12 8
97 59
75 56
85 74
94 40
54 12
15 7
38 89
27 42
51 98
14 64
28 11
47 16
30 12
81 72
65 82
83 62
6 79
68 8
6 47
81 4
56 46
33 16
60 65
94 72
30 79
50 62
77 33
35 95
21 25
99 31
18 1
34 62
91 40
46 24
1 21
36 88
75 100
10 18
98 27
8 63
72 33
42 54
71 72
46 40
40 78
48 56
11 30
29 92
8 58
10 80
26 30
74 96
28 47
95 36
29 51
54 29
97 69
11 32
17 10
72 45
65 99
13 92
71 44
34 55
45 89
78 48
67 50
23 25
97 88
41 73
71 78
13 52
17 5
7 1
9 23
73 87
29 76
89 47
43 4
93 10
33 90
7 26
51 72
45 58
68 92
33 97
98 16
44 22
65 96
65 86
28 78
35 50
6 49
12 13
41 32
62 24
11 37
9 20
17 61
74 55
48 24
79 38
96 54
5 100
49 22
75 94
8 14
62 94
62 18
26 78
13 76
94 17
8 83
56 94
23 28
86 96
99 27
24 99
89 42
27 20
69 27
99 29
92 85
50 45
3 55
14 67
36 40
90 58
39 91
85 42
71 56
5 12
66 88
24 93
28 50
61 77
63 74
77 10
15 50
58 74
25 15
81 98
42 64
60 92
44 51
39 15
86 6
76 35
83 75
54 93
91 90
22 82
43 87
15 54
89 72
68 10
53 61
41 95
91 51
12 3
1 48
72 69
10 92
65 28
55 88
53 63
36 30
19 2
98 94
23 65
100 2
19 78
94 5
87 24
27 55
93 99
55 6
96 6
76 5
23 31
15 45
17 80
4 85
57 74
32 87
48 70
57 62
77 75
72 38
30 62
81 23
43 42
60 64
94 93
97 74
37 30
40 5
14 58
91 48
65 19
17 22
91 28
23 17
33 74
88 14
55 94
62 36
5 39
17 36
29 48
66 11
10 47
66 54
64 98
97 98
7 21
96 52
46 25
41 89
34 57
48 38
99 89
44 19
79 11
82 60
26 70
22 77
3 46
47 67
55 81
10 4
6 34
91 59
58 68
77 50
85 73
11 55
11 86
43 76
98 30
51 19
4 98
86 23
56 64
4 20
91 5
100 9
89 95
14 24
82 17
50 31
79 77
86 87
45 17
42 17
56 63
33 9
15 23
35 19
75 73
32 68
15 48
73 90
63 57
34 72
61 89
21 56
4 36
99 60
48 86
97 85
44 21
53 41
46 5
12 19
34 100
78 31
28 25
4 45
79 93
90 5
9 60
79 98
45 35
58 77
95 80
7 77
15 40
28 26
82 44
38 87
51 63
92 99
52 99
13 47
25 80
10 98
79 61
70 57
20 51
52 70
95 38
78 73
67 99
64 83
46 31
11 100
12 1
27 50
100 85
4 60
19 33
47 12
16 9
58 91
91 9
97 84
16 39
17 86
37 2
1 53
73 63
3 44
69 16
40 53
75 4
96 71
86 93
35 98
37 24
69 90
46 88
84 6
74 83
32 18
40 4
41 74
15 72
33 26
87 27
49 65
99 87
78 62
51 23
73 60
20 81
16 41
66 72
14 21
35 66
96 68
96 22
99 75
96 66
66 89
84 76
59 7
15 34
44 41
99 55
61 43
36 83
56 17
44 67
53 54
32 86
69 19
92 28
54 8
97 11
79 60
67 59
4 74
85 62
18 79
25 63
59 12
16 85
19 27
71 11
76 60
71 76
4 7
98 62
23 36
88 49
67 55
96 3
49 19
35 68
99 23
36 61
16 22
76 78
30 74
9 90
68 36
52 17
35 36
19 3
78 52
38 43
18 42
84 10
52 88
80 13
66 94
5 97
33 3
37 25
90 17
66 90
93 45
26 8
77 54
43 63
19 43
97 38
9 77
76 73
5 25
100 89
66 15
55 78
38 25
44 36
8 20
14 22
83 81
62 39
62 45
9 86
63 65
81 46
58 97
47 60
98 96
56 38
95 69
51 40
22 18
35 25
95 97
26 65
43 60
43 71
25 76
91 41
53 51
64 48
87 79
4 88
88 38
23 69
76 23
86 83
56 41
12 35
53 46
5 45
80 59
2 54
85 43
89 70
62 88
96 100
35 14
81 73
27 52
53 77
80 8
84 5
75 20
19 40
22 33
21 77
28 74
19 54
81 96
34 40
51 88
14 28
8 2
36 51
35 84
85 50
66 60
60 54
92 41
84 71
84 94
84 7
85 53
80 89
1 54
98 2
93 77
36 89
10 43
4 87
37 70
35 23
51 81
49 18
92 19
67 25
57 60
29 26
16 83
75 98
90 83
27 37
28 89
87 84
84 20
42 69
5 66
92 48
57 44
16 18
99 36
31 30
95 58
58 81
42 60
37 13
17 24
11 84
79 39
28 86
27 58
22 53
81 29
23 45
62 87
93 37
54 18
91 55
76 98
32 1
97 27
47 98
63 64
84 22
43 27
98 31
73 91
65 27
28 36
95 68
14 65
39 45
63 13
58 51
96 34
85 24
40 80
49 86
15 13
14 91
22 28
41 58
7 32
41 39
58 19
33 37
82 70
34 46
99 70
36 48
24 28
18 3
47 99
90 2
86 54
11 3
29 95
83 77
41 20
81 40
99 46
85 34
94 13
6 50
16 87
32 22
29 86
26 45
41 80
33 48
77 89
65 53
34 2
60 84
66 93
36 3
91 54
8 69
52 18
30 99
96 49
20 63
6 18
16 75
34 31
78 49
90 82
84 57
10 100
27 14
87 74
64 100
86 16
78 58
23 34
20 16
80 75
54 40
28 52
26 56
33 87
5 93
89 68
96 89
36 29
88 1
7 97
36 37
42 90
67 38
70 44
72 90
98 63
77 91
38 81
43 36
31 1
16 59
56 61
16 60
22 78
35 58
26 55
42 86
36 38
28 44
25 14
73 95
30 33
36 85
62 1
38 6
9 21
97 54
28 56
82 96
71 21
96 14
45 29
61 7
12 85
35 15
85 11
60 94
61 15
51 12
13 89
40 52
26 31
12 24
65 77
81 44
76 82
64 62
62 3
85 41
79 49
17 49
56 23
32 61
61 42
7 13
98 15
25 53
61 10
91 68
41 31
1 34
45 52
40 29
44 55
33 68
95 33
14 13
13 84
51 64
74 44
80 79
47 32
25 56
90 54
90 55
26 3
59 46
67 5
85 40
17 26
84 85
99 83
84 28
63 94
28 33
6 26
84 93
75 61
88 33
31 25
22 55
25 59
90 95
18 76
68 27
47 86
90 77
40 72
76 95
89 2
95 31
54 13
13 31
66 79
65 37
24 95
7 89
58 43
86 12
73 71
27 71
29 28
1 35
43 77
83 93
24 66
65 8
86 74
52 85
66 34
70 71
96 53
89 49
80 67
75 54
71 7
35 91
63 75
86 77
63 50
96 90
74 25
14 66
41 96
98 22
74 22
81 41
69 5
97 64
77 51
50 52
6 88
67 46
98 19
90 57
52 46
59 38
90 30
77 46
42 50
73 94
18 68
97 3
56 7
68 50
81 70
79 62
34 63
20 68
100 54
97 99
41 6
86 79
87 45
4 42
70 80
72 99
95 43
85 70
46 68
37 32
86 43
98 11
6 93
35 74
62 49
59 71
74 3
84 12
55 16
40 24
79 56
71 4
36 91
10 40
36 98
18 82
21 67
66 23
85 44
74 31
62 81
36 10
88 25
77 76
90 100
27 79
83 94
54 4
48 98
12 73
67 13
100 53
28 72
80 74
65 67
50 75
13 27
15 68
27 60
94 23
32 39
57 49
90 64
7 69
52 56
26 38
3 2
28 58
36 2
30 92
10 21
28 67
35 28
13 23
51 42
9 17
34 19
9 79
35 24
75 68
46 60
68 100
87 91
79 90
51 76
10 56
55 97
55 79
82 23
78 11
88 89
27 35
71 90
70 87
27 85
96 19
43 98
13 79
47 90
73 79
33 52
58 10
28 48
62 92
9 95
21 39
41 37
39 57
34 16
64 15
47 20
47 84
75 24
16 76
80 57
29 72
54 14
5 9
15 71
64 91
50 36
29 88
41 18
66 70
33 7
96 61
66 69
18 84
22 94
76 85
50 83
57 35
22 69
6 4
55 63
35 32
16 44
85 31
97 45
85 61
37 73
23 6
31 66
43 90
42 47
59 31
81 66
81 85
76 14
66 76
18 60
63 59
16 77
29 80
62 93
67 54
87 48
47 45
62 21
94 100
35 90
4 41
50 84
10 81
22 52
54 81
56 16
16 2
39 59
41 33
78 14
14 84
61 35
86 94
15 44
62 74
49 85
69 44
18 67
16 89
21 6
98 72
81 47
21 76
69 12
66 97
37 31
17 7
44 6
34 78
20 85
72 85
68 37
60 23
8 73
99 56
55 41
60 3
63 81
71 88
34 48
82 66
44 45
45 88
85 95
25 75
19 16
54 68
64 10
72 92
77 40
87 78
32 75
44 62
15 99
14 85
50 97
76 4
80 96
75 69
49 100
25 30
55 7
94 14
80 5
67 74
61 50
36 52
91 53
56 53
98 20
18 51
2 26
57 98
22 25
3 29
97 42
95 77
64 66
73 64
48 5
35 43
43 13
84 86
74 91
34 42
39 83
63 26
15 77
55 5
69 64
32 59
67 91
22 62
86 5
83 35
55 14
67 98
70 4
53 4
76 93
90 80
18 95
34 92
11 67
61 99
31 91
44 18
8 11
91 3
44 100
99 49
68 52
9 4
42 94
91 27
35 42
17 55
72 49
65 41
59 5
100 14
87 37
45 64
65 3
84 66
55 61
91 33
7 2
90 14
100 21
10 53
21 19
38 71
27 41
17 59
65 76
25 13
40 2
29 55
21 88
70 55
87 83
45 85
87 39
15 83
4 52
43 12
41 51
77 25
34 30
22 56
8 52
50 16
24 98
63 40
70 2
92 35
50 25
37 28
71 37
72 46
50 39
92 49
65 92
98 38
19 80
48 79
25 40
65 47
83 24
75 52
75 96
11 50
59 50
13 69
57 41
96 7
37 12
53 3
93 4
33 51
71 98
48 31
66 92
37 6
68 84
85 6
28 30
35 100
2 43
90 86
75 33
32 92
94 99
15 9
93 33
33 44
81 30
28 38
63 71
66 16
31 94
63 14
52 64
70 22
33 69
70 67
42 13
77 41
72 53
69 86
23 2
61 5
4 82
41 76
63 39
72 5
20 50
66 2
7 44
94 19
88 47
8 88
9 96
47 53
32 80
8 67
85 77
82 42
80 35
23 20
87 93
100 99
68 99
73 67
11 4
8 50
38 34
22 83
37 95
3 68
64 13
87 53
37 40
16 91
50 23
1 66
100 32
98 74
56 98
15 36
54 69
51 71
87 57
46 18
24 57
1 67
25 82
11 19
94 69
2 49
1 17
46 41
41 34
29 13
39 44
56 96
96 11
2 46
17 2
77 36
28 61
11 62
74 6
2 39
89 39
99 21
83 98
18 5
54 79
43 9
82 55
61 71
33 65
47 35
92 54
68 40
28 93
98 7
74 90
38 83
23 63
39 96
65 79
61 1
54 87
3 99
36 96
25 68
37 97
17 33
56 39
42 5
67 4
86 50
7 81
30 59
26 52
25 52
66 77
45 31
64 35
58 98
95 19
40 17
56 92
77 31
15 8
37 48
10 19
54 84
19 1
46 90
66 87
56 82
90 21
7 70
6 72
88 56
89 10
19 83
33 36
59 18
18 90
92 57
77 70
52 37
27 2
66 100
93 29
33 5
69 21
40 48
81 11
20 43
92 96
44 66
78 99
21 53
79 52
43 93
88 19
76 54
82 28
14 30
99 44
10 16
5 95
78 12
85 23
70 84
95 100
13 40
9 82
84 30
13 10
9 52
36 5
40 38
94 76
98 73
95 13
48 51
27 38
74 36
34 10
87 95
70 93
26 98
3 34
4 86
11 72
81 50
12 25
6 10
16 27
89 59
33 66
66 85
18 43
46 38
81 88
32 85
91 69
32 98
53 59
97 2
16 32
48 58
22 11
91 82
36 21
24 88
23 8
37 83
88 30
61 11
17 34
32 33
68 51
100 84
87 1
26 99
74 13
18 21
88 28
2 85
90 88
49 34
47 39
63 33
93 67
65 75
54 17
42 12
25 64
70 69
30 78
41 1
52 95
91 11
87 59
62 95
97 9
2 4
75 60
43 8
18 70
41 63
93 48
40 69
78 67
75 12
44 58
91 56
75 51
4 5
13 9
53 15
36 57
32 43
40 39
96 12
40 42
6 56
91 60
70 100
60 41
66 53
87 97
24 82
82 20
12 7
7 51
14 6
86 3
79 89
47 87
55 39
42 39
97 77
97 62
88 96
56 36
58 30
95 91
66 73
86 68
63 89
45 14
64 38
61 52
16 36
89 76
26 92
44 25
10 96
39 17
1 99
38 69
15 86
7 57
79 4
12 27
10 38
8 64
79 50
35 4
44 72
53 55
71 35
24 49
95 21
73 88
43 31
66 12
52 98
52 69
30 77
36 60
97 48
79 72
81 53
12 90
56 83
87 44
94 35
5 23
83 89
37 19
10 50
31 70
8 82
23 22
67 76
61 80
41 84
92 88
8 40
23 57
98 13
34 61
65 46
66 46
75 57
4 21
84 88
48 62
12 14
73 53
25 100
7 47
57 30
63 24
18 69
16 4
76 9
45 75
7 88
90 8
28 66
70 13
73 68
70 6
21 37
83 30
31 24
80 44
99 84
58 34
34 25
93 34
80 49
12 10
26 12
63 69
50 74
65 93
31 6
29 14
25 83
17 92
46 95
82 49
52 82
71 77
13 33
21 59
72 35
63 58
52 12
97 73
2 41
57 89
5 10
94 1
58 7
31 27
57 56
76 8
29 63
68 16
20 48
88 100
43 14
19 50
26 71
86 8
73 92
61 70
56 58
64 24
80 37
51 34
3 8
31 71
18 25
5 50
25 62
96 63
98 82
35 2
76 62
50 41
17 83
84 26
24 29
69 28
59 35
76 80
13 58
42 99
80 55
43 47
86 27
51 30
74 52
7 28
45 42
65 57
73 18
64 1
96 99
50 100
14 47
19 72
17 14
39 43
58 61
13 1
38 19
88 22
32 99
82 64
17 93
68 78
98 92
90 68
33 31
92 51
22 92
41 61
40 47
59 44
84 61
45 94
16 43
24 11
88 34
49 25
26 48
28 13
59 74
34 27
13 17
13 18
33 70
41 100
26 77
94 81
31 21
77 2
61 12
13 51
100 59
81 26
7 91
9 61
39 27
65 5
32 60
43 7
51 11
27 76
46 64
29 82
32 77
70 74
68 87
20 87
56 47
5 85
43 100
21 86
83 92
92 95
42 79
53 6
11 33
56 42
82 83
49 15
27 6
77 62
97 57
96 51
45 28
34 18
63 17
75 18
12 49
15 82
100 97
30 66
44 88
76 1
77 56
47 18
34 54
76 58
83 71
1 91
26 53
28 34
70 64
51 54
52 71
58 20
54 99
35 62
16 7
34 97
69 82
77 13
93 3
50 32
20 19
35 16
64 68
78 38
56 85
40 3
6 29
71 23
15 92
69 92
25 69
65 17
10 82
20 2
74 8
6 78
40 75
20 83
15 69
55 71
31 84
50 14
85 29
55 58
75 47
77 87
94 97
44 79
67 36
92 53
47 8
81 34
12 38
12 40
52 11
28 99
79 76
98 95
53 78
87 40
72 55
15 6
31 9
16 90
11 57
24 90
75 97
13 20
89 56
11 58
9 87
37 79
9 18
74 65
44 61
19 30
46 36
37 78
28 15
38 63
96 32
41 13
88 35
38 1
96 40
44 73
70 41
68 83
57 85
96 95
1 16
24 42
52 67
32 44
69 100
54 33
55 28
64 80
15 20
97 80
75 91
80 73
59 23
48 30
25 60
33 38
99 11
42 87
55 37
83 23
61 19
46 97
100 46
100 37
66 45
4 39
15 46
24 4
9 36
56 55
48 47
68 49
65 61
31 40
16 42
53 32
73 52
97 8
59 95
4 89
41 9
48 14
40 65
78 36
50 2
2 29
4 29
31 93
23 53
25 24
8 48
76 83
79 28
49 36
62 60
74 20
78 42
99 38
94 29
56 44
6 76
94 89
32 70
20 60
39 66
65 52
54 70
54 95
84 42
45 27
40 27
71 33
87 75
49 53
88 10
28 31
19 14
64 75
11 7
76 92
48 85
13 57
41 86
80 23
68 98
47 92
82 43
57 15
64 95
57 38
4 55
77 59
12 55
18 81
49 21
67 69
85 98
5 77
95 4
97 65
74 26
62 9
61 83
59 98
23 88
45 67
20 12
34 95
14 99
33 34
95 55
19 64
34 9
38 86
30 95
58 17
66 22
36 7
13 93
77 3
30 9
72 42
73 84
94 21
86 51
9 63
60 52
80 12
21 72
76 100
58 64
75 37
61 78
40 33
61 100
58 86
95 48
81 97
94 43
17 96
36 47
4 84
39 72
31 35
58 53
41 10
93 92
60 78
90 31
95 83
68 24
26 83
75 67
36 73
92 1
89 65
3 4
5 37
88 76
42 58
53 94
59 52
54 28
13 100
69 2
75 5
90 62
35 7
10 76
53 34
6 19
85 83
39 100
54 22
56 1
22 35
100 22
48 67
63 16
64 87
65 72
69 76
92 80
21 12
50 89
100 6
67 10
15 87
20 95
1 33
5 89
51 47
16 17
20 100
11 1
74 93
39 64
80 18
13 16
9 12
6 45
93 97
44 90
90 89
28 60
76 90
56 51
48 69
9 88
73 9
12 36
23 47
96 78
58 59
85 80
69 6
22 57
71 65
84 24
65 56
52 41
20 6
77 99
19 56
12 72
9 70
81 27
15 81
11 27
100 63
48 49
14 53
100 60
73 100
5 79
27 47
91 8
8 33
30 22
88 16
77 73
69 89
81 49
80 99
86 39
44 9
18 98
31 56
59 34
19 79
37 86
84 39
62 89
56 69
5 28
16 99
43 46
31 81
78 13
57 88
71 60
42 20
100 72
30 68
89 17
16 31
51 17
86 19
53 42
42 14
74 14
76 42
46 11
71 87
47 26
11 31
17 68
93 98
89 3
9 37
70 16
50 34
79 94
67 84
86 78
6 30
56 87
55 36
88 74
79 81
64 33
28 63
34 44
64 99
98 3
60 29
64 61
52 66
11 89
78 25
24 97
92 97
61 39
61 2
18 92
19 59
28 32
58 6
6 87
31 83
70 46
97 6
37 50
90 28
1 10
24 16
99 95
24 43
63 1
46 16
19 46
74 47
7 54
19 13
71 47
73 32
65 100
21 81
90 81
38 82
50 73
35 9
100 18
39 58
74 53
21 55
10 85
64 2
77 23
12 58
66 10
66 58
25 71
10 37
7 38
79 59
76 36
66 27
44 10
57 55
72 87
76 40
64 22
100 3
42 28
77 38
18 99
43 56
8 100
19 4
20 88
79 1
80 31
15 26
54 80
97 22
29 44
15 11
98 55
54 30
15 47
33 4
58 29
91 2
94 58
8 41
86 34
44 8
6 94
76 2
41 47
85 26
41 24
85 17
26 9
64 89
87 19
11 9
23 29
82 50
95 26
35 33
97 23
100 36
73 26
68 76
93 91
12 34
89 25
50 49
10 14
2 55
53 35
56 59
94 51
6 43
76 46
29 98
28 20
74 72
42 25
37 77
30 17
95 22
18 39
66 36
51 28
80 46
92 33
36 69
17 79
6 98
13 59
19 47
46 69
51 46
57 54
35 65
19 29
23 87
32 63
5 26
66 9
71 95
75 82
96 87
87 13
37 34
3 13
67 60
57 16
17 76
64 36
100 47
91 50
29 11
31 58
36 84
49 11
10 71
9 78
82 100
83 96
79 95
97 43
30 71
33 100
100 55
67 56
59 11
56 60
50 95
45 53
15 2
67 17
30 72
68 62
13 60
41 22
20 49
5 88
90 23
4 13
78 64
73 21
58 85
36 13
11 53
12 81
81 65
10 39
97 96
77 67
26 16
75 72
76 45
56 27
62 15
45 10
42 7
80 28
31 38
78 74
59 54
73 39
72 48
45 59
65 70
100 79
49 83
85 60
49 45
95 1
93 50
33 29
7 18
82 94
49 37
55 42
35 85
56 73
26 86
6 5
75 46
18 96
68 45
42 96
97 91
74 2
22 87
62 28
30 65
75 85
29 89
75 31
74 48
49 47
39 97
96 8
68 39
41 59
80 43
3 95
79 31
29 100
74 84
58 80
55 31
35 40
83 79
66 56
30 96
60 17
46 13
100 27
2 67
14 68
7 76
83 40
21 54
18 20
63 88
1 14
34 75
62 19
20 24
27 64
79 53
70 43
54 36
41 29
75 13
4 66
15 55
24 3
98 1
11 43
79 20
11 65
48 52
38 13
27 74
87 14
97 10
89 54
40 89
94 11
38 22
93 30
40 57
22 36
63 87
56 40
17 70
3 39
72 93
11 64
49 55
26 82
95 88
78 100
85 88
15 33
12 71
96 77
91 62
1 3
66 99
5 92
29 35
25 10
44 30
57 52
81 61
97 20
35 8
28 85
3 20
96 16
19 31
57 8
43 67
27 17
16 82
81 5
88 17
1 5
70 53
93 27
81 77
13 99
58 87
48 3
2 65
35 69
69 1
46 30
29 97
28 97
42 83
6 67
21 79
14 46
64 6
8 70
19 82
55 10
88 72
41 54
60 61
37 99
67 40
68 61
82 74
58 52
87 29
17 43
8 56
5 14
90 6
36 58
51 70
72 3
31 87
52 10
97 16
68 59
28 10
50 69
24 100
1 74
56 3
38 39
62 32
83 67
3 59
52 54
55 13
28 9
36 39
54 10
37 88
14 93
60 39
32 78
63 7
38 16
10 33
91 88
80 87
68 11
71 97
48 45
48 66
22 10
48 100
63 37
83 91
88 26
85 13
12 99
84 63
65 62
45 81
44 20
10 74
35 18
64 85
73 57
76 75
11 74
44 49
67 62
85 87
67 3
47 85
36 8
78 97
52 44
24 45
20 91
45 90
32 58
19 74
76 72
3 32
50 12
49 31
91 10
8 38
46 48
63 68
80 82
13 62
51 84
69 74
7 41
74 92
29 77
56 12
77 63
38 41
93 51
67 20
24 77
32 34
86 13
48 6
18 27
63 46
66 62
35 93
32 76
19 60
41 75
90 15
30 27
20 10
85 19
43 45
17 53
42 88
17 8
69 53
21 32
36 82
70 98
13 73
1 9
21 34
48 53
89 23
59 92
40 30
39 31
28 39
5 3
45 11
57 48
20 90
57 21
71 66
50 29
76 86
72 32
42 70
34 64
31 62
52 20
92 67
23 41
70 14
62 70
91 81
83 11
49 28
1 100
13 49
79 24
5 63
74 54
66 67
81 89
85 55
94 74
8 71
97 31
7 22
1 70
28 57
18 94
49 76
35 3
90 87
100 93
9 46
59 33
14 81
71 16
25 29
8 22
81 59
65 83
85 65
67 49
58 9
29 1
80 15
72 36
7 87
27 25
29 74
65 25
98 34
63 36
43 26
52 87
37 74
40 18
58 23
12 48
5 30
25 73
60 40
13 66
63 76
77 18
23 37
61 46
81 52
48 17
54 98
92 44
60 97
65 6
51 66
36 71
30 21
43 78
20 29
56 18
3 81
21 11
34 29
76 37
15 32
49 66
52 86
74 45
7 64
60 7
47 4
65 21
51 90
61 8
44 77
69 85
2 72
97 61
66 19
35 55
81 8
11 77
12 15
50 99
2 88
76 59
14 60
34 24
76 55
98 23
78 83
75 9
58 4
32 24
17 64
34 22
98 50
84 82
9 2
64 30
52 49
1 68
98 5
75 55
67 61
75 92
30 10
28 70
94 64
14 89
63 90
44 98
24 10
97 44
84 19
70 56
2 81
40 14
100 26
52 62
13 53
96 38
54 32
40 97
47 3
21 28
40 26
38 35
23 39
42 100
56 4
57 100
24 13
77 14
56 33
48 76
89 43
14 7
70 95
20 59
11 36
32 46
75 22
38 65
86 24
58 75
5 82
95 75
11 88
4 100
73 10
42 49
8 89
19 45
89 74
81 9
44 37
13 35
32 25
26 76
75 1
69 14
100 23
77 45
46 92
71 22
99 58
38 76
4 44
6 52
1 45
40 23
60 35
20 45
75 30
28 53
83 27
98 12
50 47
25 97
33 79
90 85
97 83
75 23
17 97
35 34
47 9
97 90
38 91
42 75
71 24
63 72
89 86
37 98
100 28
28 98
15 31
10 59
52 21
6 89
94 48
57 59
52 43
47 76
69 37
79 88
71 34
78 39
78 91
51 85
70 25
5 27
26 35
26 94
93 12
98 66
97 19
57 76
39 26
28 16
46 62
38 60
49 61
24 58
6 36
47 69
42 41
39 25
40 86
19 42
49 94
52 77
37 18
2 52
35 63
3 61
87 3
67 34
68 31
14 97
78 98
63 2
49 63
67 81
12 83
83 70
72 25
79 36
88 54
80 98
46 1
16 92
82 85
69 11
5 29
87 67
73 7
43 99
69 3
79 12
5 99
58 22
26 54
36 92
50 65
87 46
87 92
9 50
71 19
61 59
69 87
60 69
52 91
34 79
88 40
7 10
43 29
92 14
68 2
54 73
71 67
89 58
40 92
26 62
11 44
35 6
8 72
100 40
56 29
95 14
51 22
19 9
49 98
4 72
87 12
96 72
80 1
74 24
21 29
93 42
74 18
54 11
71 74
80 53
21 43
37 29
20 73
68 26
15 29
52 34
67 86
11 13
57 81
16 73
93 56
4 15
78 54
36 26
7 94
70 19
51 27
43 51
60 24
5 53
43 3
53 39
32 71
26 4
96 60
8 66
43 68
40 21
64 28
82 67
55 66
35 21
27 77
4 25
36 75
66 20
76 87
6 54
76 3
25 99
3 66
26 14
22 43
20 36
1 49
72 24
34 11
26 51
23 4
69 83
82 41
53 97
34 39
67 58
61 16
72 59
83 84
37 67
85 89
29 78
45 71
23 79
72 18
46 98
2 59
18 88
26 89
92 24
48 84
49 77
40 45
66 68
19 32
63 12
71 85
95 86
14 73
75 6
99 45
88 80
28 75
16 40
17 19
65 55
32 36
7 53
19 90
1 51
31 14
88 15
100 31
74 66
65 4
66 43
37 1
43 88
23 62
60 6
8 51
17 6
91 94
58 93
1 47
45 86
30 38
63 30
41 17
65 43
54 37
1 73
5 19
61 31
50 38
54 35
81 22
80 62
91 71
52 76
