100 4950
77 24
80 67
17 81
10 78
92 66
60 67
33 79
100 70
40 71
28 60
50 62
8 92
66 65
39 17
85 49
41 8
91 85
79 32
31 45
2 42
16 43
18 26
53 56
48 92
35 49
38 72
59 41
8 72
57 94
10 4
88 94
97 56
70 58
91 25
13 90
71 79
99 10
7 18
25 67
21 45
27 55
13 49
2 46
75 78
90 78
81 82
85 25
55 11
8 59
69 71
29 50
8 29
29 87
81 42
20 8
23 30
76 61
81 80
36 89
15 47
96 67
35 25
26 44
25 96
23 72
47 77
88 10
20 10
89 6
85 66
18 25
36 11
29 70
65 24
92 29
17 58
79 97
46 5
74 64
54 63
40 81
100 86
60 61
86 11
95 34
96 11
86 68
5 6
1 36
18 1
33 25
26 52
43 34
19 10
46 58
76 93
94 80
28 31
11 16
54 3
56 32
62 7
51 22
93 42
82 27
24 14
62 74
99 59
61 28
27 19
31 62
87 10
9 10
8 54
18 6
76 13
22 19
39 44
1 2
66 38
25 68
25 76
1 4
37 48
3 65
53 29
3 83
35 31
6 13
85 83
32 84
29 98
33 80
95 94
30 28
54 10
20 81
35 45
24 83
89 91
80 23
73 40
36 25
90 26
2 66
16 97
80 22
1 13
68 56
13 29
67 65
56 18
57 5
1 35
15 52
70 97
8 69
3 33
88 91
90 74
32 25
89 2
51 66
15 94
69 100
87 5
15 98
82 54
65 13
94 51
77 58
44 82
36 33
26 58
12 31
22 39
61 14
61 100
90 34
71 72
14 88
36 98
30 37
53 15
13 39
20 15
20 97
62 5
6 12
5 29
40 33
9 71
83 32
52 60
7 78
9 16
37 32
19 99
14 27
89 41
21 68
100 99
8 89
48 75
13 53
22 60
66 99
40 76
64 62
79 89
82 50
94 65
45 64
7 67
31 70
8 71
64 6
97 40
77 49
100 88
70 16
91 56
26 29
91 17
96 6
73 18
36 26
69 74
32 53
73 88
84 42
55 99
19 52
25 65
91 64
63 56
88 79
92 9
31 22
4 39
28 80
49 27
76 87
96 4
57 50
27 10
97 46
19 14
58 14
94 70
87 12
58 95
37 95
76 77
89 1
2 11
81 2
20 91
73 25
55 73
31 15
44 56
59 44
33 57
3 44
51 13
19 57
29 30
38 79
12 72
87 75
98 89
50 12
49 88
39 21
43 17
6 39
33 69
90 44
38 49
27 11
57 89
57 14
6 66
5 50
31 56
26 34
34 13
71 10
4 63
56 51
80 3
47 5
52 49
78 92
1 81
57 7
64 9
65 40
8 99
31 81
70 64
48 3
92 72
34 100
30 16
83 57
4 58
51 46
70 6
66 80
60 55
18 65
77 31
53 85
92 21
22 69
62 22
32 82
6 65
53 26
97 85
20 73
57 96
99 83
36 54
1 51
56 30
30 93
79 91
56 15
38 34
21 7
49 66
36 42
26 69
2 94
68 52
99 88
5 53
80 14
98 54
57 98
32 14
39 46
29 80
43 65
93 59
75 11
71 98
1 71
98 82
10 47
5 17
7 72
53 77
6 48
56 59
30 72
27 37
100 16
87 57
54 80
21 23
15 38
19 90
40 46
36 18
41 91
51 82
98 19
8 18
88 32
24 74
1 46
86 21
2 75
60 84
33 1
59 67
28 50
8 84
22 41
37 29
10 22
58 33
76 45
89 3
6 93
6 2
63 13
84 31
41 39
36 95
8 19
42 39
66 57
99 64
42 96
70 24
16 39
74 16
4 6
98 76
65 8
96 97
83 90
97 69
91 22
41 100
13 67
99 98
32 90
2 26
60 69
42 22
73 14
32 87
60 47
26 96
47 30
61 81
12 2
2 92
11 70
32 54
96 84
38 64
86 25
52 58
30 26
51 70
45 33
89 37
48 35
9 29
18 67
44 27
43 33
43 63
43 52
39 86
34 87
87 11
34 29
91 81
24 29
29 75
75 95
8 57
6 33
45 77
97 22
26 17
1 10
7 8
7 26
28 14
82 49
54 30
47 76
10 58
81 90
17 40
3 2
18 75
54 24
57 1
57 21
83 37
53 1
54 60
9 20
57 90
21 95
32 3
51 4
63 66
17 74
25 28
34 37
53 60
27 100
94 71
100 17
82 55
71 28
64 8
74 44
92 95
16 96
62 26
45 68
68 32
24 19
68 72
27 35
86 14
40 30
28 19
13 28
11 33
56 9
81 60
15 10
74 46
7 59
7 5
16 42
8 5
82 80
81 4
80 37
69 12
46 41
20 26
11 3
53 88
90 6
76 26
56 50
53 43
39 69
82 33
94 76
34 36
61 80
4 94
54 87
94 5
16 3
9 30
53 39
69 21
34 55
27 76
100 96
5 27
85 47
27 17
59 82
19 91
45 67
41 28
47 72
8 38
62 28
49 50
51 86
97 57
53 87
24 99
14 94
96 39
33 27
67 42
23 53
69 59
100 82
70 98
69 70
20 100
29 54
85 30
21 87
70 8
33 29
18 10
43 50
73 56
75 8
9 3
46 77
44 72
98 64
95 80
43 75
55 22
8 24
91 8
71 36
12 79
99 27
27 31
34 77
43 76
25 98
73 44
49 22
51 5
66 13
54 43
65 84
34 85
93 19
15 65
11 26
29 57
60 100
87 36
60 65
23 77
98 67
56 25
41 19
57 2
37 90
1 98
20 12
71 100
73 91
54 42
42 82
4 41
95 78
13 35
69 57
93 1
62 15
64 11
25 42
77 29
36 22
41 87
69 55
48 68
65 85
34 16
90 91
59 43
7 2
93 37
84 57
23 12
27 75
26 40
57 92
53 92
80 69
96 65
98 77
39 8
31 49
39 66
74 80
33 71
51 24
7 80
39 23
62 36
17 71
92 84
45 29
52 8
9 14
81 28
32 20
52 28
92 23
36 10
1 20
34 71
95 79
78 17
94 63
39 92
72 29
19 23
66 4
5 22
18 13
12 68
79 10
55 35
31 29
28 36
19 70
44 45
24 68
25 31
89 43
37 74
83 26
89 10
77 44
17 20
62 80
72 82
7 77
40 45
97 15
80 15
49 54
5 31
93 4
52 33
30 77
4 15
46 31
99 86
12 91
30 36
98 12
99 26
9 89
65 95
39 18
40 12
99 37
59 33
81 32
17 60
71 27
76 89
67 28
7 95
47 86
93 35
48 19
1 43
30 22
44 14
64 88
93 9
87 95
47 38
11 77
39 97
15 55
82 63
37 63
20 75
54 59
1 85
39 5
39 1
22 73
37 91
4 54
98 22
47 81
71 95
49 57
85 35
69 51
32 67
53 3
90 99
46 30
60 4
28 26
71 20
13 87
71 75
54 34
45 32
58 75
47 11
65 38
31 95
64 15
33 2
25 77
32 7
80 44
93 22
38 52
29 79
49 19
62 79
54 5
60 94
34 74
28 33
73 78
78 60
42 43
25 14
82 66
28 23
93 41
58 56
22 46
11 18
66 90
19 2
37 41
5 44
24 37
69 44
44 20
51 67
89 17
5 89
82 11
12 57
35 61
61 62
14 4
8 4
98 92
92 93
5 48
57 10
92 71
73 6
33 35
37 11
60 89
75 92
64 72
35 63
45 8
7 44
76 62
19 21
17 24
97 60
26 61
37 12
56 41
99 52
92 24
40 68
36 51
6 54
53 38
5 4
16 81
79 69
81 51
50 54
55 29
51 30
35 19
83 79
3 81
93 94
41 88
9 83
30 10
40 67
42 31
9 57
3 21
92 34
74 45
68 50
48 78
8 17
29 6
23 57
4 29
9 86
18 77
38 25
29 15
60 32
86 58
23 86
96 17
7 81
76 72
6 19
62 96
46 6
12 10
63 14
25 8
44 84
14 54
78 27
93 61
39 37
55 77
96 90
13 33
96 64
1 76
45 69
84 49
25 19
60 13
72 33
94 19
5 59
11 58
68 46
82 70
59 62
56 65
40 86
42 68
7 45
50 98
75 36
86 88
73 36
83 59
48 72
93 44
43 97
23 5
85 79
11 71
34 76
37 79
77 33
86 19
83 8
81 12
37 45
13 4
51 41
53 47
13 48
16 62
96 28
37 55
7 36
33 41
68 59
95 84
78 42
62 27
59 42
23 73
35 96
29 52
42 47
30 15
38 61
48 56
13 84
43 98
87 25
74 99
70 65
1 32
57 95
45 75
82 84
97 84
36 56
51 23
97 35
25 62
1 69
3 10
88 19
1 11
97 23
48 22
78 88
64 30
58 78
88 43
40 60
21 83
49 83
52 79
95 22
63 74
79 3
47 67
100 35
54 91
47 19
18 86
20 70
8 81
84 54
48 62
66 56
1 80
65 91
10 13
21 82
27 24
54 69
51 64
67 24
95 24
11 31
42 88
80 85
86 1
48 25
98 13
78 57
64 2
33 83
79 8
60 73
43 35
54 70
84 50
67 2
35 68
76 16
24 91
63 84
51 52
50 4
85 68
11 25
83 40
89 7
31 99
44 24
40 69
76 37
64 66
46 18
84 56
57 34
2 77
72 87
100 56
93 56
29 76
22 53
29 14
83 18
93 3
89 40
37 49
70 23
13 21
73 17
72 17
56 17
95 20
55 91
72 2
3 45
77 67
55 14
1 58
50 80
24 73
32 34
14 5
34 44
3 38
10 42
60 64
69 73
95 83
8 73
28 76
34 20
3 62
25 39
54 89
38 95
13 32
63 62
91 50
30 24
45 57
46 36
33 75
8 12
11 39
59 13
25 51
28 75
14 30
12 38
63 10
96 78
81 52
65 73
34 98
34 60
11 100
62 92
99 73
8 63
63 60
23 85
74 49
60 39
64 89
30 87
34 15
76 74
40 75
96 27
98 74
61 8
98 58
91 43
47 56
18 30
83 94
96 63
75 49
85 41
25 30
31 63
24 46
52 47
39 90
49 67
49 69
62 8
21 48
96 23
35 24
53 48
43 23
82 87
91 2
16 15
5 68
82 75
5 13
46 56
72 26
81 87
75 61
11 38
37 69
19 69
57 61
63 6
56 75
43 20
100 85
49 90
44 62
25 54
100 65
15 73
66 37
21 42
62 9
36 92
51 97
48 29
82 96
80 73
19 34
70 27
27 12
36 93
75 35
37 44
2 37
3 24
85 7
33 68
73 39
90 12
38 93
44 94
9 90
30 6
67 61
96 95
24 12
79 40
55 93
2 43
49 100
86 8
6 57
17 69
21 10
95 4
26 56
55 26
26 91
50 16
60 36
89 100
75 10
58 2
69 93
65 10
61 34
12 26
25 88
9 69
82 45
74 7
75 12
58 15
60 62
86 83
32 58
96 13
79 84
64 12
9 59
84 46
22 99
96 50
96 59
87 33
88 40
9 43
58 20
63 49
13 42
18 92
70 21
18 52
77 95
54 92
48 80
74 95
52 2
84 67
7 75
50 11
98 48
17 12
12 22
95 6
5 92
64 76
61 63
37 6
75 14
25 63
6 98
98 24
34 78
73 63
100 59
93 82
40 56
87 52
70 33
5 67
67 72
96 69
9 85
83 48
71 82
62 67
57 56
88 24
85 11
94 91
24 38
30 70
21 84
33 88
71 7
70 90
60 79
74 79
18 78
79 50
78 93
81 39
42 100
36 6
66 94
98 17
83 22
72 28
19 53
35 2
2 45
54 28
67 63
36 24
6 82
19 87
13 27
72 24
77 32
46 55
14 62
86 28
11 28
16 53
76 42
28 49
54 46
40 50
24 97
87 42
69 84
74 9
87 77
24 18
78 84
89 70
52 66
71 15
6 97
28 69
60 10
79 80
46 75
24 33
40 32
88 54
10 24
10 11
3 22
72 54
21 37
58 87
25 6
94 32
5 71
5 88
95 76
71 42
71 96
65 29
15 7
34 53
9 13
1 84
14 20
95 98
20 6
64 26
7 63
19 92
86 78
97 77
52 16
91 1
66 89
45 97
95 69
5 55
51 78
40 18
11 90
55 76
59 12
67 26
7 16
2 14
26 47
30 91
100 98
50 89
36 66
2 95
37 19
39 48
15 8
11 67
15 32
47 24
50 34
71 52
41 62
22 75
59 48
76 75
78 26
1 25
89 11
76 51
71 63
51 55
86 60
88 85
84 19
38 55
24 40
49 12
10 91
51 19
18 38
92 94
53 50
10 38
53 10
35 22
36 63
90 89
30 75
73 43
77 80
64 19
14 49
2 40
45 1
46 8
91 6
46 94
4 11
49 5
23 94
99 41
25 47
54 64
95 72
19 7
63 47
82 68
30 38
9 11
51 71
28 6
12 66
61 89
44 41
1 41
70 80
27 23
70 86
14 43
56 60
61 97
74 50
27 42
23 82
45 71
78 9
63 68
56 61
15 39
64 46
70 81
31 55
63 27
45 34
39 100
52 42
100 75
82 61
86 43
6 92
48 70
95 85
73 82
23 42
98 14
33 12
100 19
51 100
17 75
48 33
38 28
14 87
37 7
48 49
83 80
84 35
35 76
66 40
21 97
92 28
12 16
3 40
47 44
2 9
27 94
1 24
90 63
79 1
24 15
3 63
83 60
38 36
47 62
84 55
38 57
57 28
14 21
83 36
16 51
26 71
54 7
3 85
85 99
50 77
81 92
8 28
7 60
94 24
40 23
20 60
30 50
73 16
41 27
64 18
48 44
20 72
46 63
64 75
85 39
25 58
11 34
94 35
53 31
35 89
15 60
78 100
83 71
77 72
2 17
74 52
14 66
22 24
98 85
5 64
9 50
43 7
37 28
22 34
26 32
75 59
5 24
18 72
4 16
59 38
93 100
79 24
16 49
7 55
79 67
3 64
29 23
59 85
1 87
5 97
55 78
81 72
51 93
96 85
91 78
15 84
52 88
22 90
9 55
52 62
56 77
97 2
76 6
32 31
2 56
35 12
81 15
62 46
20 93
68 26
82 39
17 4
17 85
69 30
78 66
68 70
65 99
24 86
47 33
14 65
33 14
36 37
66 48
34 56
87 94
47 82
98 2
16 44
49 17
74 68
55 57
8 3
20 5
71 77
44 8
25 64
47 96
60 90
54 55
90 58
64 79
2 90
23 15
66 59
16 28
29 73
61 40
89 14
27 85
19 33
53 17
44 85
76 38
36 96
84 26
73 3
32 9
80 27
75 98
11 49
61 10
65 50
72 34
50 2
7 58
96 15
43 92
59 63
53 4
37 35
31 34
70 63
78 64
23 79
88 51
2 59
40 13
50 33
69 61
97 36
16 13
38 7
57 16
45 81
71 87
66 79
82 97
65 4
86 17
8 48
97 89
81 14
85 75
21 65
55 97
61 15
87 56
18 84
27 57
25 66
8 30
58 48
82 41
35 3
2 93
26 21
99 6
49 46
34 83
81 63
100 25
21 34
88 36
20 65
86 85
100 43
76 23
79 87
6 88
81 41
21 1
35 47
70 77
66 88
77 5
48 67
71 14
21 25
16 98
99 5
67 54
93 68
91 68
62 82
18 9
80 39
71 76
37 9
91 71
9 36
9 8
26 5
97 3
59 95
73 67
95 91
33 66
52 32
25 44
59 24
90 15
17 80
55 58
77 19
89 12
74 85
86 31
35 92
89 65
26 27
62 11
6 61
99 68
25 41
31 4
8 1
83 47
24 55
48 7
1 23
35 18
37 43
75 66
97 100
70 71
71 13
41 55
54 27
89 33
53 11
24 41
64 22
73 38
84 47
36 61
68 51
36 27
32 4
38 37
44 65
20 41
96 8
6 38
86 94
74 67
66 27
23 32
54 79
36 58
94 81
40 82
45 13
94 9
6 53
48 93
8 36
78 74
19 62
31 74
9 23
93 29
99 77
86 69
33 26
98 30
30 41
8 74
19 54
77 84
13 20
1 67
93 63
61 11
20 59
1 82
89 42
95 29
65 88
13 44
77 27
29 97
53 75
53 93
50 27
61 43
37 31
23 67
35 71
12 58
17 62
66 46
86 41
100 63
88 92
66 34
97 9
40 42
88 95
14 7
16 20
61 21
62 73
88 93
80 78
64 92
48 81
55 87
35 4
99 28
69 76
63 18
11 5
57 67
15 51
15 91
82 13
66 19
93 11
11 22
1 88
71 31
31 47
31 80
58 30
23 78
55 40
24 11
74 59
4 87
65 34
94 72
3 49
80 84
94 13
17 18
87 98
84 30
32 41
38 29
28 84
94 41
52 100
93 83
53 72
52 59
22 40
21 66
21 27
86 29
24 53
94 56
70 43
86 92
94 90
42 83
54 56
100 91
19 43
14 47
43 30
85 21
68 39
63 53
6 21
85 87
20 79
93 65
5 100
75 84
100 84
28 40
25 57
21 73
99 67
81 95
22 27
6 67
4 86
69 50
82 90
2 4
43 32
32 30
20 46
71 48
68 38
81 74
33 74
23 38
61 23
35 62
73 30
31 17
16 48
30 86
95 89
52 20
87 86
19 75
60 30
17 47
16 85
95 63
86 91
77 60
8 23
100 92
71 44
68 77
93 57
75 37
41 96
59 17
9 87
73 42
80 97
49 89
49 86
89 73
98 94
61 4
77 40
9 31
72 80
81 97
14 45
96 7
72 11
39 79
21 56
46 98
25 99
9 44
8 53
47 48
70 42
80 2
18 76
74 35
42 26
85 45
33 7
63 92
71 88
68 65
95 9
89 75
60 75
35 72
29 68
92 10
34 42
27 68
68 64
36 48
74 3
56 90
44 42
59 58
24 63
7 68
25 9
17 37
77 35
75 86
51 98
28 79
81 43
50 42
7 30
53 71
91 53
96 38
91 60
2 63
10 50
34 96
75 4
11 7
26 94
51 85
22 56
81 55
36 45
23 89
70 2
96 10
99 89
17 92
74 66
48 54
76 22
85 69
1 9
92 41
60 37
15 27
62 12
14 82
33 64
80 30
86 81
76 32
3 19
84 33
2 48
53 9
67 20
1 77
49 47
81 99
42 75
48 15
77 81
51 40
52 1
31 94
12 95
24 16
38 45
14 12
47 58
29 7
74 60
88 8
37 3
36 14
62 6
68 11
36 39
5 9
8 2
87 8
55 85
90 76
64 69
41 43
53 67
66 70
13 43
39 70
99 1
90 24
60 93
70 91
3 69
61 68
97 27
31 20
74 56
95 18
89 19
20 33
53 73
60 59
1 74
69 99
59 71
54 33
10 2
16 40
18 59
33 44
34 6
70 96
47 16
29 66
22 50
90 85
9 54
59 97
44 29
62 65
40 14
63 29
72 97
53 51
91 57
32 19
88 61
21 64
96 79
82 15
44 15
34 4
31 40
52 36
38 98
69 75
14 46
42 49
70 3
4 45
72 70
84 16
56 45
20 57
1 6
14 13
4 64
87 62
2 99
83 91
35 70
33 100
11 79
43 29
46 15
30 67
2 65
49 62
78 71
98 28
79 77
77 38
1 65
17 77
3 84
73 12
40 8
63 87
94 33
28 39
55 10
81 59
45 26
9 98
60 58
62 99
65 16
65 86
49 80
42 56
38 63
66 31
85 42
34 70
51 60
85 22
61 32
35 21
74 42
94 37
92 85
59 36
42 57
73 50
52 77
52 3
100 79
31 82
59 87
62 4
66 81
8 13
83 5
81 29
35 16
8 93
18 89
76 15
45 22
47 92
1 29
82 4
24 61
4 99
39 88
91 18
38 81
47 29
83 23
69 46
25 75
14 91
39 61
99 56
41 10
78 2
35 23
50 78
68 2
100 28
23 44
96 55
9 21
36 67
91 35
19 12
14 92
9 73
11 29
66 22
15 72
83 92
94 55
6 94
67 66
62 37
47 1
32 51
65 90
81 98
1 90
46 34
67 35
88 68
50 25
49 39
66 71
7 86
65 45
40 54
16 78
99 14
47 39
17 63
4 77
62 93
61 58
49 60
47 78
59 91
64 13
32 33
30 94
92 32
38 19
71 49
13 97
38 86
57 80
36 84
97 75
5 41
100 64
78 94
65 81
47 90
64 35
63 20
10 100
94 38
86 44
72 79
79 35
85 32
23 2
85 20
46 10
42 17
2 15
9 7
53 2
71 32
49 6
9 88
53 97
94 52
30 82
87 74
97 37
24 48
93 85
88 4
60 70
17 57
1 72
84 29
27 91
79 4
46 53
94 29
21 80
44 70
78 38
97 71
64 59
90 53
90 55
26 8
18 42
74 89
88 30
56 1
85 52
43 12
2 22
83 64
10 31
51 3
8 98
69 23
42 66
68 28
65 5
68 100
37 47
56 29
10 23
46 61
41 23
73 75
70 53
44 35
36 82
66 62
36 5
90 93
28 90
85 89
24 6
19 36
11 40
78 43
53 80
35 53
40 6
12 82
12 5
26 63
11 84
68 41
11 12
67 41
55 21
57 73
33 92
97 47
4 57
18 69
49 96
47 65
69 78
16 89
83 41
80 12
93 31
87 93
96 68
12 42
32 69
80 55
49 43
39 29
94 77
61 90
79 16
81 11
78 8
97 31
25 71
78 83
15 19
52 7
78 72
63 58
82 7
28 55
39 3
75 32
2 29
62 10
64 49
22 77
73 27
89 69
78 85
25 53
81 13
50 7
7 51
47 99
94 8
25 83
15 54
59 21
21 28
49 55
63 80
96 20
28 7
85 63
70 28
28 29
9 72
15 83
18 57
43 67
40 53
25 69
56 72
34 68
88 27
69 5
1 3
69 63
98 65
6 26
59 45
43 51
98 59
58 64
81 30
22 57
21 2
27 8
70 52
37 53
98 84
34 30
89 59
29 12
8 82
49 79
80 99
10 35
12 74
46 45
49 2
76 80
29 40
58 49
100 87
29 51
34 86
64 32
30 31
4 49
79 57
76 86
33 30
64 85
29 18
78 33
44 21
96 53
73 95
92 52
52 25
85 60
53 89
33 91
52 89
97 25
22 38
22 14
38 87
15 13
54 45
68 57
17 33
85 38
17 14
38 58
3 41
99 72
38 54
2 24
23 55
62 42
50 76
58 92
90 25
94 79
52 30
79 13
5 15
83 87
19 82
5 75
82 57
67 19
25 46
61 86
65 57
92 46
71 3
77 93
31 8
76 99
13 91
67 64
11 74
90 35
84 85
5 3
61 16
82 48
61 2
60 82
7 23
46 87
63 91
84 93
66 91
76 44
4 44
91 36
36 31
55 8
85 56
90 67
53 54
33 46
73 49
69 34
35 36
76 5
17 52
43 31
96 12
17 1
84 59
48 86
62 40
37 42
95 67
44 68
30 19
19 42
93 80
49 32
22 71
9 19
83 7
47 18
30 49
91 49
42 45
75 34
38 46
80 92
90 3
72 69
74 19
30 61
5 25
88 38
49 99
9 4
47 55
52 57
97 19
63 57
74 84
43 66
92 89
38 43
22 52
27 92
75 74
79 15
63 86
35 11
87 92
81 64
60 68
68 22
51 14
70 88
60 76
67 17
27 98
96 54
52 96
50 94
68 13
34 10
83 19
28 82
33 31
14 38
40 85
89 96
9 79
77 6
41 77
10 39
92 82
53 20
79 55
100 67
92 45
24 25
81 10
93 25
71 43
21 33
52 31
43 6
100 50
96 46
3 34
25 29
47 79
5 82
58 72
73 52
46 72
91 42
44 12
39 43
13 83
21 79
31 69
40 41
41 64
9 52
61 50
7 73
32 63
92 70
86 79
54 51
28 95
70 56
59 35
98 40
4 84
41 97
20 64
3 58
31 98
29 41
81 56
53 76
23 25
77 20
99 54
91 74
41 31
55 56
86 98
90 88
91 87
27 58
54 77
89 28
47 71
97 86
13 61
95 41
56 6
20 98
46 93
84 91
14 31
51 90
52 4
20 51
15 63
70 41
10 17
53 83
74 73
50 47
79 99
93 32
25 27
8 51
69 52
65 23
98 21
61 18
94 67
99 3
95 100
83 100
25 43
81 76
61 37
3 27
39 65
83 11
18 99
61 91
41 49
39 89
81 85
99 29
39 83
8 21
6 69
48 99
52 63
63 98
42 64
89 47
6 50
98 18
98 61
1 34
86 89
11 80
63 72
93 72
49 65
95 5
35 46
2 32
27 61
51 27
81 62
26 87
9 48
73 5
38 51
48 40
79 36
66 1
87 37
22 4
26 100
57 30
37 73
13 37
88 46
27 47
72 51
57 43
80 90
85 71
83 77
4 24
13 77
65 77
63 41
1 15
36 69
98 7
95 64
12 63
33 96
5 61
77 69
45 18
96 74
26 3
18 28
100 29
96 9
46 37
26 46
36 43
23 33
12 78
61 64
47 8
3 94
18 80
16 63
21 89
76 91
53 68
96 18
4 36
48 14
9 80
66 10
20 94
77 39
21 46
26 31
19 71
67 86
62 58
13 7
14 96
2 38
1 48
5 79
74 55
52 46
2 5
4 25
33 62
75 94
89 51
47 40
16 29
37 77
32 11
4 47
76 3
11 8
85 50
92 59
24 87
28 77
53 100
50 20
94 12
29 32
16 71
98 80
17 6
30 65
6 44
42 92
56 16
4 69
78 28
67 82
17 50
31 65
57 31
49 61
90 95
18 81
25 16
49 59
13 54
36 81
99 78
67 31
54 68
69 82
68 58
75 13
79 19
39 20
1 16
61 70
37 100
4 70
29 78
6 27
82 77
16 19
24 84
42 3
57 48
13 31
58 42
22 9
31 92
8 14
81 35
50 88
10 45
11 45
66 9
66 68
94 59
47 74
39 2
83 6
66 17
22 54
35 88
41 2
62 38
24 85
21 90
51 50
6 16
46 16
91 96
55 62
12 21
77 92
93 97
62 91
44 18
46 83
97 10
53 86
32 10
100 77
60 98
20 80
93 18
19 63
7 100
32 100
74 32
51 28
19 44
8 22
74 38
56 14
3 82
72 74
71 39
24 58
70 46
29 67
19 26
76 31
87 68
89 63
44 60
37 82
4 37
78 21
19 60
35 6
60 38
95 35
80 52
93 96
36 40
84 81
90 40
66 100
48 26
2 18
27 69
44 64
51 12
12 13
10 33
70 95
82 94
57 70
98 11
4 91
16 45
79 65
45 91
91 69
100 36
41 45
90 77
71 6
93 95
28 42
22 78
94 39
26 35
39 24
7 17
57 88
11 59
25 55
60 23
84 83
41 15
19 58
88 48
40 34
43 21
11 69
76 7
73 47
76 21
15 68
81 26
4 3
37 96
23 13
49 72
88 29
39 52
85 54
16 21
44 11
71 30
72 57
80 6
100 62
25 40
14 23
34 82
12 88
57 35
86 73
5 10
83 31
71 93
97 38
15 100
58 57
28 46
32 27
25 72
57 36
99 93
46 71
27 64
78 5
1 64
94 99
55 72
40 35
33 76
19 29
56 19
64 77
1 92
37 51
3 100
48 27
18 66
68 89
99 61
58 69
40 20
77 63
11 42
51 63
67 34
50 21
80 24
12 1
4 92
74 94
61 83
80 13
5 1
32 6
66 45
12 45
56 98
8 56
96 19
42 99
97 12
52 78
3 55
28 12
79 90
99 91
58 53
60 9
32 57
74 28
60 99
90 33
58 13
45 94
91 9
64 7
64 17
89 48
13 30
42 41
40 100
23 31
15 40
70 18
93 79
17 79
52 50
17 90
86 3
4 19
83 50
59 26
23 56
43 27
95 40
15 57
66 54
91 3
69 66
27 86
43 46
31 18
95 56
95 50
56 76
88 55
95 86
50 23
3 18
20 87
78 68
74 57
99 36
6 41
14 42
81 73
87 64
87 50
82 24
20 28
16 38
37 68
95 43
23 64
60 27
60 35
100 44
15 26
67 55
73 32
97 65
53 79
29 71
34 91
97 34
63 9
57 11
35 80
3 56
68 8
7 3
65 83
16 55
75 70
93 86
44 97
32 35
23 47
6 58
75 38
12 53
56 82
52 11
13 26
24 66
19 80
8 76
10 6
17 87
60 11
31 19
1 78
78 45
52 56
52 83
66 50
51 61
88 96
66 11
40 57
58 18
34 84
100 94
1 40
34 88
20 48
98 26
42 95
36 12
18 5
21 49
2 36
60 92
47 21
69 43
35 73
33 99
85 48
25 22
35 39
70 14
90 4
59 61
92 11
34 17
36 41
77 59
23 20
99 51
73 4
59 27
14 67
48 17
86 66
38 99
83 81
13 93
87 73
47 54
53 49
17 65
22 44
26 75
26 50
93 54
3 47
42 46
27 2
40 44
83 14
41 14
83 27
28 44
33 67
12 25
27 9
37 1
17 68
87 84
37 59
65 92
48 10
95 97
62 98
99 40
10 83
67 71
85 19
21 58
20 37
18 62
75 31
49 1
64 31
46 67
93 52
97 78
5 30
1 63
90 48
29 21
99 16
97 4
99 21
43 48
92 90
21 72
100 55
77 8
31 90
55 32
98 45
46 23
40 43
79 34
79 44
66 60
86 77
41 58
45 84
55 71
6 78
96 56
85 12
37 81
48 30
25 45
72 39
59 1
85 94
15 99
29 83
35 50
37 5
24 93
26 92
2 88
47 61
25 49
79 58
65 41
47 68
18 15
67 69
81 44
14 72
97 50
58 81
10 80
59 73
61 72
19 5
33 65
33 55
17 19
27 1
76 68
16 93
30 97
70 99
5 84
27 56
96 92
100 6
87 18
64 71
10 26
68 10
67 22
57 47
3 59
96 83
91 67
59 19
53 69
60 87
77 12
83 30
94 73
91 46
23 100
54 71
36 68
97 74
81 100
62 29
29 20
12 71
69 2
68 55
60 96
97 63
76 49
33 22
73 85
42 86
3 67
74 70
44 57
64 93
72 66
16 54
87 44
49 40
16 58
50 71
10 67
56 35
64 90
87 69
48 18
78 61
48 28
96 77
97 18
72 85
70 37
99 58
90 59
64 43
33 15
72 37
16 80
75 15
64 53
97 92
88 28
11 95
95 27
13 95
43 87
73 10
65 74
14 64
19 78
17 32
39 55
56 69
52 86
11 48
2 51
50 24
82 38
38 84
54 41
59 22
65 61
99 95
74 88
62 57
31 6
48 63
43 4
7 90
13 89
23 48
68 43
78 98
98 90
76 73
61 41
85 5
29 46
82 18
83 69
4 56
59 88
32 18
90 42
69 41
65 42
82 65
42 69
80 40
65 54
42 30
51 48
6 22
47 88
40 9
80 51
95 17
93 66
77 62
86 33
77 9
62 13
59 46
79 6
74 48
55 95
33 39
1 14
60 42
21 93
70 12
9 45
7 10
42 29
82 53
29 85
85 82
36 86
54 31
7 12
17 45
38 91
19 72
73 45
31 44
54 39
52 6
18 71
22 15
21 52
94 22
28 94
99 17
76 11
30 4
11 21
70 47
22 96
100 76
77 21
67 97
64 37
77 48
49 81
34 27
77 3
95 1
88 75
61 31
60 18
2 34
96 44
45 55
72 36
97 28
62 86
69 35
90 20
86 12
74 58
45 61
91 5
98 96
55 19
40 10
78 89
65 35
66 77
31 85
94 53
68 30
18 49
85 37
37 71
97 87
87 27
22 70
71 90
55 43
12 99
22 23
88 15
67 39
15 36
84 6
80 8
86 54
26 57
84 37
87 15
78 77
39 7
38 40
9 17
54 75
88 62
4 38
62 54
12 92
26 82
59 4
20 86
12 100
14 60
13 36
53 65
63 28
41 50
83 70
2 28
100 13
47 93
7 87
7 4
7 88
2 79
98 10
59 16
73 72
95 66
77 10
24 78
14 95
15 28
60 80
59 28
26 73
56 5
89 24
100 14
28 27
58 29
39 31
14 50
91 77
27 93
65 46
90 8
79 7
68 97
16 8
41 47
33 60
51 11
41 57
22 28
26 4
20 42
67 52
31 2
1 55
52 24
62 23
65 19
21 51
45 48
88 67
5 98
65 48
72 89
9 61
41 16
63 79
88 22
31 78
59 25
14 11
26 51
32 95
59 32
89 46
45 90
40 63
94 69
58 97
16 36
98 69
89 20
75 24
20 11
2 13
70 45
79 22
18 88
55 50
1 38
1 19
33 81
95 61
36 85
88 23
15 67
53 81
87 22
80 64
70 62
42 63
68 19
46 86
60 25
35 38
64 10
69 81
79 70
4 67
78 30
87 80
22 72
84 68
72 40
48 79
11 65
32 62
13 52
96 81
5 93
78 87
55 4
40 94
6 23
51 77
78 54
1 7
66 3
2 96
5 58
29 96
77 14
45 79
59 50
58 89
60 21
66 35
72 10
5 90
37 56
24 69
36 70
75 6
43 58
65 27
46 13
66 28
17 25
78 3
29 60
43 62
62 30
67 76
40 5
17 51
91 47
54 12
33 56
27 84
41 90
23 91
65 71
20 56
50 58
39 45
44 63
3 96
73 98
39 63
17 3
28 43
65 52
3 20
79 75
43 22
15 95
41 73
12 52
42 53
92 76
75 90
17 15
90 62
10 70
41 35
12 83
55 63
84 2
85 2
15 35
76 17
90 69
43 18
81 21
3 61
46 99
93 67
27 67
69 13
58 88
14 16
88 89
52 44
66 55
66 5
71 68
93 40
40 52
35 14
29 17
58 8
19 45
60 3
72 3
3 50
86 6
58 100
76 58
95 39
78 13
100 24
19 40
16 23
1 62
62 75
57 71
52 90
65 59
4 76
76 36
80 47
72 6
26 14
65 37
57 24
68 75
13 17
43 45
17 41
84 88
56 71
92 51
86 82
4 83
56 11
50 63
86 37
21 31
11 91
38 44
18 12
32 28
75 77
26 74
58 65
60 2
40 58
14 69
32 89
66 41
16 67
88 26
89 25
93 14
73 93
35 82
80 100
15 42
30 59
27 16
90 86
30 92
30 90
32 39
92 68
90 97
87 96
7 61
56 88
32 22
43 74
50 75
81 22
25 80
76 2
28 3
96 51
96 94
84 14
40 96
50 32
34 18
62 24
72 86
28 9
31 68
52 82
96 86
83 16
80 4
18 68
41 98
60 71
16 10
64 63
13 3
10 56
31 51
43 10
44 92
80 89
66 20
51 18
47 43
6 45
74 29
17 35
46 60
4 27
43 79
71 21
72 50
78 46
82 9
13 56
57 81
97 52
86 80
10 93
73 84
24 56
98 35
23 95
28 5
5 42
40 74
8 97
2 74
8 33
34 81
98 93
28 87
30 96
35 5
18 23
32 96
51 10
89 77
79 46
76 39
52 84
41 75
30 20
13 99
85 6
16 90
99 7
78 79
36 90
10 82
25 10
53 36
38 71
43 11
16 87
13 22
20 82
7 25
49 68
91 40
76 12
35 86
14 3
57 39
8 42
89 93
77 42
86 74
70 67
23 63
69 48
28 47
27 74
88 82
35 42
53 41
4 100
34 58
23 66
81 19
26 80
5 16
66 8
37 52
37 10
92 49
29 22
76 30
91 32
91 7
15 37
9 67
23 90
41 34
52 45
73 19
52 55
14 74
59 55
92 50
27 90
88 60
4 85
78 76
21 67
60 57
49 78
31 16
34 12
91 51
60 95
14 85
3 15
62 85
36 17
64 48
95 25
83 76
83 88
1 28
99 92
61 96
81 71
41 78
84 53
78 67
78 82
80 56
5 74
23 24
2 25
80 32
13 55
64 36
90 87
11 17
10 86
48 34
43 56
89 26
74 82
36 44
99 50
4 78
48 32
61 71
97 66
56 86
54 83
36 21
54 11
90 46
52 54
20 36
81 25
3 57
91 75
56 89
21 41
73 71
87 67
79 31
4 98
14 10
29 61
92 22
34 51
97 7
12 60
83 97
57 46
97 33
18 16
39 62
23 17
54 18
23 99
51 6
60 6
56 28
73 66
38 69
75 96
63 83
48 38
76 54
100 73
63 22
28 53
18 27
16 22
11 88
97 49
26 79
83 44
15 70
28 65
79 30
73 77
6 15
27 30
42 32
59 57
3 46
89 82
54 44
5 38
88 21
2 86
85 13
41 48
20 99
46 47
39 98
3 29
32 8
77 36
6 7
29 90
26 77
47 69
68 23
80 46
15 45
44 88
37 57
12 3
79 81
91 58
31 1
84 64
7 34
15 12
91 39
91 72
42 80
24 96
2 71
23 4
47 7
74 36
93 45
88 76
65 80
44 32
21 32
9 65
26 93
85 43
46 48
98 52
54 58
97 76
30 1
72 65
52 10
76 9
31 48
17 55
86 64
73 34
15 86
8 67
7 93
52 48
45 47
44 51
90 84
24 13
100 57
1 97
46 4
93 91
21 30
30 12
54 100
75 99
51 84
57 76
33 95
15 66
57 85
7 65
9 41
72 13
61 53
39 9
44 55
66 26
86 71
35 20
5 70
84 40
61 74
99 44
45 86
62 53
95 19
84 76
35 54
13 92
53 27
95 8
47 98
40 64
8 34
9 38
26 9
55 98
18 100
86 16
78 56
42 98
18 41
18 85
34 80
71 58
45 50
7 35
55 64
44 91
99 96
46 12
43 24
17 38
58 82
12 65
63 65
8 10
82 99
87 65
32 86
17 97
63 76
39 93
47 95
56 12
50 15
97 32
23 87
14 97
18 33
27 40
84 7
6 68
55 30
59 31
20 62
93 15
23 11
3 31
73 31
74 41
73 33
93 58
37 67
20 76
37 92
3 6
15 74
83 72
96 80
85 10
41 71
35 99
15 9
37 54
90 18
20 92
55 6
84 71
45 20
4 33
14 37
71 80
16 26
36 32
46 95
79 98
94 97
84 66
28 58
89 94
87 61
74 13
54 74
6 59
21 18
47 9
33 34
18 53
26 86
23 45
23 54
9 33
57 64
86 84
32 46
45 24
55 75
38 41
19 50
7 20
79 68
99 45
45 51
98 97
63 45
58 80
61 19
76 24
73 79
11 15
18 14
91 52
53 14
83 67
65 76
12 48
72 16
75 81
80 36
30 89
15 69
29 10
28 24
45 60
100 38
73 1
50 93
83 45
35 30
93 23
46 27
34 93
56 62
49 20
19 39
95 53
34 63
13 50
11 46
73 96
52 72
48 4
41 7
30 100
12 61
88 31
83 74
85 77
41 52
16 64
55 65
84 94
66 61
72 45
81 68
13 57
67 58
63 11
24 32
25 13
95 10
97 64
26 24
83 82
38 33
88 87
16 88
48 60
45 80
25 84
5 72
78 63
44 75
51 9
45 30
17 94
70 55
2 82
91 97
62 72
18 19
58 94
4 68
28 85
75 67
28 91
100 31
1 96
38 27
58 44
23 52
55 18
69 20
39 99
53 78
76 66
83 1
74 100
83 17
74 18
38 20
22 1
80 5
14 90
71 4
22 89
65 64
26 85
23 58
49 94
22 26
95 62
99 71
49 8
6 11
90 68
14 52
88 45
22 82
78 20
30 39
97 99
5 63
42 72
67 50
57 75
33 63
84 20
81 50
24 21
18 20
54 20
2 44
39 34
15 85
46 7
72 98
38 80
53 59
18 4
48 87
34 5
78 39
5 52
37 22
25 82
15 49
35 87
59 34
52 64
30 66
27 81
39 87
91 98
25 74
35 78
1 50
57 99
7 22
16 82
99 87
49 26
7 94
91 21
41 84
58 39
12 32
99 43
32 72
75 83
60 1
36 47
69 7
16 75
73 58
66 44
91 80
75 52
15 77
47 59
16 60
94 48
79 59
62 71
50 90
50 31
89 4
41 60
87 6
14 6
52 61
94 42
11 13
33 53
94 1
55 53
44 10
10 84
12 41
76 14
48 84
9 81
13 47
63 99
61 94
33 42
10 49
8 6
30 99
74 23
9 42
65 78
35 52
55 89
40 7
74 51
75 93
34 64
94 62
73 46
80 41
49 33
72 41
46 19
80 68
100 47
88 97
45 95
34 23
53 98
5 33
94 16
23 37
58 96
38 67
40 37
96 72
95 16
43 8
29 35
91 48
54 2
34 62
48 76
58 51
11 97
100 45
65 51
77 88
12 67
82 79
31 60
4 20
50 36
32 16
89 34
28 73
78 15
70 1
100 72
6 47
57 54
6 9
59 70
48 95
73 83
73 90
91 92
2 20
50 70
2 87
29 69
26 25
74 93
50 44
59 86
4 28
7 53
51 62
96 43
83 55
12 93
88 63
41 13
32 38
27 39
25 92
42 38
80 88
66 16
39 84
35 34
35 9
56 49
98 66
66 96
51 47
30 74
49 7
70 38
46 82
83 38
28 83
97 42
47 34
11 41
61 77
55 48
21 53
26 65
14 79
70 25
61 79
39 38
81 5
37 58
19 13
22 18
68 16
37 26
21 96
62 68
34 28
18 79
45 62
20 21
82 29
70 87
67 68
43 77
36 78
73 68
53 99
94 47
38 26
99 11
20 61
31 96
99 84
78 44
3 75
98 37
58 31
17 46
57 77
68 98
100 90
86 13
37 33
79 76
72 27
79 41
60 5
79 92
69 16
98 44
74 22
61 92
56 38
94 18
43 15
94 54
93 81
28 10
13 88
54 73
92 7
72 4
33 61
18 50
76 59
7 42
13 70
64 82
7 70
74 71
15 89
60 24
50 8
26 70
95 44
100 46
80 59
48 61
75 51
9 100
12 9
88 3
16 37
5 32
100 2
84 43
29 36
36 94
65 36
89 38
9 75
78 11
63 21
90 72
70 78
73 61
2 83
46 76
20 55
35 51
25 94
44 43
31 89
1 75
23 71
34 25
4 74
42 24
39 74
3 43
68 83
75 21
40 4
17 93
62 78
12 39
51 42
89 29
100 21
82 76
17 61
55 92
7 31
2 16
59 78
88 98
31 38
51 95
84 23
73 64
21 4
40 87
62 69
30 11
50 39
46 85
83 98
58 66
9 70
55 61
37 88
92 56
43 72
55 86
50 48
27 89
83 20
97 62
81 78
53 52
68 94
70 17
100 48
45 87
44 1
22 17
66 83
93 49
44 17
33 98
68 14
68 9
55 42
36 55
36 3
42 48
23 98
25 15
54 17
3 30
49 70
45 58
62 83
84 70
44 67
93 28
15 59
7 27
3 98
15 21
66 32
48 73
51 79
68 1
96 45
54 97
40 39
51 83
2 62
20 74
68 3
49 29
95 3
17 82
13 38
82 43
94 10
72 60
10 69
2 73
20 24
46 9
85 61
60 8
64 39
90 10
43 93
37 25
32 47
11 19
40 92
26 41
13 73
52 27
26 60
99 34
87 89
24 7
43 5
89 81
58 84
49 44
76 85
91 82
16 33
38 92
81 54
90 43
7 56
85 58
24 81
75 39
87 47
38 90
64 28
2 55
61 44
78 25
37 18
45 49
65 22
23 49
87 51
78 14
22 61
21 94
70 93
34 14
45 89
17 28
94 11
9 34
41 76
49 24
26 39
22 21
68 95
14 59
53 30
26 97
58 35
63 30
95 26
59 23
20 22
20 25
51 39
4 12
58 9
32 99
70 40
100 8
73 51
54 61
54 21
23 75
61 1
56 39
71 24
70 76
86 5
69 92
35 83
79 42
59 29
76 52
83 43
33 51
8 37
63 75
47 2
79 25
65 75
51 57
57 53
9 49
85 33
59 72
92 73
69 68
74 53
84 62
87 31
37 50
67 92
62 21
95 54
64 56
88 81
22 47
67 85
84 89
21 40
89 62
49 34
24 31
8 85
25 3
51 59
21 5
76 10
64 29
38 21
51 49
20 19
64 47
6 81
79 56
76 96
73 97
17 30
49 87
78 37
89 71
21 74
44 46
42 1
61 25
31 72
50 46
34 94
23 26
92 74
61 84
48 96
43 26
50 64
88 17
83 56
66 87
34 52
78 40
22 100
98 32
39 59
12 84
52 95
39 14
75 47
64 24
89 67
84 22
73 11
85 70
1 26
44 89
66 7
8 35
59 40
20 88
36 23
56 67
57 86
22 86
29 91
53 45
50 86
27 45
68 20
9 84
28 35
54 90
33 93
73 70
22 58
80 43
3 23
30 2
1 100
21 17
92 16
19 76
30 95
44 30
82 95
59 10
50 38
69 88
64 94
16 17
10 74
49 98
42 61
3 92
75 80
9 24
65 32
14 15
60 50
12 47
49 95
27 79
29 27
3 87
5 45
58 83
45 28
88 72
31 91
66 53
43 94
84 17
91 16
15 92
81 46
84 72
47 20
43 60
77 16
23 81
75 72
12 55
48 97
74 6
65 69
54 26
96 5
20 27
6 42
42 4
78 32
34 24
89 83
36 49
32 70
54 1
67 81
77 74
53 44
47 66
9 99
