20 100
8 17
11 5
13 16
9 8
4 3
18 15
9 15
12 3
12 16
20 4
14 11
19 4
19 2
15 10
17 15
13 4
7 15
17 6
2 10
4 16
15 16
20 6
11 15
1 17
4 17
8 2
9 6
6 13
7 1
17 3
17 16
6 12
11 1
17 9
8 3
3 18
5 20
17 5
2 18
9 16
3 15
11 12
9 19
16 5
11 9
12 5
19 3
9 3
4 1
17 10
11 17
17 2
4 2
4 10
8 19
18 16
14 16
6 16
6 7
13 7
8 12
17 13
16 10
4 18
20 8
10 11
17 14
7 5
10 7
10 18
16 3
16 11
9 5
8 18
6 1
17 20
14 8
1 18
19 17
20 12
20 9
18 7
14 5
8 11
8 13
2 9
4 8
2 6
9 1
13 1
6 5
2 15
16 7
6 18
5 8
3 11
8 15
11 6
1 8
3 13
