20 150
8 15
14 5
7 8
3 4
13 8
13 7
10 11
10 6
14 18
19 18
15 9
9 7
14 12
6 13
19 4
12 20
2 4
12 16
20 5
15 4
19 17
7 18
12 17
9 13
3 11
2 14
19 6
4 9
5 12
8 9
13 2
16 5
17 2
20 18
14 4
5 6
20 9
3 7
4 1
10 16
6 7
16 9
19 16
8 20
19 10
5 18
9 17
1 13
13 18
3 16
4 5
14 3
1 6
15 6
3 20
15 5
11 17
16 17
16 2
10 4
20 17
3 13
10 15
7 5
3 15
9 3
10 17
8 4
19 20
19 8
12 7
13 17
20 16
1 19
9 6
12 15
20 13
17 5
20 14
9 18
15 14
20 1
4 11
16 7
11 6
12 6
1 8
15 19
17 18
9 5
12 4
20 7
5 2
10 13
9 11
15 2
4 7
8 12
2 9
2 12
10 18
4 6
1 11
2 19
11 15
10 3
16 14
13 15
8 6
1 2
5 1
18 12
14 8
5 3
20 2
14 1
6 14
19 9
2 6
10 1
1 15
9 14
16 1
18 15
1 7
12 13
15 7
2 7
9 10
7 10
11 14
12 3
2 10
19 14
3 1
18 4
13 16
12 1
8 5
3 8
5 13
19 3
8 11
18 3
11 13
10 12
18 6
13 14
13 4
13 19
