20 150
8 9
4 7
19 15
16 12
10 13
9 12
7 10
17 12
3 16
3 14
2 13
17 6
5 2
4 17
4 5
7 16
6 11
6 19
13 11
18 9
12 14
17 5
2 16
9 10
20 2
20 12
19 20
10 19
1 7
13 20
11 10
7 9
4 19
8 1
15 17
20 3
18 6
6 7
3 9
12 19
16 5
17 8
19 16
15 9
8 12
4 8
18 10
4 3
5 19
6 3
12 5
16 15
8 5
13 18
14 11
2 1
16 9
3 8
15 11
13 9
8 20
18 19
11 9
19 8
13 17
7 18
8 7
16 14
9 1
1 4
5 15
10 20
16 11
1 13
6 13
7 13
4 20
6 1
7 20
10 14
11 2
3 1
18 11
17 19
14 13
8 2
9 4
10 1
4 18
20 16
18 15
16 6
14 1
11 5
1 5
20 17
14 17
15 20
6 15
6 12
12 15
2 12
20 14
2 9
15 7
4 14
18 20
13 3
17 3
9 20
14 7
19 14
8 10
3 18
2 15
4 2
9 14
17 9
18 5
1 20
15 4
5 9
17 1
15 8
10 17
4 12
2 6
12 11
8 6
6 20
11 3
12 18
18 1
18 8
4 10
11 4
19 1
5 6
17 2
7 19
5 14
18 16
1 16
5 7
2 10
10 12
3 19
2 14
6 14
16 13
