21 150
21 20
17 3
8 10
1 18
21 2
13 9
1 5
18 8
2 8
17 9
18 14
9 15
1 17
2 17
17 20
6 4
18 4
6 1
20 13
7 10
1 15
16 4
18 3
1 11
3 1
9 19
16 20
7 14
1 14
1 20
18 11
12 14
20 14
20 5
7 3
6 2
15 17
5 15
8 12
16 13
6 5
4 21
19 10
5 13
13 2
11 8
14 11
12 5
5 17
18 12
9 1
16 14
7 18
9 18
8 15
5 7
19 4
13 8
7 21
9 6
17 19
15 21
14 21
2 5
12 1
5 4
8 3
12 15
3 14
9 5
3 10
12 13
13 17
4 14
13 1
14 6
15 2
9 12
2 4
9 7
12 4
5 16
12 6
16 17
20 10
11 16
17 4
13 10
15 16
14 8
19 11
9 21
8 4
19 3
15 20
3 4
20 11
8 5
16 1
14 9
19 20
9 3
16 10
8 7
5 18
18 20
4 7
9 10
6 20
10 21
2 16
13 15
18 17
4 1
10 11
13 18
3 21
16 19
6 15
6 11
13 3
10 4
13 7
19 21
21 18
8 16
8 17
5 19
18 6
6 13
17 11
11 5
16 7
21 6
11 7
17 21
10 1
19 6
21 13
14 15
9 11
12 2
15 7
3 20
3 5
18 16
12 16
3 15
6 3
19 18
