27 200
27 8
25 15
25 7
20 12
11 6
5 18
5 23
26 5
9 8
16 23
21 5
27 5
2 6
12 10
4 26
10 26
15 13
17 22
2 3
26 20
17 2
16 24
13 11
10 21
23 10
8 25
8 4
14 26
11 25
13 26
9 2
2 14
18 13
19 21
14 18
17 14
17 7
11 1
17 6
3 15
6 14
8 24
17 18
3 7
15 14
18 10
5 7
11 10
18 24
7 27
14 7
6 26
23 13
4 13
26 2
19 9
14 10
24 1
9 1
18 22
27 19
10 9
20 9
22 12
2 1
8 23
6 22
9 6
9 13
20 11
12 3
22 25
7 10
27 20
5 25
22 11
15 19
20 7
7 13
17 8
10 1
18 12
9 24
18 15
27 12
13 22
20 1
8 3
14 19
27 17
22 27
3 24
27 13
9 11
4 21
17 4
27 11
23 19
21 25
6 21
25 17
14 20
26 25
13 14
18 16
3 20
18 7
5 20
19 4
23 21
2 22
8 1
7 19
17 11
13 1
16 15
18 21
19 1
25 9
8 19
20 8
24 2
15 21
7 6
4 7
3 13
19 5
11 16
4 6
2 5
23 27
1 26
5 4
24 21
26 9
2 23
1 4
9 23
8 6
1 14
9 5
6 18
22 16
23 24
25 2
11 7
26 18
26 24
2 13
1 15
11 3
15 2
5 11
20 10
3 10
4 12
8 7
2 4
7 21
6 1
3 6
4 20
3 25
25 19
12 2
15 26
14 12
11 2
5 3
22 9
19 2
2 10
17 26
17 9
27 25
14 4
7 2
22 21
13 24
5 8
27 16
10 13
14 3
25 20
21 27
16 9
4 16
24 4
27 6
26 27
5 15
20 21
17 20
23 11
16 19
20 18
11 14
11 24
5 16
3 18
