50 150
41 7
17 36
25 38
48 4
39 27
48 16
31 43
30 45
46 4
28 21
11 47
21 45
10 4
36 23
20 36
27 3
50 11
19 22
36 21
21 22
20 21
49 45
15 30
35 11
21 25
5 32
13 3
48 34
44 28
40 27
45 43
14 22
19 7
24 6
18 43
41 43
45 13
31 25
10 30
13 12
28 50
40 21
5 8
8 27
29 26
35 27
16 11
26 15
44 36
5 21
10 19
18 14
50 37
9 36
16 34
22 41
46 35
16 15
18 28
31 9
29 45
9 38
32 21
50 7
11 26
24 29
32 38
22 43
47 16
23 22
38 50
42 29
8 7
10 26
40 17
45 1
13 47
47 46
16 29
25 2
26 8
11 18
44 11
4 12
2 36
11 6
26 44
46 39
14 27
15 12
6 40
39 41
9 47
6 1
23 50
10 28
40 39
46 15
45 33
14 32
15 48
36 31
36 35
12 48
23 13
22 24
37 18
40 43
2 18
34 50
42 11
9 48
11 28
31 41
2 33
31 24
34 4
40 25
27 50
19 34
15 4
48 50
14 31
24 30
21 17
16 23
19 3
39 6
20 32
35 28
35 24
12 28
22 45
2 12
33 37
12 27
28 23
23 19
4 30
19 21
16 8
1 13
32 12
15 35
26 5
11 24
31 21
7 30
32 26
48 24
