50 300
33 27
28 2
38 50
2 35
29 40
41 17
49 29
7 26
1 20
1 45
10 30
8 20
48 2
38 5
15 9
25 33
28 48
47 23
23 22
41 31
29 17
38 30
1 44
13 33
20 15
1 49
35 50
43 46
20 25
17 44
6 15
31 49
48 8
22 48
1 35
28 33
29 48
18 11
7 9
26 13
7 16
42 13
31 24
28 15
21 43
3 14
42 24
30 6
10 9
7 22
25 28
45 8
25 38
30 26
31 26
14 31
18 22
40 15
7 19
42 15
5 31
3 6
7 49
7 24
8 14
8 3
45 27
34 21
28 8
1 21
22 45
15 29
5 44
25 22
15 7
15 2
18 33
18 14
13 37
29 25
48 41
5 20
37 11
26 46
38 8
3 31
11 3
7 29
21 36
11 42
32 33
13 48
20 48
7 30
39 33
33 26
47 3
39 42
41 37
46 32
15 17
50 14
26 27
43 29
10 11
50 19
44 42
23 12
25 15
48 45
42 43
32 41
48 12
17 45
16 12
48 47
25 26
35 39
41 42
10 27
16 32
4 10
3 25
34 27
35 31
36 23
3 43
40 12
43 9
25 44
50 46
47 43
46 17
26 9
44 19
25 41
43 10
24 29
39 5
3 45
20 40
2 42
7 4
46 2
4 30
5 28
18 45
40 49
5 17
20 18
41 7
33 10
31 2
14 16
1 13
4 14
39 21
8 12
13 44
47 12
5 49
44 31
27 20
45 49
34 23
14 5
39 37
24 9
12 17
20 29
18 48
45 13
34 39
6 22
30 33
37 10
39 29
9 50
46 25
10 16
19 41
16 31
30 39
24 13
46 39
41 3
20 41
25 24
44 22
1 3
23 10
38 14
19 8
38 26
18 27
40 45
27 1
37 33
28 41
42 46
20 31
7 20
2 29
12 49
1 40
20 24
12 18
38 32
31 13
36 31
42 26
47 31
6 40
6 7
42 36
3 10
38 29
8 9
14 2
45 5
49 43
37 44
48 40
3 7
27 25
6 26
8 26
5 25
45 29
13 14
25 7
36 32
15 38
41 18
43 36
31 8
38 34
29 9
1 29
9 27
34 48
23 29
18 49
9 49
1 23
47 46
6 20
26 28
33 50
10 49
32 17
8 30
45 11
17 38
43 28
2 39
4 43
21 22
45 19
12 36
27 37
36 16
22 33
22 5
11 20
13 40
14 12
41 40
3 32
23 13
21 42
2 4
23 17
26 35
4 5
49 13
16 5
47 9
6 45
32 12
46 9
21 16
20 21
38 48
13 6
23 33
47 11
25 6
48 7
40 39
17 25
10 19
15 36
47 16
15 46
36 5
1 24
34 16
28 20
20 12
