50 500
33 13
31 32
39 14
41 31
43 34
30 4
17 44
8 11
3 5
14 7
21 43
47 44
5 27
23 4
26 47
42 11
38 45
15 4
20 45
17 5
31 35
35 19
49 16
1 17
33 24
1 49
2 33
8 27
13 2
21 4
49 21
20 38
46 44
16 25
26 27
2 25
50 34
24 44
7 42
47 14
10 45
5 22
36 15
6 17
50 18
8 4
12 18
37 33
28 10
41 5
48 24
30 40
47 9
9 15
23 49
7 34
47 13
50 7
31 1
13 22
38 13
24 36
16 3
28 37
49 5
20 39
29 46
6 35
45 16
29 14
10 7
39 7
43 25
34 32
44 48
21 44
5 13
27 34
9 2
7 4
23 2
16 29
27 36
35 45
40 20
39 46
30 6
27 31
50 44
2 3
33 1
48 43
42 17
10 49
23 28
14 30
16 35
27 15
43 10
26 28
29 45
33 5
10 37
44 10
17 20
20 11
12 37
41 16
1 44
39 15
4 32
21 46
19 3
6 4
8 28
2 6
25 15
43 12
27 10
34 44
9 23
11 37
21 5
15 24
33 46
22 15
11 36
46 15
46 22
15 12
7 5
22 19
32 43
48 2
12 44
33 10
3 7
41 33
3 45
3 46
49 20
26 11
23 15
30 16
34 8
36 45
32 37
34 46
16 24
21 35
4 22
5 4
36 31
38 9
22 48
45 50
3 40
9 50
4 42
40 8
23 43
34 25
2 7
45 11
15 6
20 9
50 40
1 40
9 17
27 22
11 13
6 28
4 14
18 11
44 18
14 24
50 12
26 4
42 6
35 7
33 48
19 40
17 33
29 42
15 1
30 2
40 48
46 19
33 47
27 38
27 12
30 42
45 12
43 19
14 45
47 29
20 18
30 37
33 40
47 6
22 12
34 33
9 12
25 18
11 5
23 5
45 47
14 19
38 18
42 33
26 2
46 43
37 46
21 12
13 20
39 37
9 35
17 45
20 2
41 25
41 29
30 11
10 19
22 40
28 9
18 43
37 3
17 27
31 46
32 13
39 2
11 3
25 20
2 28
1 25
48 38
50 28
30 41
17 49
26 42
36 38
27 18
20 10
41 6
27 42
50 27
11 29
31 6
28 39
11 15
31 12
32 47
14 22
49 37
30 44
5 32
18 10
9 46
50 47
23 26
50 46
16 50
35 15
46 13
7 26
17 31
9 21
41 14
40 15
35 42
38 4
36 2
46 24
38 31
33 31
13 16
8 16
23 6
38 23
31 20
8 12
17 23
21 1
44 11
17 14
35 10
17 18
28 24
30 33
33 38
11 1
1 24
12 11
32 50
15 13
5 24
37 27
33 19
38 34
10 42
11 7
35 17
44 38
21 3
49 24
21 48
15 2
4 9
21 20
21 15
8 29
34 12
38 30
23 39
25 38
24 17
5 26
29 40
46 18
36 13
5 9
20 27
46 32
18 31
12 20
4 1
3 47
17 11
10 12
19 17
9 49
8 5
49 47
25 48
40 37
46 23
16 31
18 3
48 26
34 45
38 46
50 4
33 49
25 50
13 8
20 22
40 35
7 46
21 16
39 43
43 15
25 24
31 50
7 47
10 3
45 41
1 10
9 31
20 19
19 27
6 21
13 44
8 9
36 14
23 37
15 26
37 24
8 35
25 22
50 29
33 28
18 1
24 30
26 44
21 25
49 7
19 11
50 15
39 49
40 9
46 35
31 4
43 16
46 17
25 27
12 6
28 34
26 29
32 35
22 11
18 39
13 25
12 46
23 8
32 17
29 12
25 49
44 28
7 6
18 32
13 27
36 1
45 9
31 42
33 6
16 20
32 42
28 12
25 47
28 4
43 8
32 23
5 2
4 25
19 47
28 31
32 19
44 8
29 36
14 21
12 42
3 1
42 34
37 45
17 41
23 44
2 22
37 47
1 34
22 37
18 5
19 13
31 11
27 9
25 9
1 8
32 12
33 22
19 15
19 44
34 31
18 7
50 8
40 34
45 30
29 9
5 20
7 15
25 26
39 33
5 34
36 7
34 47
16 18
17 50
28 46
28 16
18 41
14 8
44 27
39 27
32 21
30 39
42 24
44 31
22 29
11 46
19 42
42 20
15 30
35 12
38 21
31 29
4 41
16 19
19 28
35 27
14 18
35 36
46 20
17 8
20 26
45 1
40 44
47 28
2 37
35 34
45 42
22 47
16 7
22 3
13 10
43 27
12 49
16 10
44 43
27 23
41 48
8 20
30 28
