50 750
13 2
40 48
49 39
21 29
19 48
11 29
5 32
34 25
26 5
5 4
35 34
11 23
7 22
35 43
50 28
26 7
49 22
22 45
21 47
36 16
32 17
15 5
39 34
19 1
30 36
3 9
13 12
48 8
2 40
6 31
35 4
17 22
24 1
11 28
14 40
43 22
48 2
42 27
44 46
41 29
27 22
32 18
21 5
23 27
49 38
48 50
40 16
8 20
41 40
20 3
34 3
29 4
34 4
40 21
50 18
7 41
47 41
34 49
11 27
8 15
3 23
46 27
43 27
27 49
36 14
6 46
47 48
38 21
34 13
19 32
20 32
11 48
39 30
19 10
37 27
8 5
41 44
19 6
22 39
31 44
23 44
33 44
32 4
41 45
3 42
47 5
10 46
43 13
16 39
26 6
33 13
21 16
11 26
5 33
25 42
1 41
13 4
40 37
11 41
4 30
29 28
47 34
6 8
26 44
29 5
25 36
38 18
21 17
6 3
39 18
24 41
22 21
41 15
27 21
49 4
15 14
12 10
48 22
28 25
43 40
2 25
31 42
1 21
13 26
11 15
15 35
43 38
19 42
47 43
32 38
1 35
45 31
19 35
3 21
26 9
37 48
22 12
1 11
25 50
5 2
9 25
30 44
11 39
14 4
38 25
25 17
31 48
12 25
30 45
17 5
46 22
6 25
2 39
8 13
37 24
13 3
10 14
23 29
39 47
1 50
38 27
44 2
38 33
9 18
8 35
24 31
41 36
26 42
12 49
23 10
25 35
30 22
2 3
20 17
13 29
14 17
39 7
17 29
40 35
16 47
48 1
11 31
45 32
1 26
48 25
50 40
4 19
14 47
15 49
36 23
2 11
25 47
44 25
38 41
33 47
5 37
16 27
23 28
50 46
21 41
15 16
49 18
4 43
46 30
7 30
29 44
28 32
26 43
35 27
12 26
32 47
16 17
18 25
22 44
27 6
29 33
44 48
43 9
32 22
36 33
8 14
31 15
18 17
38 36
47 28
37 25
47 31
26 32
23 41
13 32
4 11
17 41
37 47
10 5
43 16
13 16
32 33
33 21
6 23
10 48
17 8
8 41
3 44
27 32
14 25
12 18
34 5
8 30
23 32
33 7
45 13
32 46
8 21
8 29
50 13
9 19
23 37
45 5
50 45
28 33
4 37
22 47
27 50
28 31
1 27
39 48
7 43
22 31
26 49
27 26
48 32
10 26
16 38
1 33
10 15
47 45
14 9
5 50
42 21
3 29
41 3
10 37
43 11
42 49
36 24
15 1
16 2
12 2
36 11
21 24
14 41
22 14
36 9
9 28
41 18
46 25
34 50
5 7
50 42
44 34
18 14
25 39
36 48
46 5
13 41
26 29
11 30
28 20
43 5
45 25
32 37
14 2
42 28
37 2
30 16
5 42
18 36
47 17
7 34
45 38
12 47
15 45
23 43
12 42
8 32
46 1
20 38
39 35
11 10
47 44
38 14
9 38
18 40
15 32
15 43
17 39
16 6
20 47
47 19
9 40
44 37
34 42
3 37
26 22
44 5
24 49
40 19
34 28
46 45
8 39
39 40
16 1
8 26
28 19
33 6
3 15
47 42
6 30
3 50
39 19
20 14
11 47
12 1
36 13
9 11
17 49
45 24
30 18
28 2
39 41
34 15
18 42
33 41
30 9
15 2
40 32
41 12
33 39
34 27
8 18
6 38
25 1
17 37
38 2
17 10
46 7
5 39
48 35
10 42
26 21
6 36
49 10
7 15
3 25
36 49
31 43
11 35
3 36
18 47
12 33
26 25
9 34
10 3
9 46
39 43
24 43
44 12
5 1
10 50
10 44
44 13
31 39
28 37
43 3
15 42
41 48
19 17
37 11
2 26
11 7
21 35
40 7
49 47
18 34
32 25
24 19
1 7
50 33
19 36
32 44
43 1
10 38
49 13
37 20
30 48
12 36
23 18
50 38
20 25
15 28
20 11
48 3
16 19
18 6
29 42
36 10
1 10
27 33
30 1
31 12
25 5
43 33
39 21
26 33
31 26
47 35
16 10
38 37
50 41
50 15
27 29
7 20
32 31
47 38
43 29
42 11
3 11
7 17
20 21
2 33
41 9
13 39
4 46
45 29
23 15
40 25
14 29
5 40
6 41
6 7
33 30
37 19
32 30
46 17
27 30
1 23
38 42
7 48
1 40
15 47
9 33
31 17
9 5
18 16
21 36
7 44
50 7
42 23
18 11
1 44
26 16
14 44
21 14
42 46
46 36
27 3
29 35
17 27
8 36
16 50
35 50
18 48
26 37
45 20
26 19
28 45
36 42
13 9
26 3
37 15
32 39
35 41
4 23
33 42
1 37
20 22
19 50
38 8
20 18
10 4
21 45
36 7
44 36
46 23
43 32
30 47
19 18
29 31
29 25
39 10
13 46
36 20
36 47
45 3
38 22
24 9
3 33
13 7
43 44
30 35
27 40
40 28
16 49
7 18
29 10
24 25
11 21
4 3
43 18
30 10
39 4
23 26
29 19
39 29
29 7
18 13
41 16
26 40
22 23
31 46
11 44
44 15
14 42
40 20
45 43
25 43
2 42
24 23
42 45
35 20
26 50
7 35
21 31
39 50
19 33
5 14
50 24
42 40
34 23
31 38
38 11
24 33
13 10
23 5
23 17
13 1
4 9
8 50
47 6
48 28
22 16
32 42
24 18
44 45
45 10
3 38
18 44
45 14
16 32
19 8
39 46
14 6
23 20
44 19
20 44
22 35
11 16
25 15
2 49
23 12
50 17
18 22
31 49
29 20
15 29
38 17
48 34
44 24
32 24
27 41
49 8
34 31
9 47
15 48
4 21
49 23
35 5
12 19
17 1
32 50
4 36
43 34
18 46
44 8
33 10
3 12
14 32
6 10
44 27
33 18
34 29
22 40
43 49
28 36
20 34
8 33
20 42
3 40
41 19
50 2
27 7
41 22
44 50
34 46
49 35
7 10
45 19
6 4
22 37
50 11
30 50
28 49
14 16
15 9
36 34
48 29
29 24
48 42
18 3
11 17
37 7
37 42
28 30
11 33
10 24
35 46
21 48
34 37
15 27
49 46
14 34
6 49
46 16
4 41
15 36
14 46
28 5
1 2
15 30
11 22
11 32
6 17
14 27
7 3
8 45
5 16
49 29
42 24
31 36
7 47
20 1
11 6
31 9
37 6
2 7
7 8
34 30
38 39
40 31
15 24
41 25
30 12
46 28
18 45
14 33
31 10
9 8
36 29
28 24
45 6
6 13
17 2
9 7
12 7
32 1
35 23
12 38
33 23
19 49
28 38
5 3
14 30
49 37
36 17
26 28
22 8
16 34
18 4
31 4
21 19
