50 900
7 26
32 20
27 17
13 44
16 15
1 11
47 21
37 22
34 20
34 28
27 38
19 2
3 8
4 31
11 38
39 26
36 45
20 6
41 15
28 13
18 11
9 21
7 10
8 19
36 25
28 43
15 26
22 21
10 11
26 46
21 48
29 23
48 46
5 1
21 39
19 5
14 47
17 9
13 46
4 34
20 48
33 13
24 22
18 40
35 4
6 16
11 32
49 7
44 40
28 26
17 3
12 23
11 15
14 34
35 2
10 16
45 32
20 21
38 37
38 19
47 24
37 50
15 25
20 25
15 37
13 23
2 24
47 12
38 2
25 47
14 37
4 22
48 29
48 25
46 36
49 24
6 21
26 4
24 7
2 3
19 7
31 32
19 37
8 38
48 32
7 31
18 21
11 19
43 23
45 20
27 43
8 2
47 28
41 22
46 38
48 50
44 9
23 7
50 12
35 33
20 9
5 8
28 16
1 41
14 7
4 6
15 13
3 48
44 28
19 1
40 23
17 14
11 2
10 6
30 32
35 8
2 37
1 40
29 49
38 25
21 43
36 33
32 8
31 1
34 9
12 4
30 15
45 46
33 19
32 22
12 9
41 8
19 10
5 41
6 43
8 27
42 19
7 27
33 2
44 31
45 12
35 28
34 21
14 9
40 49
1 24
35 3
42 48
35 41
45 35
48 22
41 16
6 30
23 14
45 42
50 21
6 39
33 23
2 13
4 13
6 34
8 9
27 21
27 35
22 11
45 6
36 22
36 14
50 15
3 37
49 15
6 28
2 9
46 3
32 1
29 10
14 27
48 17
45 2
24 36
23 1
50 14
9 26
43 37
32 27
18 3
18 25
43 7
32 17
16 14
41 3
19 24
25 29
29 44
41 40
5 25
7 44
50 32
18 19
12 3
46 22
14 28
23 19
24 10
23 46
16 45
41 24
25 41
37 39
46 33
4 39
36 26
11 48
38 45
15 10
49 17
48 33
20 42
2 49
42 33
40 14
41 37
17 30
12 41
47 27
1 2
50 41
2 7
41 28
18 31
43 48
21 31
11 43
27 29
40 11
29 3
14 1
42 49
11 50
8 15
43 15
11 35
36 37
12 29
16 29
3 9
7 20
38 39
35 6
12 27
32 37
7 47
12 2
23 5
24 26
29 1
12 48
16 21
22 6
31 15
37 33
12 32
32 4
12 7
25 44
15 7
36 44
42 13
33 4
44 19
43 14
8 28
44 50
7 11
30 41
32 14
17 10
43 25
9 38
1 45
24 20
7 6
6 17
42 35
19 16
9 5
50 18
32 13
26 21
21 45
35 44
18 6
30 2
48 34
33 10
15 33
9 50
30 48
30 45
15 14
47 3
3 39
3 16
39 1
42 16
32 3
35 5
39 40
6 15
9 49
49 37
3 25
30 40
11 9
26 48
15 29
25 33
27 22
22 42
16 39
26 35
43 1
13 12
12 49
12 36
47 49
34 8
4 23
20 1
37 13
39 31
19 43
34 43
29 26
18 9
31 6
30 5
8 33
19 14
50 10
8 48
18 37
30 49
19 30
42 26
44 42
7 41
14 26
18 15
27 11
19 47
48 1
10 44
10 23
28 1
5 36
47 36
6 27
37 31
42 1
30 9
8 1
29 34
30 39
7 22
17 25
1 15
22 47
5 20
16 37
33 9
4 37
38 10
19 41
7 29
34 36
46 29
35 29
24 44
4 3
6 25
1 6
6 2
18 16
31 41
4 18
24 18
31 20
20 14
13 35
43 50
18 34
47 41
5 7
39 32
21 49
21 29
19 36
28 24
9 46
45 19
6 19
43 2
20 4
21 46
32 6
19 21
32 10
34 3
23 34
15 20
35 46
17 39
3 38
9 22
7 46
4 30
44 47
2 31
39 48
50 33
12 39
3 7
9 47
18 1
7 42
33 30
18 12
48 10
20 18
16 11
30 1
34 35
17 8
4 40
16 7
8 22
48 37
8 30
36 1
10 42
16 13
26 45
35 12
20 49
34 10
20 39
34 44
30 23
25 19
25 1
47 1
11 31
42 36
50 25
33 18
15 5
31 25
30 36
34 46
13 49
22 30
21 42
32 34
46 18
49 10
20 50
43 4
20 2
28 11
14 33
43 3
49 1
45 15
33 44
41 23
15 47
14 18
21 17
5 16
37 20
47 50
48 31
27 40
9 13
4 11
45 14
12 21
45 22
31 13
31 8
34 39
23 28
19 12
35 10
28 36
3 49
33 31
40 48
8 40
15 46
33 26
41 26
28 5
34 1
35 37
41 42
48 6
29 43
39 25
45 43
2 26
13 7
33 40
38 14
18 47
14 10
34 45
30 46
14 49
31 17
24 38
41 43
50 49
4 10
18 44
32 19
11 24
36 38
9 27
9 16
45 27
19 29
26 34
21 15
49 43
35 7
3 1
46 4
28 33
9 37
37 34
23 25
42 8
5 10
14 24
11 39
45 11
33 16
7 4
20 19
44 3
42 12
33 38
46 6
20 17
45 49
18 5
15 22
16 36
27 18
3 30
6 50
30 13
42 15
47 23
30 26
16 22
6 14
14 21
8 43
12 37
41 18
33 5
28 30
27 16
3 26
48 19
10 8
23 27
9 24
45 9
39 15
29 41
46 37
5 29
25 30
48 9
24 43
40 15
7 17
45 24
21 25
19 40
12 38
10 40
28 3
50 3
42 28
30 42
41 21
20 40
41 44
47 8
23 17
17 50
29 36
33 39
49 48
16 48
30 47
11 14
45 18
14 44
37 27
23 31
23 9
17 40
1 13
38 44
19 13
15 38
50 35
28 20
34 12
20 10
34 24
36 2
4 41
35 47
10 25
34 25
4 38
25 35
8 25
35 22
29 38
39 22
26 27
4 42
26 1
12 46
11 13
31 45
28 39
13 34
40 24
7 21
32 33
34 47
23 11
32 41
19 15
6 5
17 1
24 5
46 49
25 46
4 2
24 48
17 43
45 3
29 11
30 24
41 6
31 40
18 8
25 7
16 32
22 1
26 43
47 26
1 16
10 18
31 10
24 8
50 27
3 42
23 26
18 22
46 28
25 32
48 35
20 30
46 50
39 24
2 27
38 43
16 17
28 7
4 27
32 26
20 47
39 23
26 37
50 45
45 40
8 7
47 13
35 14
11 25
13 40
23 6
4 49
23 2
2 34
41 48
50 8
44 11
36 11
40 34
11 12
38 5
24 12
13 14
50 39
22 44
28 19
43 32
20 41
15 9
6 36
24 50
9 19
6 37
44 12
13 26
28 32
47 46
46 42
31 14
27 20
35 16
37 40
35 9
8 21
46 20
13 24
20 13
49 28
31 19
10 12
47 29
27 30
14 30
2 39
12 20
43 33
14 8
12 15
37 25
33 7
37 30
41 38
28 50
7 18
39 27
9 4
35 36
11 6
38 28
5 49
33 12
17 35
20 8
27 15
37 23
5 13
20 16
50 42
31 42
29 42
42 25
17 26
29 6
43 35
24 33
31 36
5 37
47 40
47 16
17 34
5 22
36 32
38 26
30 31
16 31
34 50
46 1
45 5
48 28
48 38
47 10
50 30
11 17
41 39
20 3
7 50
22 12
50 2
4 47
3 22
45 7
3 31
40 7
33 29
27 41
2 42
41 11
16 44
6 24
48 44
15 36
14 5
12 40
17 36
9 1
31 26
17 44
34 49
46 32
44 1
8 4
38 17
46 24
45 10
8 44
47 17
7 36
1 21
23 32
48 5
31 35
42 43
3 15
40 42
31 29
5 44
23 16
23 24
35 19
39 18
49 35
26 6
38 7
31 12
7 1
50 36
35 20
15 34
25 45
26 19
46 39
27 31
32 7
25 9
29 18
40 26
49 19
49 36
28 37
8 36
27 36
16 30
33 27
32 2
14 4
25 12
46 16
21 28
49 41
39 10
12 26
44 6
50 4
12 17
28 25
41 14
37 44
11 46
5 31
20 26
26 22
36 39
9 43
49 27
34 19
50 26
11 49
16 12
23 15
4 21
43 20
32 15
22 14
31 38
39 9
29 39
36 9
5 50
