50 900
22 32
14 30
41 20
38 50
27 40
47 28
3 1
41 47
23 24
21 41
42 11
40 20
29 45
5 40
22 2
17 32
33 16
16 1
21 42
44 37
8 36
25 23
50 30
32 49
49 4
20 7
45 25
2 31
32 20
36 17
15 46
11 22
5 46
13 46
36 34
9 8
3 50
40 48
6 19
6 40
18 47
12 2
9 45
40 15
26 7
29 39
25 35
47 6
29 40
41 35
14 1
21 50
41 19
35 50
5 49
22 24
2 30
14 4
50 42
8 16
29 48
41 16
4 43
46 49
11 38
14 28
48 44
40 46
42 15
49 25
21 47
14 22
3 17
43 2
33 29
6 1
9 33
22 36
49 36
21 15
39 48
1 42
35 24
13 24
28 29
20 48
16 18
1 41
26 18
33 28
29 34
35 40
2 9
9 44
9 38
50 37
21 6
29 31
10 7
34 37
11 1
19 32
6 14
32 39
49 23
30 45
13 27
34 43
41 8
41 40
11 34
43 35
46 42
26 27
42 22
24 46
50 26
47 2
10 11
9 29
28 43
37 15
20 14
2 26
41 22
38 34
16 4
27 45
12 40
30 3
48 8
14 9
32 31
6 38
31 37
17 29
45 39
27 18
29 5
21 1
39 19
13 4
13 18
25 26
10 24
14 43
31 1
46 48
7 40
9 21
5 4
39 7
32 37
31 5
8 37
46 28
12 33
32 48
4 21
24 3
11 46
27 33
33 38
29 2
36 6
7 32
17 40
2 50
38 49
8 46
27 9
35 44
28 23
39 33
16 12
24 16
22 16
33 7
35 38
40 8
50 40
25 3
17 35
8 49
25 17
6 16
46 27
40 34
50 39
30 20
11 19
16 10
37 49
15 6
27 22
7 21
17 34
33 37
29 15
20 9
3 9
2 48
31 17
6 42
50 9
38 25
25 13
4 19
33 23
14 15
31 13
40 1
48 6
46 47
49 2
34 50
39 17
42 16
34 48
49 35
20 43
43 27
2 1
9 46
14 10
44 31
26 20
3 10
8 7
22 8
28 39
21 29
10 18
30 9
24 40
31 35
50 25
49 26
7 14
48 41
45 46
33 36
5 10
3 45
31 28
29 1
45 33
24 14
16 11
48 14
11 50
50 12
30 7
28 5
34 18
23 37
36 20
5 27
14 35
35 34
6 45
41 36
44 32
2 40
19 29
50 22
24 49
12 38
16 5
6 30
10 36
25 31
30 4
43 38
19 23
40 49
42 29
28 6
47 26
27 11
43 37
28 9
12 25
18 19
26 30
26 32
46 7
48 50
12 39
7 5
37 40
7 42
2 27
42 8
14 36
10 27
33 24
24 28
23 14
20 46
22 47
50 45
43 36
36 50
47 15
3 42
13 28
13 5
15 9
24 32
13 1
43 21
8 47
16 30
21 16
19 1
9 42
2 38
23 15
41 23
23 34
12 22
14 45
45 31
36 44
33 26
17 22
22 13
46 29
41 42
27 16
25 47
33 19
28 3
45 32
31 11
28 7
12 19
1 9
31 24
26 3
18 9
36 19
40 26
15 26
50 14
5 20
49 29
6 18
45 13
11 47
16 46
28 42
19 47
17 21
32 35
28 36
3 21
3 15
49 19
48 22
16 38
31 14
25 28
48 49
23 6
27 24
45 5
29 37
24 1
37 24
2 44
15 44
42 43
5 30
11 32
36 46
2 37
49 33
13 21
9 6
35 47
47 7
12 13
32 9
1 15
27 32
42 33
21 18
47 33
44 42
38 39
8 15
22 40
5 14
21 34
29 35
48 17
14 38
38 21
29 8
7 48
9 36
8 12
40 10
16 17
33 15
29 7
2 23
20 2
22 20
23 3
6 33
35 36
46 21
32 18
3 5
36 13
19 46
1 5
47 30
46 38
28 50
42 5
42 19
11 40
23 18
11 12
21 36
2 41
21 10
50 4
42 4
10 41
47 32
19 26
27 20
16 9
44 24
3 7
49 7
4 35
35 8
29 16
27 23
25 29
8 23
45 15
16 19
10 35
7 6
21 37
35 3
9 25
39 31
11 9
6 43
13 2
29 41
15 4
42 31
43 32
3 27
7 24
9 26
14 8
49 6
45 22
16 40
27 35
38 17
6 24
34 33
44 34
37 47
34 28
5 34
33 25
45 35
7 25
8 44
29 18
41 46
33 10
2 34
30 25
9 4
45 38
1 48
39 35
12 20
38 19
49 12
11 29
20 29
37 17
1 36
42 48
41 13
11 7
8 6
47 42
35 16
34 13
40 18
30 27
40 36
19 25
1 23
19 21
35 20
18 43
20 44
18 1
25 2
47 24
4 25
22 37
7 50
22 19
17 15
28 37
36 42
2 7
22 33
36 26
42 27
4 28
39 49
17 23
38 22
44 22
25 6
8 5
14 11
5 17
32 36
35 6
44 7
19 43
47 20
42 2
12 3
49 27
19 17
2 32
48 24
7 41
41 15
42 10
49 20
44 3
33 3
39 41
37 26
19 28
30 10
40 38
3 11
28 44
24 12
46 2
18 5
22 21
36 48
31 27
49 28
35 26
17 33
15 30
49 9
27 47
22 1
21 23
43 8
27 8
6 27
49 44
5 24
18 14
24 50
33 11
14 29
21 24
27 1
27 25
30 29
33 43
28 20
40 28
19 10
23 16
44 11
25 40
49 45
15 27
1 12
19 44
38 42
20 6
12 30
40 9
4 46
48 47
4 39
49 1
15 19
3 8
42 39
42 18
23 30
26 24
34 31
31 8
38 37
18 41
16 45
10 46
43 11
23 26
26 14
8 18
4 34
1 33
31 4
50 1
49 30
18 15
48 12
38 36
34 47
37 14
26 46
11 23
32 21
25 39
34 8
17 42
2 8
17 26
36 7
26 44
46 43
20 23
45 19
31 19
41 5
43 25
36 2
43 41
39 18
27 19
4 24
6 4
45 18
19 13
48 31
43 30
28 1
14 25
34 6
14 33
32 46
16 48
3 36
5 44
3 41
18 44
32 10
23 38
26 45
46 12
13 9
10 22
6 12
29 23
31 47
32 28
48 38
50 32
39 2
28 35
45 12
13 33
34 27
37 48
50 49
20 1
50 15
28 41
13 11
31 16
46 39
1 7
9 24
22 29
22 34
11 30
5 6
3 37
6 26
22 39
23 22
50 17
10 1
8 1
21 30
22 43
4 17
44 23
10 12
20 21
31 30
17 47
18 2
48 15
43 26
12 44
45 23
14 34
17 41
18 35
13 48
8 19
39 1
30 17
41 31
7 22
50 44
1 37
2 3
15 11
1 44
41 14
33 44
12 21
32 5
26 42
10 13
13 42
40 21
44 25
16 15
18 37
26 41
20 38
38 4
35 19
3 49
41 30
46 44
4 18
39 40
10 45
46 1
6 31
7 19
29 10
50 20
24 15
16 14
30 13
47 36
29 38
11 2
18 36
5 22
19 5
14 44
20 24
50 19
36 4
38 15
21 49
25 36
6 13
26 5
46 17
14 46
42 35
11 8
39 47
6 46
19 2
21 45
31 3
12 28
5 39
40 13
49 11
45 17
14 2
34 42
20 45
45 42
49 41
45 4
33 40
17 43
35 21
36 24
20 34
15 2
44 10
19 40
29 24
44 39
5 25
3 14
14 47
31 18
39 13
6 29
10 50
26 16
10 8
13 35
40 42
20 18
42 24
46 34
10 47
39 37
18 25
36 27
23 12
19 30
27 29
44 43
3 13
34 3
20 31
32 40
32 16
45 8
30 39
4 26
30 32
43 5
29 4
23 46
5 33
14 49
27 38
28 48
22 26
16 37
26 34
39 15
48 10
4 44
28 8
43 50
21 48
28 38
43 47
20 13
20 4
42 20
2 21
28 22
49 31
14 12
37 20
45 37
33 2
35 22
37 5
31 26
8 24
35 7
38 7
18 3
21 26
29 13
42 12
2 45
48 27
42 37
15 22
27 14
33 18
49 34
17 18
37 9
15 25
46 25
14 21
49 13
30 33
16 36
47 3
50 8
26 38
4 8
4 48
13 38
18 28
45 34
15 35
