75 1000
54 31
41 62
57 36
43 21
49 1
17 50
37 51
18 32
55 31
71 28
63 19
9 72
18 39
48 13
61 28
57 19
20 36
54 59
31 3
70 30
72 42
71 55
74 14
15 24
33 62
53 52
39 43
58 57
19 59
70 3
65 69
12 25
51 69
27 49
43 72
29 3
4 61
8 34
18 1
4 33
52 24
39 47
33 66
58 42
60 38
52 66
26 28
24 56
47 54
16 35
22 44
11 25
10 63
19 8
67 40
61 69
69 54
33 27
65 70
65 10
47 29
38 69
39 54
28 39
46 51
1 16
26 18
12 69
43 45
73 46
61 6
21 20
55 10
60 73
11 65
1 66
32 68
46 22
75 15
11 60
24 65
11 6
34 28
51 27
36 64
70 72
36 54
52 64
26 72
21 7
71 63
48 65
10 16
12 50
15 7
66 22
7 26
24 55
12 39
25 7
55 7
37 8
49 52
17 49
14 53
40 35
2 32
17 62
74 50
11 9
17 18
54 55
69 22
6 21
13 19
72 47
29 7
56 4
47 75
45 30
9 10
46 29
43 66
44 58
57 51
18 58
26 4
16 52
42 45
24 64
46 54
56 5
24 27
51 75
75 17
22 58
35 25
66 73
42 49
36 24
6 4
17 6
51 26
55 44
64 38
25 58
21 37
5 49
37 63
58 52
52 34
70 48
18 44
49 61
23 19
13 1
71 64
49 59
56 21
75 14
72 27
45 75
67 9
6 64
40 14
8 61
75 66
12 66
44 5
41 17
47 66
60 70
1 37
26 22
56 57
59 50
58 59
50 27
36 73
66 60
43 37
48 8
8 33
33 31
74 23
43 5
68 34
17 8
42 65
36 4
1 6
23 21
41 58
37 61
39 51
40 26
53 65
36 28
10 24
17 37
20 22
10 56
45 51
70 69
31 46
3 17
52 70
10 5
12 54
74 53
45 64
33 41
50 24
64 27
36 11
53 33
45 39
58 50
43 31
64 34
32 62
17 35
13 71
26 33
30 23
3 14
39 23
22 74
66 44
10 49
54 34
20 61
66 5
34 2
54 4
16 59
13 74
20 30
23 59
59 61
49 60
22 25
23 11
40 63
70 44
11 5
51 18
71 29
54 40
69 42
38 47
6 5
2 13
7 35
59 75
10 57
30 10
50 37
43 46
26 12
13 41
26 58
40 2
15 27
7 19
65 23
7 74
66 67
39 69
32 61
57 26
30 69
40 38
64 35
15 18
61 33
21 58
1 32
1 41
12 15
72 52
16 23
58 72
33 3
55 14
3 8
69 37
32 16
13 58
11 16
16 61
15 11
66 4
67 56
58 24
2 7
9 1
39 3
6 67
57 16
60 42
40 33
45 34
6 56
51 59
68 52
43 22
20 37
58 3
69 29
18 61
10 50
9 63
9 24
30 33
43 71
54 56
48 26
40 22
46 45
20 38
41 24
22 39
15 40
33 48
21 52
21 42
8 12
71 26
71 18
54 30
23 12
31 12
24 21
27 16
28 47
60 40
32 7
69 62
54 51
51 14
26 34
52 25
19 75
59 12
41 53
58 7
51 63
28 29
62 31
59 53
61 54
17 19
73 56
18 42
54 62
31 71
57 7
46 69
31 22
33 5
72 19
74 73
67 7
59 9
41 54
64 20
15 2
10 19
2 33
51 67
5 31
34 35
34 29
17 55
31 36
20 69
54 66
45 33
16 25
28 48
14 5
57 60
31 65
55 18
17 52
24 19
54 29
71 42
65 3
48 30
30 59
39 71
26 20
49 31
28 22
67 25
70 4
21 44
25 32
61 12
33 19
67 38
27 5
21 50
45 8
41 12
5 23
7 23
71 57
42 54
2 42
2 63
66 64
8 40
31 16
42 34
19 37
21 11
3 61
18 49
12 27
60 59
35 63
49 66
31 29
65 35
19 6
11 50
73 35
67 63
75 36
26 44
68 6
63 53
16 55
17 57
52 26
21 31
19 28
10 31
50 9
54 48
39 7
61 34
63 18
26 25
32 30
73 20
72 60
26 66
53 31
54 74
14 28
65 71
66 50
10 69
58 4
24 66
11 57
4 62
65 41
32 44
7 16
49 9
55 2
33 1
63 52
52 13
7 63
28 68
13 45
41 28
75 4
8 67
44 29
69 75
69 6
4 50
44 20
30 2
11 41
53 34
54 58
52 20
63 8
65 64
50 25
26 19
30 52
35 68
19 46
10 59
49 24
38 52
22 13
57 43
54 22
6 52
45 36
42 57
54 64
22 49
54 24
38 42
53 30
11 32
14 62
63 49
61 27
53 32
55 61
63 5
35 10
41 30
65 34
12 35
74 66
43 68
18 19
16 54
7 49
9 70
29 58
64 26
30 3
75 12
70 45
72 25
12 20
20 29
3 23
24 25
19 22
62 36
8 30
30 37
18 10
44 17
18 14
39 70
65 58
20 34
63 42
18 28
8 65
10 1
1 23
16 20
64 62
45 23
43 16
38 4
41 55
55 56
9 54
16 64
34 13
45 12
50 34
58 16
53 69
13 43
3 45
67 1
44 71
41 75
42 14
70 33
11 59
38 17
49 26
60 13
27 25
63 1
62 75
20 14
52 41
36 61
65 32
20 43
42 3
62 25
55 72
73 5
11 47
70 66
7 42
6 25
36 6
46 66
57 46
34 57
9 58
71 61
70 36
47 51
47 68
41 47
75 67
29 26
47 69
22 52
71 72
67 17
10 12
10 32
73 26
37 67
51 25
60 65
8 54
7 53
68 64
50 32
18 50
60 32
51 42
41 35
39 52
10 67
11 74
5 41
69 48
69 44
6 23
28 62
25 42
56 31
61 19
63 69
57 40
75 30
24 6
67 71
59 25
75 44
40 55
32 27
40 56
35 31
70 18
64 61
35 56
60 45
50 72
57 48
19 67
8 52
75 29
33 65
10 33
35 74
52 75
11 43
70 42
31 9
12 71
37 29
68 72
27 53
61 44
67 33
60 21
30 71
8 16
29 65
11 38
56 3
37 57
31 70
66 61
16 18
6 9
21 16
57 21
47 55
39 9
12 73
62 43
40 18
60 58
3 54
7 27
60 71
13 3
41 37
64 44
41 57
20 74
62 60
64 41
60 20
7 6
73 61
7 14
48 35
5 24
57 69
13 75
46 52
71 22
8 1
69 11
29 70
51 8
21 22
73 43
49 65
65 72
59 2
41 74
38 55
63 46
37 70
62 58
57 18
25 30
34 12
15 55
67 43
56 53
51 64
27 45
49 68
30 49
60 34
48 38
63 50
22 72
2 45
42 31
66 58
7 12
12 30
26 59
18 74
69 43
74 42
21 38
54 32
52 35
13 21
75 27
21 32
43 47
13 59
26 75
19 62
55 12
48 24
28 64
5 70
67 52
15 41
34 25
19 69
73 63
24 72
41 27
41 42
23 9
63 62
3 46
22 34
2 71
8 36
64 33
43 26
53 72
73 34
20 46
61 65
8 4
46 18
39 66
39 50
58 36
45 55
12 5
10 22
35 44
4 64
72 30
26 46
41 56
57 38
22 17
48 5
72 57
41 43
28 69
38 53
17 53
11 24
38 1
50 73
28 25
27 19
10 75
38 27
6 39
67 42
73 15
41 39
29 51
65 66
72 45
25 69
59 46
57 5
11 7
14 50
15 70
42 44
68 5
10 41
32 72
32 15
31 19
30 60
1 45
30 61
24 42
47 59
32 29
16 29
23 52
13 47
42 6
21 46
73 57
63 24
47 34
26 39
18 27
15 26
11 22
38 73
4 41
59 72
14 46
56 12
75 11
36 32
52 37
38 62
37 55
52 74
72 7
65 21
19 4
68 62
36 17
45 66
10 36
42 29
4 51
30 35
22 12
60 74
67 35
15 49
39 19
66 16
73 40
59 8
4 44
44 34
38 75
51 28
26 21
61 70
2 25
28 33
31 2
60 15
6 45
45 19
42 61
45 58
54 1
19 52
27 17
43 7
59 39
20 75
4 7
9 15
29 50
46 74
19 74
19 5
11 62
27 62
14 59
30 66
49 29
75 22
26 36
32 12
24 40
68 73
56 59
6 37
70 26
37 18
71 70
45 56
34 72
25 46
16 24
44 28
7 28
54 26
47 7
8 38
15 21
58 63
63 15
58 48
40 41
28 60
18 60
33 20
23 20
40 31
34 48
36 30
51 65
9 73
67 32
72 21
66 3
44 23
60 16
33 50
31 18
11 3
36 69
66 21
74 12
11 8
56 2
10 52
37 9
60 29
66 17
52 14
65 52
38 16
48 71
23 53
62 57
53 5
1 15
48 3
14 54
50 22
20 58
6 16
51 40
13 23
20 39
11 73
75 57
65 68
66 8
71 3
49 55
72 36
4 28
55 74
2 19
53 10
61 24
1 7
34 69
74 5
54 20
11 37
21 12
57 50
46 27
13 39
43 61
59 29
29 10
45 63
7 40
30 6
43 17
9 21
14 16
25 31
1 27
41 6
12 38
61 38
70 64
