76 1500
2 68
26 61
67 61
72 64
46 41
70 58
5 37
43 6
11 72
6 47
50 13
56 42
49 33
47 42
23 46
33 13
17 40
73 76
67 56
32 50
60 6
65 67
37 13
4 74
56 23
48 47
63 61
71 7
6 35
39 8
24 65
7 60
5 40
8 52
27 57
33 28
55 29
2 70
71 68
36 20
68 38
28 24
25 49
14 53
15 17
2 24
68 72
29 44
62 56
57 31
7 28
51 45
23 26
64 21
9 36
38 62
60 42
18 6
31 4
28 61
34 70
32 65
3 19
60 59
13 28
3 46
50 62
68 61
44 65
15 16
5 17
19 15
8 6
27 30
11 44
20 56
57 13
13 48
27 39
69 64
13 69
71 35
75 28
71 22
53 59
38 53
62 72
62 7
47 60
34 25
59 1
19 17
34 63
43 12
3 69
12 14
33 27
51 18
69 15
26 49
52 39
20 67
37 63
41 52
71 36
28 65
30 24
75 22
4 70
64 12
65 27
10 7
47 63
3 2
27 74
15 45
26 40
48 75
12 34
12 65
70 46
51 70
15 65
38 18
12 37
21 17
38 64
35 61
28 2
62 45
37 26
42 63
61 59
48 69
69 10
62 46
49 42
54 24
41 31
47 29
4 53
57 23
34 19
8 67
38 34
13 1
22 8
71 17
65 64
28 58
10 49
11 68
30 32
72 74
46 61
33 39
37 59
20 65
71 34
72 47
16 17
40 71
59 41
75 74
17 53
18 66
11 19
44 8
47 73
19 43
74 50
6 72
58 1
28 39
69 50
37 48
62 70
54 20
40 33
1 56
52 11
20 22
47 8
25 20
50 17
19 68
35 72
43 66
26 75
27 67
44 2
43 18
32 40
65 74
34 47
20 28
49 41
46 73
18 20
76 40
38 41
10 45
54 62
7 76
36 53
32 26
13 35
68 48
5 12
58 52
19 24
53 35
53 62
5 9
7 13
45 74
50 59
52 55
35 32
59 65
24 48
62 27
43 34
76 56
51 68
2 57
44 47
21 74
11 56
50 72
28 30
46 7
11 23
22 53
15 52
22 38
12 76
62 29
57 47
21 50
38 48
67 57
69 76
28 48
60 27
48 54
28 70
48 26
73 8
10 33
67 30
13 40
14 2
57 69
10 66
60 72
10 19
20 27
73 5
46 43
23 62
63 62
2 19
55 12
16 64
57 53
52 4
3 63
22 73
63 13
8 20
72 67
53 76
53 2
49 69
1 44
38 17
11 69
53 63
28 44
33 43
35 44
71 42
73 28
44 16
76 67
44 69
2 20
75 45
45 70
57 7
16 40
49 71
20 75
28 1
75 49
34 2
60 14
37 46
25 7
48 10
1 20
36 54
30 7
10 55
10 3
18 26
27 69
40 59
17 47
49 48
48 4
8 75
50 38
58 10
22 31
20 66
16 5
55 23
69 6
2 73
37 29
37 8
43 20
59 4
21 47
67 2
60 62
48 18
55 34
54 28
41 60
33 47
21 67
54 23
25 19
64 30
44 50
24 1
2 65
49 16
48 39
29 46
12 31
27 22
61 9
7 69
34 45
38 57
33 44
31 43
12 19
54 21
75 35
39 35
44 51
36 30
55 9
18 37
65 31
45 48
55 24
52 36
5 41
73 60
62 74
56 53
19 37
37 30
43 51
76 30
23 15
73 3
3 30
47 1
24 68
6 44
34 69
41 71
30 68
9 18
67 14
28 26
71 21
27 34
29 64
21 29
43 60
4 67
54 5
60 13
11 5
70 22
34 39
41 28
35 25
15 13
44 53
55 38
41 42
4 47
41 54
19 65
5 46
40 46
69 58
32 51
12 59
37 68
4 62
64 41
10 28
41 70
51 2
63 18
4 17
73 64
36 29
8 49
11 43
30 4
68 47
75 21
43 44
24 16
52 63
62 22
23 65
17 44
42 2
52 60
70 25
11 4
39 17
33 12
32 53
39 32
25 24
59 14
34 18
35 3
29 75
59 39
39 68
62 8
7 47
68 9
57 56
1 69
64 59
33 56
1 25
67 74
64 61
75 56
74 5
17 56
10 56
46 24
27 32
74 46
60 20
47 19
27 12
67 6
29 27
71 32
2 63
71 9
40 67
26 29
51 58
58 41
19 32
57 41
11 76
51 10
50 33
53 58
12 46
8 42
34 29
10 59
70 71
55 26
38 33
39 50
35 67
35 62
41 66
32 8
76 54
31 76
57 37
70 8
12 30
17 43
23 28
22 67
42 27
15 7
16 4
39 44
11 45
63 33
34 53
64 60
37 69
33 19
2 55
41 21
65 38
51 3
70 54
46 76
56 37
50 71
24 64
19 56
3 65
42 76
53 68
63 32
42 4
28 42
1 17
45 67
36 59
15 3
9 32
23 64
48 71
25 53
62 14
63 17
43 70
24 74
70 60
38 51
52 43
68 15
33 35
26 53
1 10
26 16
75 50
61 65
61 16
2 10
52 45
56 60
42 67
45 18
47 13
67 54
36 3
34 22
5 19
34 10
75 24
72 41
69 54
26 2
3 1
4 71
2 38
12 6
57 4
43 63
12 32
8 48
65 16
31 20
11 32
61 27
39 37
11 21
73 35
40 28
47 14
51 52
43 7
27 21
55 27
22 49
41 73
15 53
59 70
22 68
41 65
19 54
32 76
75 47
8 74
14 57
23 69
54 11
47 16
72 4
37 58
57 24
20 13
40 29
1 76
15 28
26 13
50 41
20 52
27 3
5 58
32 75
11 73
61 41
11 65
55 65
62 67
5 3
32 66
24 43
21 33
19 30
8 35
22 56
36 55
1 8
28 12
45 46
19 16
13 24
51 46
53 28
52 65
67 69
35 11
19 38
16 59
70 50
59 49
71 61
26 68
72 31
20 72
40 75
26 54
43 54
57 72
68 29
76 41
3 41
53 54
21 36
34 8
67 26
6 57
72 26
53 5
40 39
6 41
56 65
67 38
69 5
48 42
23 31
11 63
25 16
56 6
30 2
36 45
58 54
9 19
48 56
2 50
48 55
60 66
46 49
73 17
27 4
28 21
20 14
70 44
72 21
64 35
55 32
45 57
58 74
47 10
61 21
12 61
55 33
42 12
40 74
61 44
20 44
2 18
40 73
60 28
42 43
42 23
74 51
69 73
41 33
61 29
33 48
74 42
6 73
9 8
28 43
2 49
22 59
9 13
3 54
12 51
75 16
18 42
46 25
45 3
52 64
45 71
46 38
30 51
7 39
29 38
15 35
26 14
33 45
51 61
75 41
26 24
30 10
68 18
18 14
62 58
48 64
37 16
64 67
26 70
21 42
40 49
55 30
21 7
67 73
4 69
61 66
71 57
21 40
49 65
73 14
74 11
27 50
25 50
8 51
39 18
43 10
45 6
65 6
31 54
10 63
40 50
17 27
51 31
40 52
24 7
41 39
69 51
41 23
74 60
25 6
67 50
20 73
15 76
5 8
30 70
30 29
28 59
27 10
60 23
1 51
20 48
56 41
38 47
21 10
4 40
26 50
66 68
68 16
65 29
29 56
48 63
76 20
13 75
17 55
16 53
32 47
37 24
75 33
46 6
50 76
49 38
32 17
54 17
75 19
25 32
18 21
1 16
26 8
64 70
48 74
48 36
15 73
13 53
58 7
39 57
28 32
68 41
22 55
60 22
74 41
20 19
8 36
62 28
58 55
37 62
58 34
65 60
28 64
16 42
76 17
60 8
2 36
15 50
57 66
66 76
50 58
6 30
75 72
26 58
59 6
60 12
51 76
66 70
64 14
68 43
30 8
50 10
9 17
67 70
21 13
70 11
24 10
17 42
55 64
66 55
56 9
30 44
13 32
11 20
53 39
22 39
49 39
16 76
8 16
15 42
41 12
72 63
46 8
38 71
42 70
44 74
17 52
74 55
44 48
33 72
76 33
35 27
55 73
58 8
70 10
16 35
52 59
35 24
71 43
57 49
22 2
69 70
29 71
4 64
54 15
68 10
11 60
37 36
31 19
37 4
38 7
7 17
74 33
61 30
40 69
5 23
7 75
27 71
18 19
26 34
50 4
75 6
63 26
44 10
61 62
32 56
64 62
17 23
17 6
58 49
56 5
55 56
6 32
20 50
44 9
9 69
53 41
51 75
36 60
15 4
65 69
4 66
60 75
20 37
17 41
23 47
29 33
35 60
31 70
25 2
40 63
13 76
60 30
10 64
15 12
74 39
69 71
33 22
4 2
43 22
42 40
33 52
69 47
72 58
59 69
2 21
30 18
14 1
58 14
67 12
42 51
11 34
5 31
26 62
34 52
9 6
29 76
76 23
15 56
49 68
76 22
56 18
6 22
48 57
23 12
13 23
50 37
11 30
44 58
29 52
20 17
52 38
17 59
31 60
38 70
10 71
57 3
60 57
1 71
35 41
44 62
61 55
22 4
36 76
45 59
41 13
69 45
22 61
53 30
38 9
2 8
74 20
38 63
60 54
16 30
65 66
55 50
7 49
23 30
17 37
14 52
37 73
31 30
66 40
4 58
55 46
73 59
27 41
33 42
21 25
76 63
51 55
56 28
38 14
17 74
19 44
17 68
35 19
6 40
8 4
66 38
20 68
24 29
12 36
5 29
59 66
53 52
29 70
74 25
16 2
47 36
29 11
27 47
58 6
45 19
13 65
31 45
2 33
6 34
27 9
47 49
41 55
5 36
65 70
60 40
21 1
37 21
52 72
59 2
21 22
13 38
27 36
37 34
58 17
4 60
14 42
51 19
47 55
35 34
72 9
25 38
5 45
37 33
22 47
44 49
49 34
11 57
29 43
46 21
38 21
37 70
17 28
1 26
66 37
19 26
70 6
2 43
18 59
31 61
13 3
50 57
30 22
58 15
36 18
30 25
47 30
34 9
58 67
42 68
19 58
3 75
3 8
16 69
29 58
40 54
14 75
60 63
31 46
12 26
25 26
24 20
40 27
64 75
9 59
16 7
50 12
59 56
32 70
66 54
76 28
51 66
14 45
49 53
35 43
18 40
72 46
47 31
16 73
50 1
73 51
57 62
35 28
17 61
67 68
68 75
13 16
5 22
3 50
46 28
29 59
19 4
24 51
6 2
12 74
70 27
61 40
72 34
26 69
67 5
20 41
57 16
16 67
43 23
15 72
24 21
58 60
24 60
57 61
24 61
75 42
38 23
40 2
34 41
71 62
14 65
29 4
24 22
54 50
75 2
8 38
30 75
76 57
15 11
65 57
31 24
41 36
75 38
38 30
62 59
39 43
7 26
19 55
57 33
17 31
8 10
63 56
35 52
4 21
73 70
44 64
9 51
73 12
29 42
5 72
73 36
43 5
70 12
74 70
2 5
1 52
44 15
76 75
71 65
70 20
1 62
28 71
8 12
67 37
31 29
64 63
55 44
41 25
21 51
39 70
72 65
31 39
67 11
57 46
13 45
62 34
25 73
58 24
30 45
19 7
17 24
45 73
31 26
65 26
17 10
48 5
59 24
31 8
31 40
6 63
2 66
55 49
39 38
30 34
36 74
54 30
5 33
68 65
28 51
50 36
21 3
5 28
12 35
59 33
9 1
36 70
18 55
16 63
42 25
16 18
24 66
27 45
2 23
15 20
54 61
36 23
38 6
18 29
9 62
70 33
20 9
40 25
21 9
71 51
22 58
9 42
21 53
16 20
31 53
49 43
16 45
61 32
58 21
56 26
65 50
13 11
7 73
51 16
1 42
19 63
14 29
69 68
15 18
74 59
21 30
30 20
12 38
8 40
75 10
52 9
42 13
28 49
70 7
44 5
32 16
50 51
1 34
20 47
28 27
17 22
33 20
20 5
54 7
63 67
5 60
45 12
74 73
73 4
32 14
25 44
17 2
46 18
75 23
36 11
43 4
62 10
38 59
43 36
65 21
16 14
30 40
73 27
51 4
1 29
36 62
17 48
60 39
7 22
30 58
41 1
36 7
1 30
49 61
17 65
69 31
8 71
47 51
59 76
17 57
37 75
26 44
71 6
54 68
2 15
3 16
30 46
59 7
46 19
48 34
18 54
66 6
56 64
32 58
70 18
12 29
57 5
5 34
73 61
73 19
44 76
34 75
9 54
66 75
15 9
68 25
31 11
29 25
23 39
18 44
72 53
25 27
49 37
13 22
41 18
58 59
37 2
9 16
34 74
11 1
53 70
27 26
21 39
57 18
75 4
29 28
14 22
27 5
50 61
62 69
46 44
51 33
71 63
25 36
71 3
29 3
63 5
71 52
48 12
1 7
8 21
35 42
22 51
53 6
40 34
1 72
53 45
66 9
22 64
55 62
24 38
6 14
54 63
31 64
29 53
8 25
34 4
65 46
34 61
25 51
59 21
18 53
67 55
42 39
13 19
20 32
10 46
60 10
33 71
55 59
13 61
58 57
3 32
49 13
60 38
14 3
13 74
36 17
21 15
74 35
8 54
18 17
45 50
61 38
45 17
49 36
67 3
50 14
52 44
69 55
22 9
67 33
69 35
26 10
59 72
2 76
9 25
27 53
43 57
46 50
45 65
63 9
6 39
68 64
74 32
11 41
19 41
56 71
26 51
66 1
38 42
32 49
23 63
49 21
48 52
35 49
69 53
34 32
41 29
39 24
72 37
14 49
57 15
25 66
46 34
25 4
1 32
17 3
55 25
43 41
47 59
47 35
58 23
45 54
72 8
42 53
76 21
64 33
50 23
34 14
71 60
49 3
76 52
9 73
28 6
