76 1500
59 18
32 50
22 32
4 49
3 12
26 76
31 11
20 50
70 75
25 20
9 6
39 26
60 8
29 54
10 22
26 21
68 21
43 57
18 67
8 64
41 40
21 15
18 43
54 63
4 18
39 67
55 53
14 27
73 48
10 47
26 69
11 52
46 70
74 21
14 3
33 58
37 76
11 60
5 40
58 37
52 42
34 66
76 16
49 69
41 28
45 11
34 43
38 25
48 59
8 5
19 25
54 38
55 19
31 67
30 11
4 38
55 49
68 9
30 65
32 39
47 28
57 26
2 7
32 3
5 54
31 17
41 55
1 34
42 62
36 42
8 70
68 38
23 31
56 2
59 5
73 70
54 34
8 33
2 34
50 48
13 17
41 14
38 31
63 29
8 62
11 25
67 76
71 69
45 50
19 36
9 14
53 12
60 69
21 16
5 2
37 45
68 15
22 28
42 5
59 40
45 58
60 35
59 68
2 31
36 32
33 43
19 72
62 27
17 36
57 73
22 53
52 27
55 26
39 44
66 12
60 52
39 69
59 65
71 57
1 40
30 62
39 58
32 66
76 19
22 6
7 53
17 25
43 24
73 65
72 56
18 57
33 15
38 49
5 62
74 64
32 37
45 56
29 59
16 34
22 14
36 8
21 67
62 41
17 18
58 75
20 28
14 30
39 42
56 43
19 27
72 42
12 69
26 67
72 15
33 17
55 62
64 36
32 51
17 63
13 42
47 21
20 68
9 40
10 61
49 26
43 67
42 58
17 10
22 27
61 50
75 38
60 73
70 67
56 17
1 17
64 30
56 12
69 14
48 28
18 74
29 32
19 30
10 59
59 25
4 17
1 66
24 45
34 37
26 13
30 46
68 76
8 40
45 35
29 6
56 50
58 3
39 68
64 53
73 39
66 76
68 65
39 52
25 40
35 52
57 66
7 14
15 16
70 44
72 71
16 28
75 6
52 22
51 39
76 4
14 38
8 39
29 50
14 18
43 64
10 18
73 24
49 7
22 45
62 52
63 30
58 60
16 12
1 48
13 65
3 65
28 2
66 68
22 39
17 53
62 3
67 17
25 32
31 55
32 28
45 69
17 15
64 73
24 72
35 18
51 3
27 53
55 63
5 21
52 58
10 16
37 43
58 25
29 4
38 35
30 20
37 26
73 75
21 54
31 53
45 31
46 9
31 16
27 31
53 57
30 16
22 63
58 1
36 67
73 18
18 27
59 6
51 1
40 20
1 61
1 12
73 30
5 26
65 25
18 44
63 65
29 7
30 21
44 34
15 51
62 12
49 14
7 43
53 46
38 10
34 64
39 56
30 48
15 4
59 64
6 68
11 32
3 74
51 2
58 18
19 11
24 3
7 31
20 3
75 36
8 51
48 52
40 76
4 7
53 39
56 74
59 20
55 10
55 56
57 33
7 13
33 36
34 11
61 21
65 22
42 33
59 36
60 27
15 2
20 44
43 30
7 12
11 15
58 70
74 52
25 41
47 9
1 4
71 4
54 14
70 27
17 27
18 2
9 73
1 49
14 46
70 17
68 22
41 45
3 18
4 73
50 15
10 71
30 60
13 67
63 59
54 51
73 63
15 62
67 5
67 29
16 35
64 14
71 2
41 20
72 10
38 27
67 22
21 40
72 53
73 56
29 73
10 40
64 67
31 50
28 73
31 58
28 61
52 67
3 37
54 58
31 37
17 60
34 12
64 56
14 2
35 76
44 6
16 54
57 25
12 58
37 50
52 36
64 76
70 36
33 66
16 68
3 60
42 6
39 15
29 25
26 15
6 54
44 28
56 23
13 38
39 25
14 16
36 31
75 49
33 34
63 10
74 65
10 30
34 20
34 9
1 67
12 35
11 17
9 71
4 9
55 12
9 24
54 32
38 44
7 30
67 56
31 41
34 35
54 55
24 15
66 55
36 5
36 61
41 9
19 35
76 30
48 23
54 1
56 35
58 55
12 26
11 42
71 67
29 1
75 2
53 44
5 39
41 13
55 73
30 23
63 34
61 73
54 35
37 53
72 22
13 40
76 5
47 52
40 3
38 11
12 17
75 46
30 22
13 39
8 46
43 60
17 62
62 68
75 32
21 34
49 58
58 35
46 35
75 57
58 21
74 45
22 51
52 20
7 44
20 21
49 62
55 24
30 44
37 27
18 20
10 53
58 67
59 57
39 20
58 14
62 67
68 52
41 35
22 29
65 9
16 33
9 38
5 73
54 10
59 16
34 22
21 23
66 31
61 12
44 27
75 50
8 23
47 61
30 68
74 57
42 17
22 54
55 36
45 62
56 71
23 17
36 27
49 2
58 8
5 12
25 42
2 52
74 27
67 50
30 71
51 33
1 25
17 35
56 48
28 15
40 23
48 43
73 38
21 2
24 56
53 51
74 41
58 6
22 1
62 43
20 61
43 40
3 57
24 29
21 70
64 13
14 43
46 51
24 46
70 31
7 76
49 48
71 61
24 61
12 6
55 64
11 33
72 73
7 41
45 20
41 39
30 9
26 8
68 33
48 7
35 31
47 59
29 2
26 30
49 27
42 1
26 23
35 14
47 17
32 74
3 49
13 62
4 22
5 70
14 44
50 53
50 66
37 17
49 54
64 21
71 23
12 11
64 51
51 28
10 24
5 14
55 43
52 72
52 18
41 5
27 33
42 15
41 38
42 56
3 9
13 48
16 71
52 6
69 44
39 64
33 1
67 14
67 16
52 56
34 56
61 65
33 45
68 32
53 65
76 63
30 40
6 34
14 28
72 39
23 75
19 70
20 8
70 14
6 1
72 61
42 22
21 55
56 58
45 70
52 9
75 25
61 64
22 24
11 46
64 65
74 14
51 9
35 33
69 47
13 9
4 64
10 27
7 33
61 58
5 68
63 66
51 60
69 50
46 47
61 22
76 70
1 62
66 46
72 47
24 21
24 50
11 43
15 22
27 42
18 61
61 44
76 54
70 37
9 42
43 8
21 60
41 75
71 40
48 4
24 19
69 61
16 48
47 33
54 28
1 19
50 35
1 10
74 10
34 42
60 2
45 42
47 1
41 61
65 40
64 11
30 75
35 30
15 60
14 75
74 59
4 72
1 41
40 52
68 40
70 30
63 23
2 19
42 65
55 4
23 45
19 6
34 73
63 8
5 24
69 42
66 44
14 52
50 49
6 56
56 70
32 12
15 76
59 21
38 19
36 54
21 39
37 12
45 28
49 71
6 28
4 26
49 64
20 32
18 12
22 43
3 25
74 67
39 60
20 47
73 52
54 56
6 8
75 45
25 31
44 57
44 73
14 20
35 44
34 10
4 32
11 10
23 16
39 43
60 53
71 15
4 3
2 74
13 34
29 60
57 67
73 45
61 14
19 51
74 8
5 57
55 20
35 62
59 32
74 33
71 22
61 5
9 69
64 7
9 76
36 39
75 43
39 24
17 46
2 12
46 74
42 40
43 42
2 70
42 18
9 54
6 5
36 12
42 63
3 6
56 61
65 18
60 61
2 67
43 53
35 6
73 11
16 70
43 63
67 9
21 48
45 12
32 42
8 29
36 6
25 21
59 44
17 30
34 71
76 62
34 48
72 1
13 61
16 40
43 74
58 76
75 40
4 14
24 16
37 63
60 34
58 74
45 60
10 69
21 1
61 8
17 75
8 7
1 63
66 43
58 24
75 33
46 55
67 42
36 34
11 23
74 19
50 40
26 41
10 52
8 2
19 71
74 34
46 12
76 45
73 12
33 61
32 14
3 59
42 75
28 63
59 75
41 8
57 16
1 71
45 9
25 54
49 41
9 25
67 68
17 41
17 51
1 36
62 69
76 57
73 21
3 66
41 68
45 16
57 42
5 30
56 19
56 76
23 39
55 33
27 26
22 41
74 48
40 4
1 20
66 28
50 2
13 21
55 11
40 72
18 9
43 15
14 31
63 60
9 36
66 7
36 18
63 68
51 13
75 31
40 15
5 75
67 35
23 49
39 30
56 18
25 47
75 34
75 56
6 48
33 54
45 40
55 14
21 31
19 14
37 46
51 10
22 55
46 26
18 39
55 61
75 10
66 67
8 4
51 21
54 24
57 60
10 56
54 31
72 29
36 50
6 24
35 48
66 23
25 5
13 75
6 55
71 33
67 46
32 64
28 74
21 75
68 51
55 57
1 9
12 54
53 62
35 49
21 66
7 67
38 69
32 60
40 22
29 69
14 36
12 40
62 9
36 13
49 8
18 8
6 70
41 30
30 56
70 52
76 14
27 69
38 21
43 68
14 1
72 32
68 29
54 2
1 69
24 57
42 4
55 3
9 43
67 61
65 71
73 2
33 2
23 61
63 67
9 44
69 54
27 16
51 27
36 24
49 19
21 32
19 40
75 64
45 19
16 8
68 31
24 62
55 29
64 3
23 24
25 48
44 12
31 76
37 1
72 74
49 59
33 13
2 16
25 55
67 44
13 52
1 64
63 46
15 12
44 36
73 46
33 9
8 42
43 28
46 71
14 25
47 38
24 20
63 48
37 44
67 55
1 26
39 63
55 5
49 56
67 15
58 29
33 73
28 42
69 21
60 20
59 19
14 29
69 34
58 73
46 54
43 71
17 49
12 48
3 15
59 27
42 31
23 25
38 32
50 27
22 21
43 16
36 25
35 8
72 59
18 38
2 30
60 44
27 28
7 23
57 45
18 46
34 19
54 50
43 51
76 74
36 74
11 65
31 74
40 47
34 5
51 50
17 76
35 39
28 50
2 6
12 24
37 2
18 24
35 70
59 53
30 32
68 46
19 9
24 4
22 64
47 26
62 19
58 50
56 46
60 6
60 18
69 76
76 42
7 28
59 54
33 18
37 48
15 37
22 13
43 1
23 67
44 1
15 29
28 29
57 39
32 52
55 7
27 20
41 71
26 7
13 25
60 36
34 24
34 25
22 19
61 39
76 49
69 66
63 62
19 73
37 66
74 9
41 18
39 71
16 44
54 41
10 14
7 17
19 46
42 29
57 37
29 13
76 36
53 2
24 64
35 22
51 30
53 8
23 1
56 28
28 49
13 44
71 8
24 76
25 28
39 40
20 49
26 33
37 5
5 69
41 63
57 68
17 38
67 24
11 71
29 48
46 58
33 25
5 31
53 58
53 32
61 9
4 43
51 75
49 13
36 65
12 10
4 50
57 23
68 71
17 69
47 56
24 26
11 57
28 19
73 14
55 60
31 8
10 62
36 16
62 37
60 33
18 66
69 28
63 58
28 3
51 73
71 75
46 3
66 51
17 29
4 6
53 54
26 73
69 52
55 47
75 52
4 21
9 23
46 60
17 34
14 12
1 18
34 26
13 74
7 1
34 30
27 24
29 23
39 19
4 36
64 5
35 53
66 14
15 18
63 9
26 18
76 75
74 20
42 23
30 50
18 45
61 32
69 46
52 57
53 67
69 31
49 32
72 3
44 10
42 26
69 73
56 26
61 30
40 32
11 59
50 76
48 2
47 24
10 7
25 8
67 75
54 61
75 7
11 53
1 60
27 61
75 66
11 24
58 48
5 65
56 36
34 53
66 41
39 74
25 63
13 12
59 9
8 73
47 35
34 8
28 57
39 17
76 60
73 3
42 37
49 37
52 54
62 7
73 37
50 7
47 13
3 31
29 61
44 22
25 72
2 25
9 32
49 24
48 11
27 4
51 41
61 40
11 1
42 50
26 51
70 74
2 63
39 54
39 10
38 28
39 66
70 55
62 25
9 7
64 9
65 7
39 37
63 44
43 59
3 63
72 76
56 27
39 11
74 75
32 41
34 49
61 68
25 64
27 11
76 8
64 47
39 29
64 58
30 37
13 30
62 60
7 71
43 38
25 51
64 17
9 21
44 29
76 10
76 28
20 16
52 5
46 45
19 64
10 33
54 7
21 33
35 4
29 35
12 52
47 50
23 74
61 46
59 31
65 21
9 55
68 12
55 18
13 11
46 41
58 62
32 55
55 39
70 15
45 65
6 20
3 71
29 11
4 20
45 71
61 11
11 68
76 3
58 26
33 53
24 33
32 58
50 62
48 64
19 52
52 31
52 76
47 4
34 47
14 40
73 71
33 46
17 54
34 62
54 11
19 48
55 27
65 12
46 39
15 66
3 45
61 4
31 44
25 6
67 4
53 63
54 3
22 46
62 26
37 55
42 73
71 59
51 56
43 25
9 5
13 20
43 19
31 43
23 4
40 17
48 5
43 10
13 35
23 33
59 41
73 62
74 12
49 40
69 72
71 60
13 66
18 40
2 44
31 71
44 75
16 75
7 63
9 31
36 71
61 7
56 63
12 72
65 6
58 9
36 41
8 13
50 68
76 21
3 27
49 66
76 22
10 65
70 3
75 19
18 30
56 69
73 54
45 47
50 12
20 72
58 66
12 49
15 8
11 3
65 32
5 51
3 22
16 17
65 67
71 24
50 60
60 23
24 53
1 45
12 30
61 6
32 67
62 72
51 12
61 57
5 56
38 71
27 35
1 31
5 22
9 29
44 17
47 53
22 8
18 32
56 32
59 50
60 65
65 17
20 66
42 70
41 43
19 50
58 11
56 15
10 21
62 23
51 70
10 31
74 68
6 50
13 43
27 76
39 28
26 22
11 36
12 19
15 46
66 17
38 34
46 2
37 71
3 75
35 3
66 24
17 26
46 6
24 32
62 2
57 36
17 52
20 29
56 21
63 20
62 65
73 47
29 66
38 55
14 47
48 53
25 50
74 6
68 73
34 45
56 25
8 52
