76 2000
41 29
11 43
69 42
44 58
40 42
36 67
8 49
56 28
48 32
40 59
46 9
76 25
41 25
31 73
55 64
30 11
23 24
51 41
58 12
45 8
22 30
6 69
25 33
36 27
40 47
26 12
24 48
73 68
28 12
54 49
76 18
67 24
50 69
3 38
57 64
21 42
68 5
19 37
27 74
12 60
3 59
44 9
2 12
39 68
25 54
37 17
73 58
10 53
69 61
25 69
14 17
30 47
27 22
65 11
58 7
59 55
38 56
2 11
28 33
10 12
24 61
4 49
4 24
17 46
44 38
25 61
14 49
35 59
46 50
57 54
59 57
18 28
12 52
4 12
56 42
1 11
54 1
70 43
37 49
70 16
66 15
29 48
26 15
62 41
46 65
62 31
43 4
9 53
68 44
61 73
62 32
12 66
20 75
18 62
46 70
21 55
75 73
26 66
36 26
68 3
32 11
33 7
24 55
6 62
47 51
37 63
66 37
19 30
6 39
59 53
39 65
56 70
24 2
43 12
35 6
65 51
34 60
38 35
67 74
26 44
53 12
40 25
33 53
30 38
75 48
58 6
21 20
55 14
24 41
64 27
75 42
57 49
16 32
8 54
10 26
1 65
34 8
72 17
26 52
36 2
10 36
31 75
70 47
27 44
55 52
28 30
41 44
16 31
6 17
76 10
21 13
60 50
50 48
13 26
23 66
54 18
22 40
27 57
12 19
22 16
6 70
18 19
16 23
10 34
50 55
30 51
12 47
36 34
49 46
65 2
8 19
63 75
34 74
21 3
60 33
69 19
8 73
29 11
2 31
55 17
55 41
74 12
75 76
33 38
50 12
18 34
40 12
63 53
76 6
34 75
26 37
67 13
73 26
26 65
44 6
70 59
73 33
74 36
8 13
15 4
7 4
72 44
11 44
20 67
35 22
4 60
13 62
13 54
21 51
15 33
21 26
41 59
58 31
29 13
30 65
12 44
65 62
50 21
52 67
46 32
60 47
63 62
16 47
69 3
65 59
61 23
76 59
1 43
74 50
34 51
22 10
43 50
51 56
59 7
28 41
29 56
3 27
49 48
45 73
57 16
63 1
52 10
8 25
8 18
11 75
44 21
25 66
53 24
52 2
9 48
3 2
57 73
50 53
24 19
39 50
74 35
70 52
27 1
33 50
59 43
72 58
35 9
65 71
21 58
62 43
1 15
46 47
32 28
9 26
38 34
49 18
63 44
74 3
67 16
27 40
32 53
30 70
76 58
15 17
7 31
46 36
72 9
54 23
2 8
19 67
31 26
20 71
22 62
9 18
11 73
13 59
30 76
54 20
50 31
75 32
40 2
6 43
52 9
68 38
40 31
49 33
8 16
75 55
38 49
60 68
8 74
76 31
34 66
23 26
55 70
72 7
50 1
43 75
30 53
37 57
5 74
63 65
40 64
13 68
76 56
31 60
34 39
50 25
56 22
63 15
76 42
14 8
8 63
70 7
17 76
57 2
7 6
58 23
3 67
72 66
49 31
16 37
59 62
5 7
68 76
13 57
30 75
68 28
35 53
52 15
9 19
65 38
73 19
30 55
18 2
32 64
30 34
45 10
38 73
47 28
42 47
37 21
45 62
36 38
15 44
36 33
32 10
6 59
20 2
44 35
20 34
55 49
17 70
11 38
9 21
17 40
49 67
74 55
76 8
42 12
13 40
10 8
34 32
61 31
16 15
51 49
61 32
7 63
43 20
55 22
42 22
48 47
24 20
27 45
59 64
19 25
10 42
7 61
63 26
17 18
52 64
45 21
20 30
69 74
65 24
7 3
14 76
32 35
6 47
51 23
64 33
18 11
6 37
42 29
18 61
54 14
57 65
45 71
37 48
19 70
7 42
56 58
19 53
37 20
31 33
1 61
61 66
9 33
32 4
4 63
9 2
59 16
71 68
15 31
46 72
21 62
69 44
45 6
59 48
9 11
34 19
28 7
20 15
65 37
10 44
1 47
67 33
24 1
49 11
19 48
50 38
1 48
69 76
25 73
39 31
62 49
6 74
45 19
43 58
49 34
28 20
27 72
15 61
74 68
18 33
68 41
60 14
39 71
74 30
37 8
71 66
42 39
43 56
68 65
50 15
37 3
19 71
7 21
53 51
42 36
19 22
33 58
45 32
18 56
41 75
51 26
76 46
34 22
30 26
8 65
11 72
25 74
42 31
28 72
58 41
13 43
57 34
64 67
36 32
14 68
67 75
17 44
46 45
26 35
45 36
13 30
35 48
22 75
23 17
10 50
64 72
75 8
47 65
21 74
38 57
32 12
56 73
45 31
58 67
64 74
69 68
36 63
57 8
74 15
24 58
59 17
53 5
17 32
61 72
32 63
33 37
43 51
76 40
57 41
74 20
22 37
46 8
42 11
59 31
23 53
25 6
60 73
21 66
51 15
9 71
37 30
72 45
63 17
28 8
21 38
45 61
29 9
26 54
43 52
29 39
25 75
31 43
16 11
22 67
5 76
24 49
60 66
58 61
13 44
7 2
52 11
32 33
41 31
50 30
24 50
55 63
2 75
60 46
70 57
11 23
23 1
16 72
2 41
38 7
1 33
52 60
15 32
67 14
35 15
62 36
38 61
21 64
28 76
26 16
62 66
57 33
56 23
58 13
28 15
51 39
18 50
34 62
9 10
11 68
72 48
68 33
70 33
63 66
28 55
70 62
57 21
10 28
54 46
28 74
43 41
28 64
72 65
57 63
34 54
7 69
30 52
32 66
64 24
44 42
64 66
74 70
49 76
42 4
74 11
27 15
38 12
41 16
40 37
73 39
27 14
15 62
5 6
50 47
43 8
25 18
71 59
50 71
9 58
55 1
63 12
43 35
74 22
25 10
37 73
59 39
8 62
21 17
7 73
12 34
16 13
75 72
16 4
3 23
6 51
55 46
44 19
35 46
26 60
68 67
31 19
36 43
6 65
62 40
33 62
46 33
44 62
48 73
66 70
48 12
58 10
5 72
70 13
64 44
3 12
61 2
66 33
52 27
36 71
23 37
57 1
5 31
51 50
7 13
28 14
41 33
22 69
8 56
13 32
35 66
37 25
9 41
41 45
47 13
58 16
46 7
42 43
60 56
66 4
26 38
65 60
66 22
65 45
14 16
4 26
45 76
16 63
75 9
57 56
14 35
9 47
26 53
8 51
69 63
30 72
17 56
43 38
60 18
52 71
33 17
1 6
75 1
66 19
46 23
31 63
5 41
22 32
48 74
13 71
68 15
44 37
16 38
42 34
67 6
33 76
43 76
8 42
27 71
37 52
62 30
45 75
35 33
28 36
25 48
19 63
30 5
40 28
5 11
16 21
30 40
72 22
45 43
34 1
27 20
62 54
38 5
36 40
67 8
27 48
45 56
51 75
37 4
57 68
30 42
23 6
41 49
39 15
48 42
55 72
24 52
63 40
56 30
10 3
68 19
71 62
24 38
15 29
33 26
17 61
35 16
18 68
12 18
15 37
21 63
44 74
1 68
62 26
41 22
49 47
24 3
40 56
6 2
12 16
60 75
4 69
7 66
30 61
39 21
26 67
24 12
51 28
69 10
23 13
26 58
19 17
13 73
53 74
41 74
33 48
20 62
76 13
60 23
27 62
44 65
69 45
45 49
39 61
65 76
19 42
16 54
36 20
29 20
42 45
45 4
40 51
23 74
15 47
42 27
33 51
38 62
72 26
33 24
32 74
46 71
75 38
2 60
34 16
47 66
71 2
40 74
68 56
17 53
3 66
24 17
48 22
45 64
36 58
38 15
44 29
17 58
58 40
3 58
17 62
46 56
15 23
17 5
43 23
25 21
39 56
9 74
18 13
68 4
27 35
18 3
16 5
71 15
49 1
11 26
67 53
63 6
12 30
45 57
21 6
54 72
27 11
61 34
31 30
25 7
55 13
21 27
36 60
39 37
37 47
43 65
71 49
59 21
55 16
18 35
32 43
36 51
41 38
54 60
37 59
68 59
69 49
38 29
68 32
67 48
25 63
39 53
1 30
18 40
11 21
28 54
25 24
25 27
31 53
70 1
43 2
47 24
8 29
75 65
71 26
2 10
45 38
12 64
53 38
63 74
9 49
12 76
11 67
48 52
24 59
19 50
61 37
43 67
27 32
63 39
34 27
17 74
10 68
26 74
22 5
54 66
23 32
55 29
51 69
67 38
24 6
37 74
67 34
4 52
23 5
72 51
29 23
16 65
55 54
55 60
22 65
34 68
4 30
7 57
8 15
65 56
26 55
61 47
73 9
56 11
20 69
63 23
53 21
29 33
47 10
5 71
17 31
50 22
38 72
61 46
30 46
34 7
35 42
68 26
28 69
2 42
9 22
66 27
15 45
43 40
46 39
33 23
50 68
71 57
27 37
6 66
75 64
25 38
38 1
54 61
39 13
67 21
45 37
43 72
71 7
16 39
63 20
70 3
17 38
46 73
4 50
61 12
19 10
38 64
17 16
5 2
24 56
5 45
19 62
60 19
20 42
39 38
65 19
44 36
63 51
12 17
56 62
54 64
25 72
22 73
43 5
70 31
25 65
72 34
37 42
15 12
73 42
39 22
67 45
49 22
35 68
19 75
39 35
38 20
42 18
9 66
72 12
44 7
13 60
22 68
57 43
61 4
7 68
35 76
52 29
19 36
76 32
12 14
15 49
55 18
31 74
37 29
23 30
64 56
54 45
35 51
53 75
41 65
35 24
66 65
1 9
71 17
31 46
76 16
50 64
28 16
7 26
15 34
8 58
56 72
53 36
61 60
5 40
51 42
8 48
34 53
8 71
48 57
31 1
22 45
64 23
44 5
16 1
64 49
19 56
76 20
9 17
29 3
10 38
17 22
75 26
53 40
29 64
44 57
31 67
59 51
3 35
66 29
36 50
1 42
48 34
26 39
37 7
45 63
1 12
41 40
5 19
69 14
57 30
63 42
50 70
62 9
23 50
29 31
45 18
43 74
19 33
4 34
50 26
37 10
71 53
35 7
25 52
46 22
52 8
7 17
3 53
41 13
55 43
41 8
11 22
56 59
33 10
57 66
36 3
9 14
11 15
20 45
42 68
3 43
67 76
17 57
6 75
54 10
44 49
62 52
13 46
25 51
3 49
47 4
67 10
8 12
40 15
44 60
9 50
21 73
42 58
60 76
42 16
14 24
45 33
44 22
16 33
34 41
52 34
56 63
5 69
20 68
2 67
55 68
13 42
73 44
71 30
26 8
41 21
15 3
20 47
5 8
39 8
75 66
20 40
19 26
10 29
15 46
55 8
5 34
45 17
73 74
7 45
20 41
43 21
66 41
50 20
61 9
1 71
76 2
27 54
14 22
63 73
28 60
24 75
55 5
3 20
37 53
19 51
49 30
41 54
54 15
40 21
34 59
41 23
56 52
34 11
51 7
14 13
36 14
67 41
56 47
1 58
63 59
33 56
40 49
44 31
30 21
33 71
59 49
10 14
47 33
23 67
50 66
45 53
7 30
31 27
68 27
28 25
76 63
57 47
74 24
36 11
70 63
36 31
34 26
11 58
26 59
52 75
30 16
34 43
54 36
3 22
76 15
18 26
2 25
71 16
58 65
23 19
43 15
66 11
57 19
65 73
52 74
4 41
17 26
23 62
13 20
56 35
37 18
34 2
46 67
59 5
44 67
42 52
71 31
45 3
19 46
75 70
59 25
31 13
70 34
8 60
30 2
47 58
76 26
31 4
25 26
10 55
35 13
16 53
40 34
42 46
2 4
41 70
72 68
65 54
35 11
8 30
49 73
49 74
36 18
21 48
51 54
26 2
10 35
56 13
27 38
18 44
72 3
55 66
6 52
35 47
24 71
44 4
29 19
69 71
37 76
72 62
57 12
13 28
7 74
35 36
75 27
58 39
25 15
30 43
27 56
7 50
26 14
25 62
3 25
20 12
69 31
26 69
20 11
56 16
9 15
6 38
2 29
4 38
30 73
42 74
1 2
9 12
14 74
18 23
14 3
35 21
73 69
14 62
17 4
61 49
52 22
64 37
32 20
27 67
15 56
43 33
43 44
2 50
55 76
28 3
30 60
43 37
33 4
31 52
11 54
54 63
46 2
57 67
68 45
48 15
39 2
47 19
36 48
70 67
53 55
4 36
27 23
40 9
41 10
56 66
74 58
54 33
36 29
58 15
54 52
53 25
65 55
31 38
9 25
13 45
48 66
60 72
24 54
42 6
30 6
22 20
32 1
66 44
39 28
10 62
11 37
71 60
7 22
54 42
28 58
51 48
43 17
51 17
4 29
74 47
6 28
70 15
5 48
20 18
3 75
21 1
76 21
53 58
69 35
76 19
23 73
29 53
72 67
69 29
1 13
60 22
67 59
52 40
13 50
35 40
1 26
70 42
40 60
40 65
18 16
27 50
66 17
52 47
4 25
33 12
41 6
34 71
41 50
62 53
70 54
38 52
37 60
6 46
32 39
27 24
28 63
16 61
6 8
74 65
7 67
40 38
53 11
75 23
9 24
27 63
45 58
57 72
39 25
75 17
52 41
70 32
69 17
23 20
73 10
49 29
57 15
50 37
3 54
45 11
61 53
58 19
74 59
60 10
52 68
26 41
20 31
57 62
38 8
68 75
41 69
2 33
60 17
28 43
26 22
54 44
47 21
35 20
21 71
62 39
36 55
31 47
63 35
27 76
37 38
49 2
56 61
66 16
44 75
42 14
19 59
15 18
3 56
58 49
23 4
67 30
65 27
41 53
75 10
50 49
6 48
43 54
18 21
28 37
24 7
59 23
74 10
65 33
61 51
47 68
11 8
28 27
9 57
65 31
33 63
14 46
55 57
67 17
71 64
7 10
69 47
63 43
57 11
3 26
38 66
71 29
61 55
15 72
55 47
49 52
28 38
60 43
32 51
58 14
64 35
39 45
8 7
11 10
49 43
23 68
36 61
56 44
4 51
20 46
17 52
73 28
42 32
6 20
22 61
43 68
40 14
72 69
60 74
52 73
45 50
29 18
24 36
24 30
24 40
30 41
36 56
45 59
54 35
69 46
31 56
34 73
22 63
53 6
66 36
49 5
27 39
3 8
50 44
70 27
42 33
35 8
57 5
74 54
64 26
50 56
2 27
2 15
49 23
2 45
59 14
3 55
42 61
4 14
69 57
55 23
43 22
6 57
28 19
23 36
76 70
35 2
9 3
48 41
52 44
43 7
39 11
49 16
9 8
36 65
37 32
45 60
4 62
70 18
4 58
65 49
68 70
32 14
54 29
21 56
30 59
8 20
41 76
36 57
26 46
58 59
48 26
18 47
22 12
54 50
10 13
30 3
64 42
37 41
41 56
4 40
23 39
38 74
72 19
66 24
20 5
18 59
40 32
48 2
40 71
43 64
44 39
17 47
2 62
6 54
28 45
47 34
45 9
15 42
13 48
20 53
25 16
11 40
74 57
18 52
5 14
45 25
18 27
32 41
1 60
4 67
36 75
45 40
7 41
22 25
6 9
36 21
55 9
11 6
35 73
4 11
53 14
70 35
75 62
45 34
21 52
75 50
46 1
73 24
16 43
19 1
54 75
73 40
14 75
76 48
4 48
23 28
20 44
68 48
63 49
3 16
21 14
29 30
49 28
47 29
9 37
60 5
68 37
62 11
57 28
9 13
21 72
14 15
51 20
31 37
41 47
12 29
65 50
23 2
10 71
31 32
32 60
21 46
52 5
52 39
69 34
55 19
74 29
49 42
42 60
9 16
59 20
71 70
17 42
13 11
3 39
34 50
41 19
52 69
49 20
3 46
18 1
68 25
7 62
48 71
38 69
55 38
56 12
64 16
27 26
2 22
16 40
61 35
72 23
10 56
57 31
33 8
44 28
64 25
51 71
5 39
74 61
52 53
56 67
37 55
5 58
72 70
34 13
54 5
9 23
18 48
50 35
75 47
73 2
19 52
21 8
61 19
39 54
41 3
29 62
64 41
70 12
4 53
52 33
32 47
3 73
35 34
44 76
73 66
61 52
12 31
62 60
47 76
64 9
5 29
22 36
46 58
24 31
23 47
52 28
70 49
36 76
57 75
37 69
68 21
45 24
37 1
58 25
10 27
56 32
6 16
21 54
7 55
45 29
52 23
53 73
5 51
60 11
12 45
46 63
41 12
9 60
21 60
25 43
1 72
72 63
18 22
69 48
19 16
74 46
8 23
46 24
1 74
65 14
76 3
2 13
51 2
44 14
1 51
39 75
44 24
67 69
37 75
32 58
25 71
51 18
14 33
3 19
23 70
54 58
46 10
48 11
14 39
54 73
19 7
52 50
14 41
71 41
46 75
1 52
69 24
51 14
43 26
76 22
38 76
26 57
12 71
47 11
9 39
7 18
35 71
40 72
52 46
17 11
14 25
4 73
69 21
11 12
73 59
53 56
15 6
74 45
26 28
14 31
11 76
70 11
22 53
32 38
73 20
12 67
9 4
23 48
72 8
41 60
18 74
60 16
38 48
2 47
76 1
12 35
61 44
66 52
55 69
62 67
3 61
27 19
34 6
70 14
10 63
16 24
31 55
23 76
39 41
35 37
61 11
73 17
67 29
53 42
40 44
76 9
5 35
51 62
34 14
29 24
25 67
65 4
32 57
31 23
40 69
5 21
39 72
57 23
2 66
19 39
37 12
16 2
58 22
19 40
37 54
31 48
70 20
62 68
59 38
65 10
19 15
71 38
71 14
72 2
31 68
55 4
64 39
15 64
60 38
8 24
66 20
46 66
43 14
59 27
6 22
27 9
51 46
42 62
27 29
6 73
21 34
53 69
51 57
48 65
5 65
65 28
33 6
22 33
64 58
35 65
12 68
30 39
25 42
28 59
12 54
43 47
50 57
61 41
7 49
48 70
51 60
39 55
41 27
65 52
58 71
57 35
53 7
39 66
73 70
51 68
2 44
59 4
67 60
61 29
2 53
50 61
18 65
20 58
64 10
18 57
4 1
58 75
