76 2000
69 75
66 38
62 64
47 14
52 73
7 4
52 62
40 16
71 29
51 20
33 72
61 29
61 19
66 39
74 12
10 35
28 48
7 65
40 59
43 46
46 68
69 16
19 24
60 4
28 65
71 31
61 60
73 10
76 41
17 64
18 13
9 20
32 40
15 25
76 45
74 73
76 54
67 49
55 24
54 50
70 55
25 66
13 32
10 76
24 39
49 59
43 6
51 62
22 13
25 57
67 53
75 27
56 30
74 38
59 47
69 8
66 18
24 28
20 63
25 72
42 73
70 32
31 30
63 3
4 67
71 63
49 5
23 27
74 33
2 53
22 75
53 61
35 22
10 61
23 52
35 20
43 10
49 18
48 34
18 63
59 46
31 66
60 13
55 8
17 1
25 75
63 7
51 13
66 69
18 59
44 48
28 29
35 17
45 19
57 2
32 26
10 26
13 24
37 16
75 64
33 57
55 13
67 62
42 46
52 25
5 10
69 64
18 39
2 43
42 5
62 32
71 72
18 67
33 47
15 38
51 18
65 72
11 76
29 60
13 67
73 65
21 60
68 57
32 45
69 48
68 25
25 21
21 13
71 34
54 41
62 39
30 40
45 5
52 17
31 74
38 9
7 25
53 15
53 26
22 56
9 19
19 66
31 19
54 24
59 32
43 68
52 6
37 29
26 22
8 46
66 6
23 57
32 69
32 63
52 2
75 47
24 66
13 65
26 57
31 22
15 51
49 55
21 70
13 36
7 60
23 33
50 38
18 34
4 52
52 58
9 76
7 15
45 6
4 16
76 73
5 56
12 42
62 29
2 24
37 15
74 26
10 34
60 31
45 54
57 22
46 3
29 19
62 49
9 70
35 75
49 66
44 68
10 71
3 1
68 12
28 38
24 4
76 71
32 10
4 11
69 41
19 74
31 38
19 42
37 10
51 65
68 27
9 37
42 58
68 40
56 19
16 56
73 22
4 45
7 12
48 32
26 3
60 65
6 4
27 42
56 32
75 23
67 45
9 48
46 33
26 42
35 1
76 75
52 30
66 27
18 24
4 71
9 58
65 11
55 34
66 3
3 72
35 36
62 5
13 71
50 6
13 8
44 27
31 12
29 16
40 14
74 20
49 50
59 2
58 12
58 36
39 57
4 54
41 56
29 67
38 68
16 2
55 25
73 34
71 1
58 15
23 6
24 60
24 3
43 32
19 28
57 65
40 45
41 7
42 9
60 16
71 30
69 50
6 72
17 60
47 71
72 21
45 62
48 33
23 71
15 46
76 3
7 31
61 36
72 52
2 71
59 27
47 4
26 64
62 37
11 46
11 14
15 75
10 64
27 41
52 9
67 21
1 13
41 40
48 29
30 42
40 57
73 46
46 27
32 66
72 17
9 65
56 62
31 18
27 24
3 64
15 35
38 37
5 65
46 71
3 22
46 64
49 51
23 17
34 29
76 21
43 24
12 29
25 40
34 20
74 36
41 16
11 30
25 34
12 23
18 60
27 22
11 3
58 6
32 61
71 69
47 27
70 5
67 40
38 3
17 13
20 24
50 26
70 42
4 76
14 62
34 26
5 15
47 31
20 13
7 30
9 51
2 30
72 7
28 11
15 69
46 13
10 7
7 57
47 12
66 23
18 2
53 25
44 64
55 61
50 7
9 54
39 58
11 62
32 44
51 60
3 16
68 72
55 2
28 67
9 31
64 21
3 21
59 16
23 38
63 14
69 29
14 1
58 33
33 3
74 6
43 33
10 17
75 60
25 3
69 44
36 52
65 70
71 41
8 57
62 31
37 54
7 53
58 51
50 63
24 69
46 49
59 55
33 50
56 1
70 51
57 13
36 29
37 24
60 30
11 22
58 75
42 15
17 6
13 5
12 54
55 41
64 35
63 33
45 59
8 48
61 2
3 73
43 69
11 58
32 24
72 57
1 64
62 22
71 50
16 1
12 27
15 23
8 2
57 30
23 60
7 58
60 1
50 27
70 19
42 2
35 40
21 57
41 58
32 73
2 34
26 40
56 43
3 58
24 59
21 15
27 20
26 56
16 48
7 62
8 18
24 8
52 35
18 41
39 72
8 34
3 6
71 68
14 34
67 25
3 34
29 55
5 25
58 67
2 72
76 58
12 56
55 17
25 56
9 68
42 49
12 57
21 55
21 8
64 12
13 75
22 70
23 25
25 44
46 54
29 25
17 67
21 71
28 27
24 30
33 60
22 1
21 49
45 73
43 16
2 17
66 63
49 41
41 44
40 62
55 35
38 72
34 11
38 25
75 19
47 29
10 18
42 56
25 16
33 35
31 35
53 13
22 33
63 19
15 31
9 55
75 54
17 36
12 52
14 7
27 3
7 39
48 22
10 56
3 60
53 72
16 22
33 75
70 44
53 29
56 72
37 14
54 48
74 44
5 63
71 24
45 23
25 10
45 9
35 27
55 75
1 2
10 57
28 64
51 11
65 15
9 22
36 50
14 52
44 39
47 16
36 38
11 55
21 52
73 29
39 69
60 43
39 31
57 5
23 18
9 67
8 39
43 63
13 61
25 48
13 9
55 71
4 41
12 3
15 41
51 26
73 8
11 18
15 34
6 63
34 13
13 62
75 44
58 29
18 44
74 71
66 70
55 20
48 15
2 25
14 71
11 61
73 53
36 5
46 70
55 46
18 64
47 6
21 43
3 59
50 59
29 51
22 8
7 34
11 48
15 74
4 31
53 59
38 62
44 14
34 51
72 47
58 54
43 12
76 6
73 64
36 40
55 73
19 1
33 9
15 50
10 66
29 38
55 60
11 70
26 4
12 37
66 52
14 61
42 22
59 33
31 51
29 21
36 33
25 24
69 57
46 30
67 64
8 60
20 31
76 31
32 29
48 74
49 25
44 22
59 52
38 2
53 36
40 18
72 30
36 9
51 46
23 19
73 5
67 46
40 31
73 26
5 60
56 71
16 54
8 40
21 38
23 56
54 10
64 25
39 75
7 67
4 36
40 12
68 28
3 31
53 51
46 75
6 51
61 41
36 43
38 75
20 39
51 45
24 11
59 74
68 48
17 45
72 12
75 57
73 59
26 45
18 47
2 56
74 67
30 43
37 75
29 63
76 55
40 2
22 67
57 34
35 8
40 53
42 41
34 1
53 69
17 14
40 38
15 68
50 67
39 46
73 38
55 48
67 69
3 2
47 11
68 75
71 66
60 28
7 35
8 43
70 4
25 54
36 21
23 36
24 40
63 55
72 27
1 40
34 66
71 15
31 17
10 50
24 10
29 46
65 8
27 69
37 27
20 21
65 71
46 41
34 47
76 52
23 69
49 48
53 31
38 49
69 54
16 61
38 7
55 44
1 44
42 64
75 1
4 17
23 28
41 35
27 45
36 2
46 1
41 70
16 36
14 23
71 35
49 8
37 66
71 22
21 54
57 71
59 54
73 25
36 47
66 44
61 23
34 35
4 62
20 59
65 63
55 45
51 44
55 22
41 3
17 71
12 38
22 51
16 5
17 46
40 71
65 26
61 15
63 34
68 6
64 55
60 40
1 32
67 39
64 65
65 18
33 15
20 14
38 44
75 12
22 63
34 59
62 47
53 21
55 65
36 22
31 59
18 12
38 70
16 57
41 9
50 41
21 24
41 53
60 49
10 48
15 26
61 52
6 75
11 17
36 72
37 26
16 19
19 46
39 48
74 4
3 18
69 51
69 70
53 66
8 31
34 64
56 54
17 47
15 3
12 11
57 73
67 52
67 15
11 73
33 53
13 4
39 68
48 3
35 65
19 18
23 10
67 27
53 43
37 17
72 74
56 47
12 33
42 33
33 67
58 68
65 50
34 45
65 20
58 4
17 12
13 14
25 27
58 40
18 1
40 39
76 29
9 15
32 14
4 75
50 45
46 52
1 70
68 23
43 41
36 66
4 46
69 6
17 58
25 26
33 68
56 45
34 74
68 18
36 28
40 72
24 72
73 49
71 61
46 47
64 14
45 13
1 65
45 61
39 36
37 64
9 49
72 62
37 3
68 45
70 20
63 62
21 34
33 61
65 38
74 39
60 32
36 27
50 76
51 8
14 53
34 37
33 39
29 56
49 56
44 52
12 10
17 28
23 9
1 76
71 32
6 34
35 9
44 40
29 15
47 50
29 66
39 65
70 8
30 10
16 12
4 53
27 56
54 34
39 19
3 51
24 1
6 5
60 36
72 19
40 73
60 19
65 17
74 41
57 42
41 26
17 24
60 9
13 50
26 49
29 41
60 59
1 27
25 41
49 58
1 66
4 30
8 16
2 58
36 8
73 4
43 31
70 68
56 68
26 23
5 41
6 11
50 2
2 60
70 14
20 44
72 22
58 22
61 22
4 69
44 56
5 61
37 72
65 4
62 53
16 7
63 58
11 27
5 32
12 15
4 18
33 52
39 59
64 66
76 65
42 71
15 59
53 22
64 2
58 14
4 37
36 18
58 64
8 62
38 34
39 38
10 8
76 74
9 47
75 34
74 40
15 66
8 54
71 39
58 5
53 19
73 31
19 76
57 45
67 63
3 54
61 69
4 21
56 48
2 27
9 34
19 69
10 19
3 40
20 16
28 30
64 68
53 10
48 31
39 32
22 49
18 55
13 54
8 37
48 37
9 32
9 7
36 76
5 53
34 72
28 52
39 51
10 42
32 42
18 56
8 47
68 35
7 40
28 58
10 28
71 45
70 23
63 12
9 75
38 11
16 13
12 28
19 59
64 9
68 42
19 41
53 17
60 11
41 51
74 27
35 51
45 31
50 28
14 56
64 76
27 31
56 57
67 35
69 76
19 13
65 23
69 17
54 22
11 44
15 17
28 70
17 8
13 49
50 31
34 68
40 47
76 28
26 30
48 60
58 30
63 44
6 54
47 13
50 32
25 71
12 9
1 49
65 47
59 67
3 71
18 38
66 68
56 69
17 44
46 2
20 48
40 15
17 39
74 55
39 2
16 76
40 9
3 9
4 49
7 75
38 51
17 38
18 42
62 58
40 63
50 40
20 23
19 12
33 56
38 33
27 26
22 10
76 48
49 64
64 31
21 75
38 45
57 60
72 50
26 54
33 66
15 18
19 71
48 41
54 40
29 75
50 8
41 11
55 31
53 30
7 21
56 17
30 37
11 54
64 11
66 59
40 69
8 19
17 3
73 62
12 66
55 28
73 23
36 42
34 62
72 63
45 36
70 30
50 46
68 53
15 73
46 76
48 1
42 43
35 62
70 24
44 61
71 33
28 47
21 10
48 75
8 44
74 29
72 32
38 1
69 65
56 38
11 75
58 25
24 68
44 28
14 16
46 5
4 66
26 48
52 64
16 64
57 20
35 69
57 63
14 19
34 22
23 46
23 30
48 18
76 14
16 55
24 35
41 68
18 32
69 62
67 8
71 20
6 60
16 17
33 40
42 28
39 16
33 14
60 10
60 70
38 60
76 66
32 54
70 74
18 6
61 73
49 44
23 63
1 15
8 14
76 42
7 29
35 32
48 23
12 21
14 66
40 48
55 42
18 71
8 23
38 76
75 16
71 8
19 32
45 48
71 37
49 70
27 51
31 34
66 48
51 5
41 23
31 5
76 35
69 73
66 72
23 72
16 23
8 61
61 31
39 9
35 61
4 72
38 35
68 19
3 56
30 34
50 66
59 11
51 71
64 43
42 63
40 19
67 16
76 70
56 64
43 35
68 37
24 9
14 36
11 43
8 45
11 33
25 39
43 70
10 74
37 58
68 30
27 65
10 36
56 59
74 7
33 70
51 55
2 32
42 35
38 41
45 39
11 5
67 73
53 12
35 57
27 57
70 12
33 8
9 30
71 70
37 47
51 36
52 47
74 16
49 69
25 9
35 72
28 9
26 67
33 21
39 14
19 52
17 5
16 50
16 65
49 74
74 2
53 35
26 47
12 20
25 45
62 16
72 76
16 34
57 64
22 17
76 22
30 54
27 61
45 64
30 27
6 10
69 10
31 42
40 64
16 31
42 74
63 10
13 69
11 39
74 45
47 3
70 72
71 16
45 37
33 54
73 56
32 7
16 32
57 74
64 72
36 63
28 53
63 51
29 39
47 22
75 31
54 28
8 76
1 63
35 54
74 61
47 53
12 25
7 71
47 55
64 61
18 16
2 62
9 21
70 52
6 73
69 7
6 49
31 32
73 51
56 75
62 24
63 13
13 41
16 73
9 72
60 68
22 41
1 47
28 32
52 69
25 62
6 28
48 17
69 36
21 11
18 22
1 51
36 55
62 55
47 10
36 32
56 15
44 60
53 48
23 39
48 61
34 49
71 59
68 51
23 32
30 6
14 65
27 14
44 47
41 47
28 43
28 37
41 62
51 59
57 62
39 12
42 47
35 13
74 68
33 2
51 30
7 55
76 20
36 37
58 32
1 7
48 70
16 9
15 14
66 22
66 8
24 14
9 53
41 34
6 37
37 35
50 48
29 9
20 37
45 75
48 71
32 4
47 58
32 46
60 37
72 10
49 16
59 65
59 25
48 51
46 62
8 75
67 11
53 49
73 1
17 62
72 51
11 20
27 64
63 31
27 6
38 19
48 2
23 50
54 66
10 65
5 59
41 66
22 21
73 50
7 42
74 23
8 5
15 63
30 21
13 39
66 17
10 44
14 12
1 72
56 63
31 11
25 28
54 1
7 37
55 40
42 29
58 45
52 60
18 46
26 43
3 69
4 68
55 14
38 4
69 34
60 64
33 55
52 29
21 74
57 51
57 61
58 24
6 70
58 57
27 53
76 17
24 65
34 17
47 45
1 43
16 53
31 65
64 54
57 6
29 18
72 14
22 50
75 2
55 43
72 75
55 26
44 19
25 14
75 71
61 17
13 3
8 29
42 8
19 47
73 19
68 11
58 73
57 29
2 49
40 52
44 35
19 64
62 60
56 58
74 50
37 59
1 8
50 61
36 73
46 65
15 30
36 3
21 16
44 72
62 59
25 11
58 44
70 17
38 30
48 38
49 7
20 58
52 74
37 32
43 25
36 65
42 11
25 50
52 32
66 42
19 43
72 45
14 74
27 58
73 20
75 36
18 58
8 32
75 63
45 70
20 42
39 49
4 1
56 52
70 36
71 36
68 49
36 48
10 14
5 29
69 11
31 36
1 41
2 11
34 23
10 46
10 70
27 21
33 64
61 68
72 46
58 72
11 71
33 29
22 4
37 51
58 43
39 56
42 23
46 7
69 25
9 14
43 75
15 54
14 31
29 70
42 44
18 7
46 24
65 54
43 20
53 76
21 14
30 48
69 74
13 72
43 73
2 12
69 31
66 58
33 49
9 63
67 37
1 52
24 74
27 52
60 35
20 62
12 44
52 53
39 50
19 48
46 14
10 31
27 60
5 24
14 60
51 61
74 9
15 57
37 5
2 20
33 7
48 27
33 27
26 62
49 23
8 3
16 10
75 49
28 69
18 27
35 19
66 51
14 69
38 42
74 32
23 13
18 53
12 4
42 39
58 48
63 48
7 3
65 32
16 51
75 41
4 51
72 60
52 10
63 25
70 39
56 76
17 49
16 38
3 42
12 36
1 62
18 33
52 50
13 48
53 71
47 38
10 55
8 26
1 67
30 14
42 75
44 76
6 33
16 24
1 74
2 70
13 58
2 35
71 6
74 22
46 31
52 51
31 58
3 10
76 59
8 68
68 3
5 38
17 20
46 40
49 65
58 70
1 26
19 49
5 75
30 16
60 67
9 56
53 1
17 18
45 14
54 47
38 10
13 66
2 7
48 64
26 38
9 2
21 73
63 70
25 22
5 19
40 66
66 45
50 64
21 65
35 16
41 17
13 15
71 44
43 61
23 59
61 58
32 27
24 7
68 59
49 37
5 21
76 27
41 36
28 59
42 65
19 3
68 50
4 57
44 23
10 13
68 36
3 4
50 20
55 53
37 41
64 29
28 16
5 43
29 35
49 28
20 45
73 48
15 45
37 22
39 35
47 20
3 29
59 10
29 17
62 42
21 32
41 45
66 75
7 20
62 19
52 49
27 17
38 54
38 20
56 31
7 56
51 10
21 66
59 41
20 61
44 36
6 29
47 73
40 21
31 54
57 55
31 41
11 23
20 75
3 28
67 43
31 68
62 27
53 70
17 54
33 24
6 36
65 56
51 14
56 53
13 68
27 38
57 59
3 75
57 47
40 17
61 4
38 58
63 41
54 49
50 30
21 23
8 74
42 60
60 20
11 9
66 16
1 31
44 7
76 34
26 24
10 27
41 73
72 42
17 63
17 33
3 30
5 54
54 67
11 1
47 51
73 33
52 43
35 70
17 68
70 56
17 73
50 34
35 63
43 40
70 3
9 27
40 61
12 13
44 37
8 63
68 55
50 17
2 26
12 65
7 22
34 58
70 50
56 40
62 66
9 57
22 12
27 15
1 21
18 28
56 34
70 27
76 61
33 76
50 51
4 43
15 39
57 49
37 1
52 39
54 43
37 33
28 39
64 36
18 75
24 42
18 9
46 25
59 7
62 28
60 15
51 74
30 63
4 5
11 57
14 5
55 4
63 49
46 36
26 19
29 50
23 76
47 7
37 50
64 53
74 58
7 13
7 73
25 31
36 11
16 27
2 45
52 37
7 43
29 44
62 43
42 40
17 59
48 65
36 56
57 28
59 13
20 8
70 37
49 30
65 43
54 7
28 22
28 66
72 41
14 28
41 39
47 25
50 56
9 69
25 37
55 38
52 45
16 72
37 76
71 64
21 37
45 22
25 60
25 70
37 57
58 26
76 43
2 65
21 61
26 59
66 9
73 68
15 70
43 3
69 21
22 64
47 48
67 61
75 74
59 42
41 67
28 72
9 61
32 55
42 45
11 40
29 31
54 57
39 64
24 67
44 57
1 23
2 67
19 57
53 34
36 54
75 67
30 17
31 28
55 37
24 56
75 51
54 61
59 4
64 5
71 5
7 6
40 65
14 43
39 43
51 19
26 29
35 74
26 33
35 25
2 23
