76 2000
61 5
33 35
68 41
57 58
16 45
23 37
26 24
54 17
34 38
62 55
56 53
63 55
61 13
5 24
8 56
74 29
41 3
6 29
71 22
72 52
56 25
71 36
66 49
48 45
58 49
16 33
3 39
13 28
13 51
52 5
59 34
26 3
23 11
44 69
49 61
59 41
57 65
20 40
8 28
10 28
23 43
51 25
67 25
61 63
10 61
24 40
3 76
74 28
19 9
9 10
68 74
58 33
19 22
66 20
75 24
75 23
14 47
59 30
65 45
63 42
72 37
29 61
45 62
47 44
32 13
51 43
7 24
31 50
21 49
19 42
74 75
20 64
57 24
75 64
36 31
36 59
5 56
7 44
64 46
64 57
2 74
54 41
57 2
10 74
6 67
9 49
11 15
45 52
32 12
75 39
23 16
6 48
73 8
73 63
61 31
1 17
70 40
17 58
61 19
71 43
29 18
37 26
24 36
71 72
29 3
36 56
58 7
12 25
3 25
72 24
11 45
39 21
30 28
73 67
56 41
2 51
51 73
55 46
35 29
44 31
58 75
56 10
74 59
27 36
31 34
57 66
12 26
75 72
22 39
23 32
1 33
65 6
47 54
55 65
15 3
59 71
41 58
29 33
55 8
74 51
15 21
2 15
38 39
7 35
42 13
50 48
60 70
8 47
51 44
2 1
43 27
52 68
50 34
22 37
73 7
28 69
31 45
18 61
19 59
72 28
34 3
11 76
66 58
31 29
66 14
7 51
20 39
48 57
32 75
48 52
16 30
25 35
4 63
7 31
16 44
13 16
4 55
57 76
46 41
23 14
7 22
20 58
52 63
29 12
6 62
66 9
69 48
47 43
20 73
52 47
7 60
65 75
54 75
28 43
43 50
76 63
20 33
34 12
58 68
66 71
49 59
41 14
53 39
29 70
12 46
20 1
16 67
16 5
14 44
75 38
53 58
42 72
38 3
22 29
71 38
22 40
42 17
71 56
54 59
69 37
31 69
54 25
59 23
15 38
7 40
72 8
30 75
35 56
76 21
58 73
72 16
8 13
17 47
22 10
64 74
2 65
23 33
50 25
58 55
64 8
61 4
54 9
32 18
3 74
69 60
34 20
13 74
74 60
68 31
35 64
53 42
49 32
53 11
54 10
68 39
75 11
48 58
63 64
71 51
1 42
29 26
24 14
68 26
13 19
19 64
71 47
60 20
15 18
39 63
58 52
11 26
43 49
31 51
28 40
72 12
2 12
15 60
41 53
47 11
60 42
59 5
43 39
47 64
43 60
19 35
7 38
65 17
36 20
62 68
13 14
66 12
67 34
63 56
37 33
38 20
76 51
56 34
4 59
69 5
10 57
36 18
18 12
19 66
9 70
46 30
33 7
9 46
71 69
45 37
16 75
59 15
62 22
22 65
58 15
44 4
40 39
31 55
39 56
42 52
50 75
18 54
62 50
46 52
58 21
35 60
72 1
43 63
53 3
45 32
54 70
73 36
68 36
65 8
40 61
6 58
26 36
19 38
26 32
15 22
13 67
73 40
14 12
20 44
69 27
58 62
68 4
47 10
9 15
10 67
75 17
62 61
18 10
1 6
11 56
23 49
8 41
16 42
20 56
23 76
1 59
12 27
34 37
38 45
26 55
74 43
4 18
43 48
51 52
8 9
55 44
35 20
74 70
30 73
11 52
17 8
31 57
42 32
49 40
21 5
45 55
49 35
23 55
40 72
50 59
36 34
22 76
40 43
20 25
21 18
7 12
17 63
76 66
70 47
56 23
2 41
31 75
10 48
6 12
21 75
62 34
57 70
53 12
41 33
65 53
11 74
1 4
9 7
70 56
31 32
45 7
25 19
4 50
50 21
23 52
69 38
73 56
30 56
39 62
56 75
41 42
58 54
60 22
13 68
73 5
24 71
64 28
6 55
52 53
15 63
19 40
44 23
36 44
25 38
12 63
72 48
74 19
8 21
69 64
20 59
39 16
3 73
17 53
11 27
65 62
49 70
25 53
22 31
23 10
68 16
9 26
7 64
18 72
58 31
56 21
34 65
43 73
65 64
52 19
27 41
45 49
50 53
14 21
2 44
57 3
61 74
62 35
69 24
45 51
62 9
43 31
38 64
32 15
43 57
30 57
60 19
70 73
24 43
35 13
42 10
33 71
8 62
9 4
73 37
68 5
59 31
15 31
52 16
69 50
26 20
42 76
69 3
26 53
23 7
55 52
76 36
24 63
38 43
49 27
16 51
51 6
76 28
66 13
60 65
73 31
64 40
15 17
3 50
6 71
61 73
65 11
21 35
8 75
14 73
15 68
26 21
62 19
64 72
49 11
66 64
75 36
68 49
49 33
15 49
27 66
11 70
20 9
58 35
76 24
12 74
26 14
69 40
13 24
18 47
4 62
62 46
8 51
6 72
24 51
38 73
1 71
21 40
14 67
19 6
10 31
17 49
61 7
44 19
15 27
53 73
18 58
51 4
39 26
29 1
55 73
35 30
37 71
23 15
17 23
19 73
56 3
61 59
19 16
11 67
49 48
50 28
53 55
50 17
36 19
38 17
8 31
26 67
2 34
24 2
23 57
38 66
46 19
22 44
31 48
29 23
46 8
37 54
70 37
8 16
36 65
8 59
61 42
39 64
69 74
53 67
50 29
67 58
45 60
59 47
52 67
54 76
4 22
36 22
44 17
8 15
25 49
26 17
74 5
28 58
69 43
7 41
46 53
27 52
72 20
57 17
25 36
46 66
66 68
29 66
17 69
18 67
58 65
25 45
30 76
69 72
11 54
3 40
39 71
39 36
9 17
37 1
17 14
73 44
25 11
24 55
27 73
63 6
71 40
10 16
37 16
28 75
54 15
69 55
21 17
66 52
67 36
25 63
16 57
40 36
8 38
50 8
50 14
75 10
38 54
74 9
38 16
8 34
12 54
39 58
51 72
4 23
36 52
68 23
42 23
57 36
54 42
22 38
46 3
23 3
12 37
3 68
23 39
16 35
27 21
19 15
7 32
20 2
5 22
3 31
63 30
18 59
39 60
7 55
31 49
42 12
1 51
68 44
57 11
27 68
26 70
6 54
18 62
19 12
37 51
58 19
44 48
4 25
31 6
59 11
62 52
17 55
67 51
62 7
36 35
2 61
56 61
8 22
36 54
16 28
18 34
14 9
38 60
16 20
18 31
50 66
69 61
32 63
18 76
26 5
38 41
47 68
19 24
1 9
71 67
74 21
28 20
66 44
1 74
31 60
27 62
65 14
32 51
24 73
5 19
64 33
54 5
70 24
33 50
14 55
38 9
21 25
61 16
35 53
7 39
41 26
65 66
69 56
7 29
41 64
76 38
35 8
72 39
74 52
63 28
23 46
25 70
72 47
24 50
65 73
33 38
53 2
70 41
50 65
51 3
24 67
75 20
73 48
31 74
16 21
41 69
15 16
15 6
16 56
10 7
46 68
68 35
22 32
35 47
54 35
54 62
63 65
34 44
65 69
33 56
30 70
41 18
41 13
20 7
15 61
3 70
2 33
73 62
2 7
11 31
24 41
46 37
14 22
20 3
1 46
42 3
73 50
36 58
27 31
23 13
9 11
65 76
39 34
71 75
7 19
65 39
76 64
39 45
47 34
58 26
37 19
68 17
70 19
3 32
16 46
7 48
48 27
20 48
30 5
36 47
16 43
24 18
31 38
38 12
35 31
21 19
45 70
29 14
29 24
27 74
23 31
31 14
27 67
57 14
25 42
69 68
73 23
71 9
37 30
69 34
22 30
43 2
43 37
8 74
29 71
74 76
38 37
52 3
5 50
73 71
36 3
69 45
52 54
11 46
66 22
64 62
72 21
12 59
49 52
36 21
54 40
27 3
36 55
63 26
19 3
13 76
72 49
34 60
29 11
65 40
27 7
68 55
48 26
56 59
45 33
76 16
24 64
20 23
40 75
30 51
30 72
9 37
47 27
42 74
61 64
27 13
71 31
64 54
30 62
70 76
33 60
6 47
48 71
11 5
28 49
58 47
74 47
27 23
31 47
59 6
61 68
38 48
25 8
61 1
21 1
28 73
9 48
10 14
45 58
61 57
37 41
68 29
61 58
1 76
22 2
33 12
49 2
50 47
59 45
11 73
58 22
41 17
1 69
16 49
56 32
71 74
3 12
53 37
46 75
41 55
6 14
25 16
4 37
43 25
47 16
70 61
5 25
64 51
6 43
46 43
55 72
46 5
51 48
26 64
55 11
62 74
2 67
60 1
42 64
23 53
29 73
71 23
39 33
24 68
18 45
22 43
46 38
66 45
30 60
23 65
1 39
4 58
17 76
54 4
44 38
18 70
27 9
63 69
71 42
49 71
57 56
47 25
72 19
42 48
71 16
14 1
42 66
64 49
32 65
11 35
63 50
72 60
16 60
64 70
55 19
45 14
20 46
75 37
63 22
55 70
22 41
5 71
13 31
22 45
68 25
4 16
74 40
33 59
72 38
48 11
4 75
73 59
42 31
43 62
27 30
27 2
41 72
3 22
32 37
23 54
28 55
74 22
23 22
35 67
18 20
13 54
66 74
57 40
29 63
42 34
68 18
45 67
10 25
36 10
57 68
43 72
26 50
48 67
1 34
23 64
40 37
29 51
75 57
8 39
6 38
35 73
47 40
7 11
65 42
39 6
34 51
48 19
70 22
59 24
19 34
70 44
24 16
61 9
41 76
26 47
48 29
55 54
12 39
48 32
12 28
48 47
11 12
4 17
43 26
31 52
43 7
1 7
17 43
23 63
75 63
70 75
25 48
52 41
56 66
65 51
32 17
55 16
24 46
76 71
19 1
8 48
26 61
30 42
31 19
32 69
28 44
68 40
44 46
50 19
3 24
34 7
39 19
33 36
58 56
70 46
4 2
40 5
69 15
76 59
46 27
66 70
19 75
28 56
31 53
65 3
26 60
42 2
67 69
53 64
18 11
31 37
3 4
63 20
45 9
2 40
1 50
67 43
73 72
47 61
67 12
32 57
58 5
31 72
75 35
17 52
73 6
27 75
46 67
60 11
24 27
32 43
68 33
61 55
75 22
15 71
24 23
32 50
14 52
46 48
53 30
26 52
62 59
33 66
4 43
76 26
59 60
31 62
24 65
74 17
22 56
66 11
37 59
9 40
14 59
47 53
44 61
50 54
29 65
72 23
9 72
68 65
70 1
44 57
5 47
38 32
32 5
7 68
50 39
52 70
48 76
35 55
32 62
35 48
71 32
22 21
11 22
1 52
36 74
50 18
76 52
22 53
65 16
31 24
35 3
41 29
60 48
45 8
72 65
9 22
13 29
26 45
54 31
76 67
41 61
34 24
24 39
53 27
1 38
31 41
37 50
19 32
48 53
61 37
12 48
6 56
76 46
1 44
4 56
63 70
12 20
76 9
1 49
74 18
3 67
30 69
25 30
67 31
56 24
45 54
36 12
14 46
25 60
34 43
71 44
54 1
72 53
10 68
15 44
39 29
35 43
4 12
3 45
28 52
74 45
76 20
19 33
62 37
13 26
1 36
36 43
36 53
68 37
50 7
76 69
53 15
17 39
13 44
33 34
2 60
3 58
42 47
19 17
62 28
35 76
58 40
10 60
57 38
55 25
60 12
11 38
42 33
23 60
29 37
52 18
61 48
16 2
4 60
47 37
69 26
11 24
8 61
57 12
5 2
34 75
35 51
42 4
42 43
60 21
76 14
2 32
13 49
67 9
2 69
35 39
46 59
36 48
72 58
42 22
28 61
58 8
67 42
64 21
21 34
31 21
41 19
3 66
60 53
60 75
11 69
17 51
27 19
64 67
12 55
64 43
63 47
23 45
14 60
29 40
59 25
22 12
30 36
57 69
64 29
43 9
61 39
36 23
9 52
66 72
14 25
39 54
36 49
51 27
9 73
43 8
51 38
12 62
15 51
63 71
1 8
12 69
9 33
21 2
67 40
74 54
60 76
68 70
6 60
42 68
76 45
34 70
76 53
76 58
6 24
39 44
15 62
20 21
25 13
71 35
45 12
30 65
22 18
33 65
68 63
20 68
1 16
6 5
46 56
26 25
34 40
64 31
47 29
44 72
65 28
19 14
24 54
33 30
45 68
22 6
28 51
12 1
71 26
25 39
9 32
21 48
46 49
47 46
25 34
5 36
7 72
57 21
10 8
18 49
43 11
69 42
48 16
22 27
45 2
13 40
63 19
45 10
39 57
66 7
73 2
68 1
70 17
18 48
14 36
16 3
71 54
48 39
60 36
27 14
37 66
29 34
69 20
15 64
29 56
32 27
21 59
54 57
8 30
58 37
70 10
59 2
76 61
65 1
44 43
18 73
6 75
66 62
26 46
49 6
8 24
48 15
27 18
67 8
42 11
56 72
10 2
61 32
41 23
56 12
32 34
61 30
45 21
4 32
44 64
10 33
71 68
41 9
4 13
36 45
19 4
4 45
58 23
60 67
39 18
30 38
20 19
51 14
44 56
63 2
32 46
28 23
37 44
48 1
37 14
71 14
40 55
15 50
21 47
46 15
14 11
16 29
18 8
7 18
35 24
58 70
29 5
14 2
44 9
19 56
55 47
58 16
58 46
71 25
60 57
56 50
76 5
28 5
27 37
39 42
18 64
42 58
50 52
26 4
39 13
69 70
56 27
10 26
35 26
28 37
46 17
29 20
39 46
51 33
65 61
26 42
67 72
65 41
61 75
74 73
40 53
3 2
50 46
67 15
59 38
21 4
53 28
28 15
10 51
40 16
39 37
11 8
42 7
69 33
25 74
32 29
14 34
26 72
5 10
73 4
74 35
68 60
32 39
57 27
1 18
70 67
16 66
55 39
11 1
55 34
60 27
7 57
47 66
34 27
44 33
2 56
69 29
61 72
36 17
13 17
10 11
12 50
28 14
69 9
17 40
54 56
5 8
11 21
21 28
74 49
10 29
51 49
43 21
75 41
23 5
42 20
67 30
26 54
63 13
15 1
10 53
58 13
37 24
12 35
67 68
3 33
52 12
53 63
23 34
4 66
66 18
76 31
17 11
40 59
44 3
33 53
67 41
54 68
18 16
67 61
42 27
62 20
65 18
64 4
40 48
65 12
47 62
24 17
6 36
37 11
2 36
22 1
38 62
56 45
73 15
30 19
44 40
28 59
11 4
4 69
71 2
67 19
55 3
60 44
69 49
66 5
30 58
2 35
72 5
19 8
32 33
3 17
29 4
30 13
54 3
27 64
66 61
11 13
21 13
58 29
61 36
54 46
43 54
9 30
67 23
23 50
57 52
1 63
67 47
63 66
71 65
48 74
28 25
59 9
38 74
61 51
1 26
58 38
71 34
68 19
42 46
25 41
75 12
8 54
32 20
38 27
69 14
19 54
1 27
44 67
46 65
64 13
11 16
56 68
42 59
16 63
76 29
63 36
36 9
27 65
25 2
26 7
59 17
18 9
59 57
56 18
55 2
2 8
37 74
73 25
51 12
49 26
32 30
41 47
49 29
14 20
43 5
1 57
13 37
16 73
29 21
54 22
23 25
55 64
31 39
65 74
7 17
4 30
15 41
48 17
37 6
54 34
54 63
8 23
72 14
20 15
76 73
75 76
8 7
71 62
73 47
35 17
45 6
24 20
70 36
2 70
2 28
50 38
1 66
69 25
58 59
62 24
33 73
48 34
41 62
28 11
34 66
24 44
50 58
74 50
67 5
61 11
44 65
33 76
35 32
55 48
12 71
31 20
60 29
7 37
65 56
55 38
38 5
22 61
9 25
65 13
11 72
35 22
29 75
8 40
67 28
35 65
30 7
29 17
29 46
50 20
22 24
46 21
72 76
72 13
16 59
16 50
44 50
74 33
23 6
2 23
55 20
21 69
17 66
74 30
34 61
46 10
10 76
11 6
4 33
75 62
61 35
16 14
26 62
30 20
18 35
73 10
53 38
62 60
68 9
52 64
5 13
70 16
29 9
1 3
24 66
70 38
71 17
30 1
64 30
66 55
20 11
56 67
68 51
36 62
35 50
32 67
75 18
15 25
15 24
5 34
5 60
74 67
61 43
61 21
30 29
8 71
15 10
6 4
5 17
57 67
12 44
7 6
58 27
6 57
58 12
32 10
10 62
6 34
14 5
22 34
2 26
3 7
11 19
25 66
54 21
13 34
21 23
62 17
76 27
39 51
76 2
48 70
22 17
57 5
35 15
10 17
58 14
13 73
39 73
62 13
65 15
66 48
7 76
38 40
60 41
39 28
39 27
40 26
60 54
9 2
15 70
59 66
5 4
17 2
15 5
24 52
38 13
56 43
7 47
28 70
28 9
14 18
13 45
54 2
15 75
52 8
19 57
50 49
74 26
1 43
53 59
66 6
11 71
21 30
72 3
72 54
45 42
25 57
9 23
31 25
18 5
54 44
74 23
4 49
75 13
74 7
53 16
48 37
40 33
35 66
49 39
46 28
14 38
65 54
59 35
51 40
65 70
57 29
57 50
68 21
40 62
39 5
42 73
43 75
40 76
34 10
64 45
33 75
18 69
4 40
11 3
38 26
37 57
43 55
35 72
31 28
33 62
43 59
34 58
40 12
56 76
68 76
45 19
11 41
69 54
63 74
25 27
31 46
73 1
13 48
3 61
10 43
32 74
39 2
42 49
63 33
68 34
26 18
76 47
24 1
12 21
40 45
52 4
63 27
30 34
38 24
6 27
1 45
14 30
21 24
11 40
19 76
8 63
20 37
51 42
28 54
62 53
74 53
31 33
45 27
27 29
14 68
8 32
2 48
72 10
73 52
69 16
64 12
2 11
20 45
53 14
13 69
60 18
71 27
44 58
7 14
59 22
44 18
71 64
15 29
70 14
65 37
1 55
66 26
29 2
51 50
46 4
33 11
30 55
23 12
2 72
76 39
22 67
24 33
31 4
4 34
38 47
25 65
6 70
40 52
9 57
54 7
2 38
21 42
40 14
24 12
58 43
4 67
51 55
