100 99
44 9
49 44
80 40
21 72
61 68
71 51
2 52
59 79
59 86
97 63
83 18
13 88
78 7
49 99
86 27
4 51
10 43
5 88
65 32
39 12
51 3
67 75
20 77
17 52
62 35
29 3
60 91
52 15
87 55
69 38
36 84
54 71
45 48
98 84
70 80
18 44
59 14
87 92
36 25
67 99
86 35
59 93
77 40
100 67
24 65
87 74
19 38
37 84
37 16
56 13
45 39
44 13
97 76
31 41
38 27
72 83
8 41
44 89
77 55
17 60
44 48
84 55
78 2
83 61
26 75
35 89
60 51
26 99
8 40
65 20
98 30
66 71
92 8
63 8
72 13
83 74
66 28
13 84
29 32
67 81
31 16
3 68
56 49
46 56
89 75
6 56
91 31
44 14
86 26
78 44
25 23
20 24
31 51
43 81
75 12
53 83
40 20
89 83
45 18
