100 500
60 34
26 32
37 35
21 36
27 74
15 27
30 12
71 56
27 97
21 28
60 61
48 4
89 67
20 37
43 33
62 13
22 45
84 27
45 92
94 20
90 1
18 3
75 74
59 50
17 71
35 55
8 19
57 5
62 98
52 41
99 95
21 59
29 19
82 49
82 78
31 54
69 33
73 48
93 65
13 55
20 27
82 30
29 13
1 85
76 56
38 44
65 33
14 25
9 21
28 25
35 58
2 52
53 85
84 42
31 69
44 23
96 97
31 32
61 42
84 56
40 95
86 83
51 20
45 27
83 70
77 19
25 26
61 33
91 41
12 73
84 30
11 87
48 16
85 33
48 29
19 4
77 33
62 52
37 28
99 84
30 44
44 99
68 48
49 48
38 81
95 27
28 33
69 32
90 10
47 44
23 80
36 27
75 91
96 31
34 69
75 83
85 98
61 45
54 85
91 52
57 6
15 8
8 20
50 76
86 16
80 49
7 75
77 54
5 98
51 11
78 31
77 20
28 67
84 66
48 40
63 90
5 74
32 25
70 16
64 34
38 57
33 99
39 30
81 83
78 4
10 66
58 47
74 92
65 70
28 97
93 25
44 27
34 29
30 55
63 50
38 80
22 79
47 1
56 44
97 87
70 47
61 84
16 87
70 46
36 79
99 79
78 59
25 97
12 77
70 6
15 22
25 34
8 1
31 22
29 31
73 92
58 37
70 39
79 31
43 22
59 57
35 63
5 81
46 53
28 47
32 10
64 72
1 98
17 24
73 53
41 81
23 43
82 2
81 93
4 27
88 89
73 47
86 94
27 89
42 29
36 56
61 100
48 52
18 28
47 29
21 77
53 75
76 23
13 17
68 8
20 68
11 10
19 39
1 71
49 91
14 87
38 4
89 13
12 94
74 82
31 50
45 97
33 15
76 11
38 34
17 50
76 47
6 8
65 57
39 69
13 52
39 27
47 50
81 12
50 14
52 95
85 62
67 16
63 96
76 78
49 99
28 5
33 60
15 45
65 16
90 70
79 87
37 88
1 7
18 20
50 68
81 28
34 7
71 86
26 45
96 62
8 11
2 66
79 69
82 84
97 8
21 31
55 61
32 11
78 36
81 100
62 67
34 33
43 15
60 100
52 66
24 84
81 32
47 90
29 68
98 28
50 54
94 45
70 36
41 13
97 72
7 62
79 43
51 4
54 13
45 18
46 12
75 90
76 46
44 49
27 5
86 89
78 10
18 38
66 50
78 94
88 77
32 57
28 83
90 3
70 8
94 7
40 94
76 69
95 24
50 29
10 34
5 77
69 19
52 86
37 23
25 98
3 74
70 41
12 93
10 31
90 92
24 89
90 36
13 88
5 70
62 32
95 72
33 1
34 15
72 62
66 81
97 2
40 22
62 14
59 87
34 28
98 6
13 78
95 88
53 22
22 58
58 1
35 67
1 68
99 6
52 47
92 37
62 6
17 54
14 40
92 68
13 45
77 67
32 3
10 58
94 76
36 94
50 11
33 86
91 47
20 57
100 56
12 59
88 57
95 14
45 41
71 82
39 14
32 75
31 13
73 80
65 34
97 85
93 38
62 91
52 32
39 56
5 67
41 60
9 10
84 23
59 23
99 73
65 8
75 43
65 63
65 11
74 18
11 72
76 7
63 11
30 9
6 76
79 55
59 63
21 78
85 89
86 3
53 41
76 40
66 30
46 92
52 43
89 11
95 49
76 53
78 24
34 62
72 84
73 96
44 86
51 6
18 56
17 31
42 2
25 9
84 37
47 9
44 22
31 1
39 71
12 10
7 13
100 63
93 71
14 6
52 33
37 41
21 27
70 60
13 24
21 10
48 14
2 93
84 11
34 96
91 57
24 58
43 91
61 19
78 38
34 78
68 9
33 2
75 29
13 60
54 27
47 86
25 44
49 86
56 99
94 96
95 15
79 40
83 9
74 45
95 38
52 12
62 26
4 22
94 73
5 92
31 87
38 23
61 87
56 61
30 63
46 23
53 17
52 11
80 88
4 74
40 85
19 7
17 11
11 31
69 14
51 59
22 29
32 20
1 34
68 73
38 46
59 65
20 84
90 56
38 20
8 4
37 71
72 59
55 78
33 59
1 59
54 76
37 6
20 10
15 98
6 54
1 26
77 23
69 4
14 74
19 76
89 21
1 27
49 75
4 50
6 49
49 29
32 90
53 11
71 61
47 53
52 56
97 70
46 40
17 68
60 54
35 31
46 58
35 95
93 28
30 41
25 65
