100 2000
68 8
12 56
14 96
3 72
14 15
46 82
93 84
62 72
55 19
25 65
13 10
69 3
39 44
64 49
71 33
100 82
46 10
68 58
76 89
48 1
40 7
14 93
64 74
49 16
64 19
99 92
58 91
66 1
43 38
55 94
97 65
15 86
62 89
64 39
45 31
31 56
30 57
1 87
77 5
65 57
27 32
96 87
40 32
18 69
65 94
38 33
40 50
57 22
30 49
56 100
89 63
52 53
53 87
100 86
13 44
64 44
98 45
63 36
56 26
66 77
33 44
7 64
24 85
57 12
24 65
28 29
52 29
15 41
34 46
72 53
28 15
48 69
17 88
96 1
56 28
96 9
4 96
22 45
83 81
4 19
40 29
57 10
8 37
85 23
5 53
48 21
63 78
7 83
17 92
35 51
98 46
7 34
5 63
70 27
41 91
30 2
17 85
61 68
55 36
76 84
90 97
76 1
78 67
65 47
68 62
57 69
30 63
32 81
33 63
84 30
14 2
18 37
14 84
77 31
97 34
19 33
86 14
3 62
30 62
47 34
97 21
97 95
87 72
24 23
18 94
77 98
26 39
72 4
81 37
20 89
96 35
39 16
84 8
99 42
24 2
66 26
72 25
44 75
15 49
24 39
97 50
77 53
79 12
90 43
27 44
41 83
98 52
44 23
2 48
42 25
59 28
70 63
60 15
2 33
29 56
91 6
82 83
70 32
63 32
33 62
21 99
90 86
50 24
95 53
70 90
11 72
61 44
100 41
85 18
39 30
33 66
33 88
73 99
39 18
35 89
27 60
69 49
44 14
65 88
30 78
87 54
58 100
91 57
15 29
86 43
45 64
2 10
34 35
29 41
71 13
86 70
61 90
32 93
35 18
53 26
68 41
95 24
63 81
16 69
34 99
30 13
6 59
58 5
53 39
37 42
82 39
12 2
45 28
65 10
40 19
56 33
38 40
39 77
10 56
67 28
2 18
74 54
10 38
57 67
49 73
97 33
50 5
13 21
61 19
100 91
56 5
26 83
35 80
86 19
22 67
88 79
88 67
78 99
24 5
86 20
28 78
79 2
35 57
89 11
7 21
57 20
94 61
2 38
17 59
70 82
9 81
44 66
59 86
78 40
49 90
26 28
13 55
21 94
78 70
69 82
82 25
61 85
65 3
13 17
7 33
81 87
85 62
60 45
35 9
89 75
99 52
5 32
95 84
6 54
42 39
92 8
77 13
99 46
50 6
70 55
44 54
87 94
70 19
13 74
65 100
40 56
30 66
90 85
33 79
53 25
62 23
64 57
43 54
74 92
19 94
75 17
88 96
27 68
36 37
70 26
9 57
13 87
23 9
89 5
14 59
9 76
90 75
12 51
10 28
48 11
37 13
96 11
90 87
68 54
14 74
38 85
85 63
64 71
1 93
78 79
26 6
46 76
40 25
1 68
56 94
71 89
90 15
59 63
63 25
57 41
81 45
74 10
69 59
51 57
49 57
94 37
76 64
14 80
96 47
35 20
31 49
20 51
61 38
30 24
1 42
100 77
81 78
8 50
40 85
60 58
39 37
97 13
57 84
50 57
60 5
69 34
6 35
44 2
80 90
24 86
50 4
93 94
58 24
47 31
25 39
77 43
81 21
70 10
68 74
82 77
3 75
46 3
71 1
18 13
35 40
59 60
77 48
45 68
6 49
27 98
35 73
22 27
47 98
11 1
39 43
4 38
29 4
99 88
67 51
57 40
85 9
16 34
45 51
85 51
60 76
27 53
47 77
34 17
21 63
15 18
13 70
54 28
81 67
61 22
79 7
40 82
58 21
40 52
75 80
99 75
17 73
13 46
65 69
17 10
43 81
20 90
44 31
40 39
53 23
49 2
54 72
13 96
2 27
58 61
47 64
93 6
34 68
12 18
9 28
87 64
97 43
9 90
98 80
79 58
18 66
2 8
79 9
5 34
29 98
8 34
23 30
89 50
85 66
87 34
54 36
81 59
57 98
20 95
46 69
57 7
80 9
79 96
94 76
61 15
60 32
98 84
7 50
67 52
41 22
98 16
89 95
89 25
100 61
97 1
16 67
40 21
42 92
70 31
78 100
10 43
43 19
15 98
55 82
61 23
35 95
95 32
65 95
51 79
28 74
96 37
86 83
75 95
91 77
45 82
70 100
48 24
88 64
1 90
25 97
49 70
82 41
93 58
55 71
58 20
69 91
87 62
18 8
95 11
59 43
63 26
81 68
45 15
57 33
62 24
25 83
41 92
16 14
92 11
69 15
62 63
20 43
57 79
64 21
54 30
32 77
95 82
75 64
16 63
33 90
49 54
57 74
64 22
63 52
24 98
56 20
95 34
90 59
13 73
33 59
19 39
30 35
19 7
24 96
43 69
43 34
36 58
10 97
38 78
21 85
24 46
27 29
7 62
62 13
3 20
48 30
51 65
61 69
80 46
4 71
3 87
13 19
19 14
73 40
26 9
93 17
95 10
53 91
17 60
48 60
23 5
89 36
70 84
83 66
36 93
47 94
71 39
81 10
72 90
81 73
47 2
34 15
53 30
36 24
93 85
2 11
19 60
37 88
21 11
7 98
59 100
100 40
41 96
84 13
9 14
33 14
9 88
31 80
65 19
88 29
8 25
15 8
10 26
28 96
63 44
5 19
78 6
18 21
21 34
89 7
6 18
45 93
31 84
71 35
47 28
60 77
39 35
91 12
2 21
86 11
38 34
66 49
93 50
35 77
39 99
72 71
3 61
87 47
9 50
13 15
8 36
52 86
87 92
27 85
11 97
79 77
15 72
95 23
76 92
69 98
32 72
18 34
21 49
23 71
4 83
72 13
54 76
97 56
92 1
55 3
34 72
89 59
37 47
19 1
94 62
62 100
1 73
84 10
19 99
53 55
97 6
62 54
36 85
27 80
38 99
40 10
11 40
11 67
82 17
61 89
11 29
51 99
29 38
66 99
80 4
89 84
55 11
31 69
50 88
78 84
29 58
59 99
88 20
85 78
93 8
58 72
28 71
95 45
52 35
51 38
41 50
59 27
13 86
51 59
25 49
88 68
85 26
20 67
32 2
16 94
85 7
96 99
87 85
58 71
91 75
99 58
52 77
40 72
17 23
27 14
94 83
52 6
85 70
35 85
42 57
9 25
5 39
98 14
18 55
78 95
42 41
74 91
80 100
63 82
98 95
25 15
6 9
47 86
85 65
90 92
100 73
91 27
66 95
55 46
87 2
32 46
47 80
54 57
1 27
47 63
43 16
75 82
26 59
56 77
85 11
80 93
94 36
38 25
3 58
61 92
44 18
91 47
55 24
61 7
9 18
58 4
88 66
100 34
7 12
25 21
47 15
88 57
45 59
90 78
58 90
80 88
53 93
10 34
60 49
37 16
5 99
80 40
25 61
11 27
56 87
35 99
89 24
74 58
59 64
25 11
75 61
89 74
73 44
51 37
73 85
40 55
9 45
65 96
90 30
42 95
38 22
29 74
88 55
68 14
95 43
69 20
66 73
30 76
34 59
11 42
71 59
63 41
9 7
58 10
21 35
18 72
63 94
75 40
45 76
3 73
33 94
30 73
79 86
45 85
5 91
31 34
91 45
93 71
25 20
27 41
13 38
27 9
24 15
40 76
33 52
18 91
85 48
8 57
65 58
58 16
99 53
66 5
1 35
79 41
97 18
50 54
68 95
47 11
83 3
56 89
2 57
98 33
63 49
15 32
36 4
80 56
29 37
21 31
17 53
27 17
45 44
42 48
59 9
6 7
92 31
6 20
76 35
35 55
36 26
78 57
37 10
55 6
43 80
65 77
1 7
69 7
22 9
12 65
34 73
61 28
92 96
63 15
41 81
99 83
62 42
93 76
6 44
31 90
94 89
84 46
45 80
30 42
93 44
56 88
4 94
79 5
13 23
6 98
68 82
91 89
52 27
6 31
90 37
9 17
66 92
54 38
27 36
83 63
22 81
66 9
41 60
38 39
82 6
71 94
87 75
85 42
52 87
29 25
85 98
84 4
39 60
97 46
42 63
30 83
42 38
25 34
5 27
76 57
25 98
83 76
81 12
76 51
97 45
88 8
100 50
28 6
90 27
24 37
64 66
56 74
12 86
91 33
41 93
44 76
5 10
24 54
8 21
4 86
40 42
84 33
14 66
64 40
51 22
95 36
58 13
36 5
99 22
67 66
83 56
61 71
60 93
50 59
65 35
64 31
8 96
32 64
18 95
26 45
91 29
67 71
37 46
95 39
81 75
27 62
76 95
80 96
84 3
6 70
15 22
59 21
65 14
68 35
61 59
53 42
38 94
1 28
38 24
23 37
75 12
59 31
72 56
49 76
91 85
62 84
12 76
12 40
3 80
63 1
11 79
1 20
99 55
18 76
14 83
89 98
17 90
46 61
14 73
37 34
66 74
45 96
37 1
67 53
22 21
39 36
97 91
61 74
19 26
55 51
40 90
73 57
2 82
58 22
14 70
95 92
51 17
46 72
50 31
19 75
35 29
61 86
47 6
90 44
91 24
12 15
69 54
47 24
6 41
76 87
42 87
10 22
17 29
69 37
3 28
64 99
50 80
75 27
56 99
52 47
62 35
75 35
63 8
65 71
7 54
25 30
35 3
33 82
25 23
13 61
14 57
29 47
45 78
93 83
1 74
18 29
18 53
55 80
74 16
17 6
50 15
54 26
59 91
96 85
89 6
14 8
82 30
53 71
25 85
41 39
41 40
11 57
85 37
87 20
3 63
23 90
98 48
37 4
2 50
59 20
70 38
56 91
52 71
14 69
71 66
89 68
16 15
53 49
45 4
63 68
100 51
86 1
17 43
83 64
36 56
39 69
58 94
24 19
16 72
18 62
49 40
39 80
27 84
32 4
7 42
89 39
21 46
59 62
74 30
55 23
46 38
18 87
39 9
31 54
52 73
51 82
87 7
24 40
56 30
29 51
10 53
37 72
43 72
74 11
43 62
64 20
89 97
16 91
4 9
32 80
66 50
74 8
6 45
71 84
11 19
9 52
62 82
26 48
87 68
62 29
35 4
65 13
64 65
66 47
44 3
67 49
52 48
50 12
36 65
87 93
68 50
54 2
24 100
91 67
7 16
55 74
8 60
55 15
71 30
67 25
36 43
49 58
97 68
59 97
34 4
59 68
21 20
61 52
58 52
74 5
32 35
72 86
8 31
37 55
96 32
68 77
92 18
93 62
67 36
41 10
84 55
91 48
10 29
36 97
43 67
58 31
70 46
84 90
92 55
18 51
21 45
22 80
5 62
3 11
16 76
81 94
54 25
75 56
56 86
94 7
51 1
28 2
5 72
42 49
53 43
28 17
56 23
49 44
97 48
38 90
52 19
30 80
100 99
92 28
49 85
35 58
98 74
50 85
22 24
92 65
48 59
90 10
12 14
37 12
37 75
8 12
78 66
78 51
86 76
59 12
80 86
73 38
67 40
82 81
25 92
14 81
2 39
17 79
31 26
92 63
39 49
63 90
4 82
92 59
90 68
53 58
90 95
44 1
21 86
92 10
41 76
55 61
79 48
3 70
33 24
51 83
26 67
73 90
31 76
93 96
83 59
61 65
77 73
18 68
1 46
25 70
7 11
11 28
20 23
72 47
38 95
10 27
28 38
58 33
17 61
69 84
23 87
89 85
18 19
95 56
29 77
27 83
47 74
9 12
17 81
21 27
66 7
76 17
46 14
99 32
62 66
19 62
10 54
80 13
86 37
74 48
43 61
70 65
28 82
25 17
13 59
86 58
89 8
19 31
54 3
57 17
28 100
59 75
15 71
6 21
82 18
32 94
14 35
68 21
74 19
67 69
43 29
77 28
85 6
64 51
1 41
20 65
100 30
66 79
33 67
59 94
51 80
84 49
52 36
20 97
21 88
4 11
99 50
93 31
99 79
14 85
55 34
74 71
23 100
49 75
79 49
98 67
32 11
94 39
97 35
84 48
88 85
96 83
53 11
41 86
42 73
10 30
15 56
40 65
44 32
2 68
91 35
99 1
33 83
64 93
41 13
29 89
39 21
10 18
63 69
91 38
72 45
54 82
52 1
54 91
31 22
38 23
41 71
76 59
57 99
60 74
69 86
80 19
2 91
4 5
94 42
8 77
37 97
85 5
15 93
44 22
22 54
99 98
11 22
97 16
17 98
8 56
17 3
92 29
38 41
80 62
71 36
76 11
72 38
47 56
59 39
49 100
65 16
20 27
81 55
72 77
98 82
48 36
75 9
93 5
39 90
23 83
83 9
26 69
41 14
39 61
99 11
9 16
13 99
98 94
31 99
61 5
54 32
44 20
23 15
48 78
70 53
73 2
99 86
80 52
5 76
93 51
44 43
44 17
12 66
19 71
16 75
33 28
100 29
74 73
100 44
89 28
16 45
42 60
73 56
75 69
1 22
58 47
63 56
3 56
38 76
21 60
1 54
24 20
80 10
88 28
28 99
68 15
54 96
50 19
80 34
40 71
9 68
32 9
45 37
61 41
18 17
74 4
92 2
12 46
18 61
38 58
51 97
45 17
3 71
44 4
26 51
52 15
75 42
45 7
86 44
16 48
3 90
29 80
9 13
9 33
51 73
75 50
64 6
89 64
92 5
7 67
45 69
19 77
50 48
1 26
51 40
72 65
58 84
23 28
2 64
38 17
51 23
20 61
79 76
20 18
79 6
53 92
75 38
4 79
8 40
10 7
64 79
100 33
24 81
95 71
88 75
74 100
7 26
64 9
51 53
22 70
67 18
84 2
19 58
69 13
49 8
24 26
86 42
46 43
96 72
42 97
75 65
44 81
4 67
80 28
58 30
31 62
82 31
77 63
35 98
25 66
93 68
99 95
89 72
23 67
6 60
13 39
57 28
12 26
28 48
76 61
89 41
3 60
88 12
63 61
49 18
84 52
63 48
83 60
11 52
92 68
58 1
5 13
87 25
33 65
29 94
85 60
26 72
82 12
9 21
17 91
80 74
96 21
26 97
33 68
13 16
86 23
58 83
86 85
42 55
98 54
6 53
90 41
37 53
73 43
15 58
94 73
47 16
79 81
4 14
30 97
85 3
31 4
16 54
40 69
47 99
47 81
96 7
2 43
34 88
63 17
51 42
75 25
7 22
55 7
61 57
26 79
44 55
96 68
82 1
31 60
32 87
61 29
59 37
68 10
59 19
45 20
55 65
16 96
87 9
13 66
7 29
36 14
47 43
31 14
10 21
62 69
52 96
92 7
76 50
71 45
85 75
32 79
37 50
39 1
74 43
78 89
81 38
39 96
18 89
80 59
7 39
78 87
55 79
22 97
58 46
54 83
7 82
32 92
61 6
98 42
40 22
40 95
59 1
41 31
100 32
73 84
61 48
16 95
91 99
22 96
75 97
98 3
44 82
6 84
81 39
48 80
67 92
70 9
84 39
6 48
50 94
54 48
91 37
22 12
30 69
8 91
27 8
16 84
83 53
60 23
70 36
66 11
55 50
100 13
7 91
68 7
83 100
46 85
23 50
46 29
41 5
63 18
68 44
19 98
32 67
68 65
79 95
39 4
69 17
22 84
54 85
14 13
40 36
88 98
20 79
71 77
23 79
70 45
11 88
77 80
51 25
87 12
50 10
27 48
24 45
47 44
9 49
20 93
24 41
100 17
95 70
99 15
39 15
39 98
49 5
66 22
53 64
92 43
70 54
16 62
38 35
66 59
100 16
62 74
71 54
65 53
46 64
47 14
19 30
88 59
43 76
98 11
67 6
41 4
33 55
18 79
5 43
70 62
3 59
56 70
23 42
84 19
21 70
86 62
77 61
78 10
58 27
55 39
55 4
78 65
48 44
62 96
22 33
90 13
61 12
88 24
27 38
38 53
90 89
38 6
82 60
41 54
32 71
1 88
87 51
14 97
50 72
74 32
47 59
12 21
52 44
5 97
30 81
42 52
19 79
47 8
83 95
76 32
84 79
23 34
36 90
55 14
78 23
38 37
97 78
69 58
96 58
9 34
60 72
23 47
39 78
92 56
34 6
76 80
85 31
59 29
41 32
72 80
100 20
30 32
84 34
49 41
64 77
94 45
68 28
9 65
88 100
29 50
14 71
44 15
63 73
62 47
1 14
35 84
73 86
34 79
26 94
34 32
42 66
6 23
95 77
39 46
70 37
31 57
61 73
74 70
35 44
13 49
95 25
29 68
77 21
83 16
51 68
57 52
65 11
20 74
36 17
20 41
25 13
89 10
84 68
76 68
13 79
81 96
22 79
70 2
32 55
97 9
45 5
90 91
97 24
73 59
14 37
75 63
53 47
3 40
86 22
57 24
84 40
28 85
97 58
93 91
69 100
91 86
66 24
36 84
9 74
13 43
75 14
47 9
85 13
16 60
40 68
42 67
21 65
84 37
93 95
4 30
2 6
37 49
18 90
8 90
79 45
72 98
99 82
88 91
73 5
10 59
97 70
42 61
18 24
51 52
79 74
99 45
68 60
90 93
88 10
2 78
67 84
80 60
27 6
62 67
82 24
51 61
64 58
70 11
62 97
16 46
39 66
23 70
86 49
35 49
83 42
87 40
40 77
2 69
40 27
65 50
36 69
67 47
23 65
11 8
27 49
37 60
35 74
50 81
5 3
58 2
49 77
30 6
65 74
82 71
65 91
81 6
81 5
63 20
86 27
75 84
31 29
100 8
16 17
4 40
37 64
28 14
36 32
32 84
34 50
33 50
61 93
53 82
72 99
70 83
48 70
59 56
13 3
46 92
12 100
81 27
98 26
67 87
64 96
18 71
98 62
60 28
44 25
73 58
58 77
97 27
91 46
23 98
69 66
76 82
49 91
97 82
1 3
80 36
35 43
90 45
58 25
80 91
42 20
34 67
69 8
81 3
4 6
92 37
8 70
66 43
12 93
43 98
85 43
49 24
59 65
5 16
78 54
25 41
73 18
45 62
64 27
33 30
21 51
53 34
49 68
12 34
65 46
83 31
