100 2000
8 92
59 53
29 47
64 94
8 22
52 8
22 73
37 70
86 79
74 1
16 91
4 59
32 72
4 16
17 70
9 10
84 22
92 90
30 71
20 89
31 74
36 24
68 70
91 87
3 62
45 95
35 52
53 47
71 48
12 6
2 16
65 100
16 46
95 44
5 68
97 44
7 16
5 36
52 91
94 72
79 8
13 69
10 25
41 22
17 56
70 74
42 28
91 41
53 57
58 5
33 77
10 26
57 54
99 98
11 20
51 30
66 35
86 22
20 72
18 57
48 57
32 60
92 44
45 48
15 32
95 43
68 61
87 20
78 2
70 80
58 93
8 83
82 61
94 42
5 49
19 75
72 26
97 48
6 70
14 94
26 22
64 96
72 12
88 15
94 25
26 1
35 87
58 95
3 35
37 49
11 80
15 100
43 37
24 29
4 77
11 33
49 56
8 11
71 93
93 88
11 39
78 12
48 68
16 44
96 100
93 99
64 3
37 71
9 14
42 72
16 21
92 10
20 38
8 4
31 98
73 58
83 59
8 74
88 19
48 16
49 74
84 70
81 78
1 43
59 69
17 18
50 95
8 97
79 64
78 82
18 4
16 72
84 19
16 31
81 44
72 88
92 22
44 50
74 43
98 82
95 12
10 13
41 21
44 10
76 84
89 46
13 52
93 24
46 84
43 94
51 67
46 33
12 40
62 74
51 27
31 17
86 19
88 99
45 87
86 97
48 9
85 66
39 75
1 4
56 68
49 1
43 61
61 1
83 13
16 58
95 25
97 45
10 35
89 33
61 29
41 54
18 78
64 49
22 93
72 89
88 56
38 46
50 99
100 31
20 23
74 92
85 93
5 62
36 64
53 60
44 76
85 82
45 23
12 86
66 60
21 94
41 95
71 72
100 64
70 72
39 17
90 68
50 25
34 56
97 79
5 88
64 57
61 85
96 77
25 100
91 76
62 14
13 44
64 77
69 6
11 3
28 53
12 70
63 18
62 83
90 18
78 100
35 64
43 16
77 37
46 77
82 56
15 76
34 55
30 78
20 98
17 44
15 83
81 52
28 24
44 84
50 63
36 41
22 42
52 87
26 34
31 95
82 76
27 60
83 19
60 36
6 22
66 94
53 25
60 11
67 28
83 50
55 32
15 65
84 77
88 98
61 92
7 64
31 26
15 36
55 28
75 26
95 91
70 32
65 37
74 71
84 38
6 75
39 42
67 61
33 67
23 32
10 56
90 63
8 33
14 23
52 92
21 2
51 33
80 42
69 44
68 49
96 50
24 83
7 67
86 28
96 59
47 5
59 74
8 12
91 6
15 95
73 8
6 27
43 24
88 31
19 3
3 4
15 6
85 50
20 47
56 98
23 19
34 79
54 36
25 38
29 15
60 61
5 83
19 2
52 66
3 96
39 20
31 45
44 20
85 49
26 49
16 50
90 85
40 78
14 57
50 26
22 21
61 90
17 86
74 69
26 38
10 73
51 88
56 11
40 50
64 78
59 23
52 99
87 13
43 2
92 41
57 34
86 23
11 58
48 74
1 72
64 18
34 24
87 15
56 8
51 28
3 49
53 50
92 64
64 22
39 55
63 54
28 13
27 12
85 67
40 31
42 10
76 46
12 24
60 19
87 51
3 43
43 89
78 56
67 94
4 57
33 83
18 65
57 60
89 23
71 61
28 3
23 27
81 42
69 18
11 53
6 40
33 56
23 98
55 51
55 60
87 95
77 32
27 37
66 79
35 100
83 4
4 94
59 68
45 77
15 13
28 77
18 35
18 84
71 81
15 61
12 16
53 84
57 43
13 100
81 90
43 8
92 77
3 82
38 64
62 42
55 35
92 87
55 30
22 74
81 43
96 20
2 9
6 45
93 95
22 1
32 37
88 26
45 79
53 4
5 79
42 65
55 4
73 53
4 69
16 37
51 48
87 23
71 58
69 87
80 48
16 36
57 78
24 16
37 87
94 93
63 83
93 66
56 23
89 85
27 74
55 61
88 87
59 15
20 63
3 38
23 6
37 19
6 1
62 85
54 100
9 90
6 93
35 4
68 11
71 95
20 100
51 63
98 91
46 99
35 29
74 7
52 29
86 84
54 48
49 94
98 33
90 19
88 58
36 71
11 15
54 71
10 3
78 66
33 88
42 90
30 2
85 1
87 82
89 30
89 69
80 52
78 10
91 28
29 73
27 14
53 76
96 32
91 44
10 31
29 54
97 6
64 99
57 76
22 85
43 15
50 49
72 14
25 54
21 17
51 56
68 84
77 29
34 54
30 95
31 43
79 27
19 29
80 57
60 96
29 28
6 68
75 4
17 34
67 42
66 62
88 6
68 98
47 84
79 52
13 8
34 50
74 3
78 77
27 77
28 80
60 71
50 46
46 65
50 74
78 67
4 85
7 48
25 51
33 60
90 87
34 6
57 99
59 76
89 32
97 21
68 47
44 59
26 13
1 40
47 94
75 44
13 63
57 29
71 46
44 35
41 38
23 41
99 39
72 78
85 27
97 76
14 77
75 30
36 78
49 19
61 5
83 95
52 38
6 21
52 71
85 35
47 28
28 65
7 8
93 63
32 91
39 68
80 68
98 14
55 2
8 64
99 10
94 46
93 11
45 51
2 11
6 33
10 50
94 27
31 99
77 81
87 94
77 40
20 90
21 7
89 27
76 68
17 30
42 79
29 66
61 22
95 66
35 51
14 88
52 64
74 58
58 48
95 18
6 83
22 51
36 50
59 19
65 95
20 7
25 92
13 57
72 19
54 76
78 38
78 65
97 78
18 70
47 67
72 79
23 72
57 37
17 93
85 94
43 25
61 91
37 38
56 73
17 64
43 79
95 89
12 42
5 64
7 73
13 88
9 93
7 51
81 59
89 67
25 80
28 49
28 27
83 93
37 40
64 6
93 1
79 44
41 97
51 49
86 58
47 24
64 95
92 39
72 69
2 15
81 5
55 94
1 7
92 27
24 50
19 24
49 4
31 18
88 1
90 28
94 97
8 78
9 59
53 20
46 56
49 73
31 25
42 57
80 45
69 92
3 27
59 13
100 16
17 52
65 19
44 87
97 27
91 97
100 18
84 32
56 85
57 68
22 13
87 76
78 99
88 43
17 72
3 20
77 88
84 94
51 26
82 20
39 71
67 68
8 71
41 31
77 5
64 74
74 17
87 28
8 18
22 15
73 9
39 77
62 33
66 23
68 9
71 23
41 52
95 52
60 48
69 40
25 1
78 37
13 64
96 6
48 87
28 56
95 1
53 83
81 92
98 40
100 32
35 69
36 27
34 70
43 29
1 38
42 13
67 76
98 63
95 67
5 84
86 6
30 69
29 82
60 75
88 22
55 84
58 66
57 55
72 59
8 9
94 100
15 34
46 49
6 3
18 26
27 70
94 51
55 24
60 6
91 18
15 85
1 67
92 88
25 42
82 34
46 81
31 5
56 7
66 26
6 62
9 66
40 27
3 30
79 22
51 20
94 50
19 40
48 93
1 80
91 86
19 8
37 73
94 96
72 84
50 30
66 47
9 98
78 68
45 47
14 35
55 14
31 85
81 21
29 30
10 21
15 73
34 84
63 89
80 77
72 44
34 10
30 39
35 67
56 91
6 67
76 80
15 58
38 81
68 58
51 36
17 28
100 3
39 62
40 14
88 60
58 21
58 4
4 96
85 78
49 100
9 41
100 47
46 62
47 9
26 84
99 56
90 52
77 61
38 10
8 95
90 7
31 30
20 73
97 84
18 59
24 76
13 19
77 51
5 24
22 12
77 48
86 33
33 81
87 47
97 69
91 40
94 76
25 91
74 99
53 99
47 25
76 25
1 48
62 55
35 1
55 88
76 12
50 69
64 53
42 41
59 66
27 7
17 37
90 54
60 31
73 48
78 33
18 48
94 53
40 82
21 78
9 15
52 49
37 74
31 3
16 26
16 71
91 50
48 28
12 43
62 56
79 46
95 9
94 74
89 5
47 10
17 51
53 29
11 52
95 53
3 14
60 90
55 93
95 10
2 51
56 66
14 18
82 63
98 75
63 70
80 49
6 43
86 89
12 99
94 68
16 92
24 85
17 65
23 74
76 19
2 70
58 14
60 81
92 72
63 40
4 7
67 13
77 47
34 75
2 40
50 28
40 65
89 84
72 5
24 11
57 11
82 90
42 2
37 80
80 50
69 43
75 21
3 69
84 90
96 41
31 80
57 9
10 84
6 26
66 96
61 65
74 26
75 89
15 63
72 2
38 54
98 43
4 39
32 57
50 31
23 100
27 5
15 94
62 82
18 44
92 78
61 26
22 3
17 7
48 65
92 83
50 88
1 8
31 54
52 25
15 21
99 84
11 45
72 100
62 11
31 38
19 7
67 34
14 65
27 24
26 69
10 65
82 84
13 65
20 69
27 48
43 40
92 23
89 74
29 63
71 11
13 1
33 91
10 98
5 33
76 29
75 18
27 1
23 5
15 69
43 70
84 54
65 82
7 72
54 37
67 41
53 58
54 88
24 63
22 52
31 63
58 34
12 15
21 26
78 25
64 72
85 14
79 26
71 9
46 67
75 1
57 52
1 33
26 87
7 58
95 75
69 73
97 7
2 50
23 37
69 77
55 67
81 35
30 100
16 76
13 68
74 77
17 25
90 17
94 1
24 95
15 79
24 39
83 84
93 5
43 63
62 10
38 48
59 2
98 42
7 10
70 55
72 35
97 70
55 95
35 12
43 14
9 38
99 7
7 59
79 24
31 33
96 27
94 78
9 99
3 65
13 61
37 9
9 52
96 5
80 61
59 1
22 11
94 57
33 73
49 23
60 41
56 5
19 45
99 33
94 16
54 44
76 8
31 22
39 64
22 77
36 37
19 36
93 56
14 76
43 56
29 64
14 6
98 12
91 4
65 88
32 76
79 91
25 64
72 28
14 46
42 43
12 9
74 79
88 64
37 8
40 75
81 19
55 59
11 46
100 37
24 15
15 44
34 64
62 8
51 96
79 67
21 13
58 97
11 74
21 46
16 90
76 48
35 9
7 61
16 29
33 97
3 5
12 19
79 93
50 32
35 37
61 53
41 29
24 21
41 39
57 30
42 55
81 50
16 73
75 45
62 89
83 44
13 37
75 94
90 55
39 84
79 30
8 29
3 71
26 32
9 88
93 97
80 92
67 2
88 16
21 19
33 95
49 15
84 63
57 27
45 74
13 56
64 42
75 13
53 79
16 42
61 28
60 84
2 37
64 44
18 30
79 99
53 24
52 100
15 4
18 92
47 19
38 13
35 27
14 31
38 6
12 84
17 47
53 41
1 42
59 33
62 13
28 43
50 67
72 68
95 90
77 49
73 66
22 47
14 79
64 16
31 12
59 89
2 27
47 34
35 92
25 15
35 62
81 69
23 12
22 94
18 51
32 58
82 30
49 9
69 27
59 45
5 30
42 48
50 77
68 66
44 40
89 1
39 53
24 68
3 57
89 52
39 60
94 17
61 10
84 81
92 19
77 42
88 90
61 31
66 27
51 13
28 39
56 21
89 6
99 5
32 5
100 74
82 28
64 67
31 23
10 55
62 32
28 4
51 19
33 35
16 83
52 20
61 8
39 18
91 2
95 35
20 8
53 90
81 8
94 92
29 84
31 8
28 63
12 97
2 44
13 99
42 11
12 45
74 41
36 89
53 71
82 54
45 10
37 14
71 20
79 33
55 71
48 6
89 78
55 21
82 25
13 39
78 60
29 65
41 77
92 14
82 67
16 99
87 65
10 32
75 25
79 92
2 48
78 86
77 86
45 82
49 97
64 58
65 52
58 6
64 37
55 1
8 77
48 69
45 5
65 2
37 92
15 53
46 64
8 5
51 47
66 3
93 47
95 73
97 2
23 62
31 78
3 92
10 75
75 16
76 36
22 70
16 22
54 23
23 4
11 32
25 89
2 25
61 27
35 97
25 16
75 74
47 89
69 16
17 5
67 43
2 26
78 48
89 24
36 77
15 20
97 18
52 7
4 92
80 7
30 72
28 38
30 98
83 54
40 58
26 7
89 15
9 1
20 28
53 87
86 52
5 50
75 7
64 33
81 100
14 64
59 90
50 98
18 34
8 75
75 2
86 20
51 37
63 42
5 15
60 46
64 26
96 2
23 43
88 96
44 33
27 13
19 17
85 37
42 40
86 54
44 60
89 50
28 88
29 2
24 7
43 71
96 62
6 61
81 41
37 66
89 37
86 18
45 71
36 63
77 31
57 84
14 41
4 62
98 52
58 19
49 22
68 31
23 95
69 42
35 25
98 84
41 65
83 72
26 52
37 29
25 67
100 57
50 73
51 21
37 52
63 79
92 54
54 68
79 70
44 52
57 36
19 10
18 79
22 2
96 90
75 99
14 61
64 62
27 45
81 95
21 30
14 15
37 88
93 84
83 82
58 63
78 80
88 42
4 27
87 14
64 69
29 5
22 44
59 11
49 13
55 99
8 10
65 92
42 73
38 58
97 22
3 24
33 94
41 58
97 47
48 83
98 48
22 36
4 12
92 50
8 21
48 59
33 38
59 64
21 61
64 12
23 26
26 5
6 46
97 38
31 87
12 65
25 5
1 53
41 93
80 93
5 4
54 89
80 23
52 58
1 36
49 8
93 43
28 52
81 2
84 17
11 14
32 63
53 86
96 28
47 70
4 84
65 26
77 35
79 36
33 7
38 88
88 95
18 66
67 71
2 28
97 82
29 40
99 49
89 100
9 81
51 66
47 3
36 21
60 92
2 58
51 69
98 16
47 92
28 30
68 18
55 72
52 32
75 80
53 97
28 57
5 10
32 87
7 68
33 84
65 30
28 74
27 75
37 75
11 43
21 27
58 77
77 10
88 83
4 2
48 79
92 66
68 25
96 9
15 62
51 65
60 34
56 29
8 90
14 33
12 25
70 53
8 23
79 47
14 81
12 13
46 93
68 52
25 62
67 65
62 86
50 84
85 41
19 16
79 58
39 91
96 15
85 87
54 52
59 26
12 14
2 32
61 42
12 44
64 47
5 73
15 57
87 60
71 7
89 42
19 20
8 85
40 100
46 83
23 99
22 48
31 64
2 80
34 43
6 13
27 38
32 66
32 93
98 55
68 89
24 57
13 66
20 62
27 64
70 92
95 78
35 71
14 7
7 88
94 95
45 61
39 94
29 90
15 51
45 39
7 96
55 6
71 24
46 3
17 73
24 32
72 40
60 25
49 96
82 4
89 77
98 29
8 40
7 5
25 66
78 45
16 97
11 72
49 38
63 62
11 69
23 42
85 88
48 19
26 33
31 21
18 54
27 71
66 38
50 37
76 49
33 96
32 45
64 86
100 38
83 81
98 27
63 94
63 77
51 6
77 2
34 28
34 30
92 53
71 44
79 65
1 96
12 17
65 64
34 85
42 46
1 34
98 51
53 44
26 93
72 48
34 73
90 94
77 17
50 48
3 26
96 35
16 93
15 64
32 14
59 12
80 66
94 20
87 27
18 98
40 52
85 60
70 59
44 80
59 71
89 18
75 92
95 100
70 51
54 56
60 98
67 32
78 5
52 6
74 21
84 21
25 84
34 11
74 96
90 25
52 60
43 44
68 33
38 68
65 73
56 20
93 60
13 45
46 39
54 73
41 45
80 22
70 69
43 21
43 49
35 68
29 17
14 93
4 65
73 71
38 57
97 55
52 82
36 72
48 49
11 23
45 14
23 39
38 61
16 63
30 25
31 53
3 86
93 73
12 80
23 67
15 8
24 94
54 74
34 80
59 56
93 42
76 73
63 10
39 100
38 22
68 65
34 59
82 33
22 39
69 29
57 85
44 38
61 70
4 67
46 34
24 54
7 28
48 30
70 23
45 38
81 74
91 23
74 15
81 63
93 34
94 12
45 1
35 17
64 89
34 20
55 96
80 89
60 16
44 96
70 77
26 15
81 67
30 67
23 68
3 50
10 82
100 63
55 54
48 88
35 80
96 84
29 91
91 54
85 29
80 41
50 47
25 58
99 76
99 4
66 63
1 92
3 58
29 44
35 34
65 24
20 48
6 54
74 36
99 24
32 79
83 23
86 59
71 76
15 99
36 8
20 21
40 59
28 70
45 91
42 84
31 92
33 4
21 3
90 44
33 40
20 76
18 81
14 96
30 58
29 20
83 31
92 93
10 100
24 66
54 33
78 9
54 22
97 30
21 65
55 64
25 85
76 100
60 24
8 34
65 76
70 54
79 39
27 82
45 9
88 41
60 7
49 84
22 46
79 62
94 69
18 10
14 83
34 19
36 48
84 15
26 60
35 59
68 30
38 34
32 35
15 93
71 41
7 70
52 16
55 83
99 3
61 34
17 6
16 20
53 2
13 94
44 85
98 61
31 84
86 70
44 4
76 43
50 4
36 68
71 89
98 28
54 93
40 53
29 26
19 52
39 83
77 3
10 86
30 13
1 57
13 29
25 37
92 28
85 46
40 86
52 47
88 69
67 62
32 65
71 66
51 12
71 40
37 55
99 61
74 84
17 76
46 28
69 23
66 30
23 29
32 8
31 34
56 22
43 35
48 64
11 17
53 48
90 74
65 43
3 16
38 82
40 7
53 33
65 62
93 91
17 38
22 30
50 18
41 94
87 12
14 38
63 19
33 75
50 17
86 27
32 28
85 84
44 42
79 35
96 71
56 25
98 94
45 4
9 18
54 97
94 52
68 93
61 88
86 98
56 71
99 68
13 18
69 31
79 16
8 44
20 2
42 96
4 90
24 82
88 40
13 25
63 9
6 92
37 58
90 58
94 34
38 2
45 18
27 17
39 87
65 58
76 13
21 86
74 97
13 16
56 75
76 39
49 18
43 13
16 10
78 62
6 63
20 78
69 2
88 67
97 68
58 69
14 8
90 73
92 82
32 38
91 9
85 71
76 89
18 6
75 31
60 5
24 38
16 47
98 90
3 87
57 22
96 45
60 67
85 58
41 84
21 100
46 5
60 50
37 45
70 45
14 36
