100 3000
25 63
82 93
16 58
13 23
64 91
31 33
20 38
84 15
3 2
30 28
92 34
4 31
7 20
4 79
84 64
44 40
86 59
88 10
41 24
52 15
45 56
48 15
25 30
39 55
26 58
72 46
59 81
52 12
14 63
16 52
25 96
49 8
76 70
43 28
86 11
89 27
16 45
75 94
71 13
52 54
87 56
29 81
46 79
85 94
14 96
48 12
18 66
27 56
21 20
2 26
42 76
82 39
18 1
46 67
23 50
77 33
69 8
14 58
32 50
74 45
98 78
87 9
44 24
31 41
68 66
59 67
16 77
20 70
30 79
74 75
70 57
38 56
47 92
85 32
70 95
40 11
41 42
41 22
69 86
11 18
19 87
3 67
26 19
25 92
62 24
47 43
58 77
85 12
72 60
73 64
4 88
43 21
22 17
16 6
70 4
10 30
58 90
51 49
52 23
1 83
32 19
87 1
74 99
43 92
64 26
10 71
36 76
98 40
17 3
55 57
15 34
29 34
46 45
74 82
85 43
90 83
45 25
26 20
36 69
41 19
18 65
55 88
67 38
54 6
98 50
70 53
55 27
27 8
19 15
39 41
14 54
7 71
38 99
28 13
58 81
93 5
84 98
30 66
99 93
53 35
78 35
76 9
1 97
90 93
54 68
96 26
3 78
70 79
77 84
100 34
41 38
28 24
87 79
78 100
69 44
19 68
17 38
61 5
5 15
43 39
75 22
35 36
57 16
18 39
48 51
62 45
48 29
85 76
52 87
89 21
42 44
47 28
26 12
56 20
62 97
78 47
68 92
8 86
58 75
19 57
56 64
65 11
34 72
13 82
9 96
89 10
21 72
31 8
42 43
21 54
26 69
36 20
11 7
17 92
43 73
74 32
84 90
24 74
57 79
66 35
88 52
31 16
90 89
36 80
12 59
94 22
85 1
56 55
50 79
12 35
79 40
76 60
89 36
4 55
64 79
62 50
52 84
18 69
82 51
28 84
98 96
89 85
77 12
83 87
25 61
85 39
98 45
20 82
73 82
49 56
19 22
8 20
6 34
37 28
31 11
4 12
42 79
71 81
14 75
85 10
39 21
53 14
41 83
85 36
37 32
37 14
99 79
43 45
80 77
64 43
14 23
78 76
76 90
94 87
45 64
35 93
29 7
80 59
51 57
50 22
2 92
66 15
12 67
85 88
32 29
36 96
16 93
87 16
44 60
13 19
22 65
19 77
40 13
50 97
2 18
82 49
51 21
64 98
54 97
16 73
27 19
38 75
3 81
42 84
17 59
76 29
25 8
90 77
36 60
3 76
25 36
14 49
88 76
66 62
86 16
85 25
11 83
21 98
92 11
93 73
9 19
27 22
63 95
84 88
96 91
100 22
18 46
98 91
79 14
1 64
3 27
47 97
100 41
39 70
53 95
5 99
80 54
15 43
96 39
49 100
97 81
50 26
57 18
54 94
64 89
27 17
95 46
54 11
91 68
39 24
34 32
40 86
44 34
44 92
79 71
30 54
87 26
69 91
14 25
50 93
86 39
29 98
4 99
18 85
2 47
61 51
53 97
83 91
3 30
26 84
59 30
99 36
9 18
20 72
46 66
1 23
92 60
55 41
10 23
43 33
60 91
86 2
17 67
26 67
87 82
97 29
38 26
68 53
69 76
83 71
24 72
20 59
76 56
5 96
82 18
41 91
74 83
18 3
72 15
69 48
88 77
62 78
11 61
16 68
91 84
21 96
43 55
55 96
98 27
40 45
5 42
97 71
75 50
79 26
36 68
4 65
21 82
7 1
66 84
7 37
45 49
91 48
22 69
27 57
27 54
1 92
9 4
49 88
87 40
94 15
17 93
14 62
68 34
59 62
71 31
18 100
99 75
82 62
23 61
2 24
58 12
90 10
92 71
35 64
21 29
95 49
47 95
63 3
88 14
34 13
1 27
70 90
49 40
91 78
23 81
31 18
27 42
52 89
80 76
26 22
30 60
59 91
14 32
18 10
51 89
92 31
5 57
94 68
89 18
16 34
10 81
99 92
93 83
63 73
70 69
93 61
50 72
52 33
100 57
30 43
71 20
19 39
75 11
20 17
64 9
21 17
21 81
66 64
64 100
67 42
88 21
42 50
93 52
36 26
65 83
8 16
20 52
56 35
33 28
24 5
27 80
90 39
54 70
37 2
86 36
15 37
83 76
54 55
61 21
79 39
12 18
35 17
24 67
39 10
52 58
27 69
61 96
3 53
50 57
22 98
57 75
53 21
74 80
22 46
65 71
12 23
10 41
95 39
63 75
86 30
31 86
16 89
44 96
82 40
6 93
73 53
84 50
47 65
4 91
1 53
87 62
25 9
56 12
57 9
49 99
8 39
72 33
60 81
23 39
70 80
66 13
71 52
67 81
70 41
2 89
10 3
87 38
3 72
31 40
81 80
75 17
14 50
6 47
83 42
100 67
18 81
43 75
96 60
43 7
30 51
31 59
69 59
44 61
21 16
14 70
32 47
57 4
70 2
95 34
7 24
87 10
62 91
83 5
25 40
34 36
47 77
99 13
11 8
80 23
86 20
99 44
39 33
18 48
58 47
52 53
16 56
88 80
90 25
88 48
57 63
42 80
26 40
24 45
17 62
81 75
29 46
19 74
21 85
59 21
7 77
96 74
32 45
4 28
25 13
67 39
95 93
96 50
7 38
68 15
39 5
22 81
83 84
83 34
3 20
76 94
96 45
35 89
61 58
62 58
23 9
55 48
37 44
12 94
100 90
91 65
46 39
26 76
65 39
65 8
62 48
63 56
27 31
59 33
53 32
82 28
73 89
92 70
76 41
92 54
60 13
73 85
81 63
75 30
67 10
25 79
61 12
38 59
76 45
66 67
13 67
78 22
88 69
9 32
63 74
8 93
33 94
100 81
99 71
88 74
44 28
98 41
64 27
12 69
98 44
13 12
93 13
11 68
8 99
8 80
86 65
58 35
34 43
28 2
65 80
52 7
26 93
30 87
53 11
84 47
23 34
4 81
43 76
23 2
65 58
81 89
90 36
76 82
18 68
68 45
8 58
37 90
65 21
96 11
98 59
95 32
96 58
100 97
72 57
88 27
31 97
33 46
99 59
12 36
70 56
39 63
78 34
54 33
98 48
57 58
10 84
86 84
17 43
43 79
67 6
96 84
57 62
15 23
66 73
6 39
78 64
50 89
69 40
49 39
7 75
72 70
55 62
30 53
52 62
18 76
84 60
87 57
80 7
67 45
64 4
96 89
65 59
87 78
50 58
85 24
37 63
74 46
100 25
33 4
35 43
38 98
61 73
57 46
60 32
42 29
87 42
93 76
82 17
29 2
83 27
65 56
99 64
88 58
90 4
44 89
59 64
67 5
10 45
60 67
77 48
7 28
8 70
87 53
37 65
86 7
69 13
41 79
85 49
78 18
52 76
68 90
65 79
40 50
57 74
64 74
97 33
37 93
64 54
6 43
34 85
6 98
63 71
42 37
33 58
81 93
58 30
75 89
59 83
1 96
35 65
24 66
46 31
5 21
70 67
94 52
17 2
15 30
88 39
8 96
42 96
17 66
68 72
37 43
48 32
48 40
1 26
46 90
58 31
25 22
19 67
17 16
53 48
91 61
67 48
73 7
93 53
17 87
6 12
54 41
92 74
5 52
4 92
12 95
7 96
75 28
13 79
87 13
79 16
36 33
89 37
63 42
24 56
94 65
73 83
8 43
83 40
55 80
39 98
82 78
58 5
75 49
47 10
49 58
5 49
98 8
27 11
75 1
51 54
13 1
46 61
17 58
96 3
3 5
10 35
33 7
22 84
68 30
50 20
15 24
60 51
94 37
36 78
27 76
81 56
35 83
49 60
61 63
13 77
31 1
65 77
81 55
61 35
53 10
44 26
10 61
19 80
61 47
85 31
25 94
12 81
80 34
36 55
10 2
63 40
26 6
21 77
78 99
23 90
12 82
68 74
33 65
71 33
51 56
75 83
8 29
85 91
98 43
43 97
85 52
52 19
20 2
24 51
87 46
77 89
68 57
51 11
59 82
93 71
51 98
95 18
20 5
26 73
54 46
44 78
42 14
37 4
46 68
76 33
100 48
62 35
41 27
14 91
16 26
40 23
41 84
70 50
76 25
89 13
53 17
62 95
79 91
24 6
74 18
93 60
21 83
46 60
19 70
86 6
72 65
33 25
17 78
5 68
62 15
30 61
31 52
67 29
31 50
93 19
47 96
75 20
97 63
44 4
68 4
49 21
49 66
53 42
60 22
65 36
68 49
23 47
48 38
60 62
46 81
11 100
80 93
36 93
92 84
49 34
55 87
22 23
15 26
80 60
12 7
96 23
34 63
7 42
12 17
96 35
75 71
60 88
78 13
40 38
100 73
29 99
83 95
32 10
28 41
49 59
30 13
89 87
27 18
93 65
70 47
5 94
16 47
39 60
42 95
82 90
4 53
68 84
26 3
21 19
76 30
36 82
62 75
1 93
60 77
17 74
26 77
79 1
53 36
51 47
63 93
94 58
10 43
86 60
26 54
100 14
41 4
71 38
3 80
56 98
14 64
4 26
27 93
61 94
11 56
59 56
82 77
41 2
34 54
74 21
40 42
51 79
67 11
96 48
59 11
46 83
89 57
72 75
88 94
36 47
2 31
16 84
67 79
37 61
67 2
49 55
13 62
3 66
44 49
94 48
34 91
78 81
51 10
60 17
86 42
51 88
31 20
47 74
96 34
92 27
51 39
62 99
100 82
86 21
52 41
58 44
49 41
27 61
26 90
92 10
2 73
98 37
16 54
41 9
51 23
63 28
81 17
15 80
36 13
68 23
55 66
30 100
31 64
64 52
53 92
22 51
82 52
30 94
36 18
69 16
17 34
34 73
19 1
40 58
97 92
80 18
76 47
76 71
100 9
32 2
85 66
70 12
70 21
23 29
93 44
43 2
10 14
16 67
84 62
23 77
73 94
59 19
26 18
50 13
3 54
3 60
81 54
58 11
50 10
32 78
60 74
60 4
81 92
50 82
95 94
95 64
7 62
36 4
59 92
13 86
90 22
85 68
96 2
46 73
67 37
53 64
20 39
69 52
1 2
6 77
73 18
33 10
8 61
4 49
28 9
99 88
38 23
40 70
55 18
90 73
25 70
21 27
27 40
7 9
37 25
35 97
70 18
22 5
36 51
38 21
49 76
27 95
86 83
85 8
5 84
26 37
29 94
6 90
78 27
94 27
11 91
66 72
75 91
3 23
80 31
87 2
51 20
76 97
25 24
3 56
75 25
40 6
71 25
2 72
43 57
22 52
46 2
31 98
99 37
42 66
40 51
3 9
24 78
69 73
82 31
65 44
83 2
92 62
83 64
60 1
51 75
74 23
79 82
78 49
7 18
62 77
91 28
8 77
96 31
71 86
81 91
88 23
81 84
31 29
56 34
25 34
59 79
51 86
14 95
53 25
29 6
96 27
32 12
4 7
9 20
4 83
69 17
96 10
6 64
49 33
97 78
50 45
77 32
97 86
97 5
7 97
44 10
16 49
41 59
48 95
89 54
69 4
48 28
4 54
9 56
38 73
44 71
49 63
60 34
26 100
16 59
59 71
100 58
40 20
41 43
88 59
82 19
80 45
95 77
79 2
1 47
26 85
28 18
54 7
47 18
37 27
2 56
44 35
78 41
43 94
7 57
95 80
10 25
44 45
90 30
36 42
83 30
79 89
49 37
65 15
22 95
17 99
74 28
13 68
25 17
36 37
49 67
52 98
62 27
40 21
92 94
22 8
37 62
89 5
67 88
75 9
68 39
55 14
68 40
28 65
14 38
38 93
93 41
47 38
98 28
30 12
4 74
44 64
85 27
47 26
11 85
3 32
26 21
62 19
9 81
14 57
51 94
4 73
17 55
6 9
45 53
18 77
60 37
6 76
82 86
59 40
56 54
62 20
7 90
74 61
5 26
66 71
33 6
56 97
17 30
35 69
22 88
42 26
48 35
1 24
7 93
32 65
9 62
28 23
59 5
17 4
5 1
39 28
55 79
1 95
52 24
84 51
20 6
7 79
73 78
94 6
18 98
59 51
91 38
62 61
1 69
61 38
75 8
23 7
77 17
77 45
47 68
35 37
53 75
5 36
25 44
51 77
52 50
76 72
46 8
94 72
8 66
73 21
54 5
9 63
72 18
53 71
96 76
74 29
48 57
47 99
46 86
14 18
34 74
40 80
15 79
13 73
8 95
6 3
34 97
74 36
79 3
51 73
24 93
34 51
79 24
43 61
37 5
26 63
99 89
75 31
41 60
89 39
13 38
45 1
35 1
18 16
49 35
30 96
57 88
71 19
87 47
64 90
17 10
31 10
86 55
60 57
39 73
61 31
89 98
37 79
55 50
100 88
48 6
23 27
94 26
72 25
22 45
6 71
66 100
15 85
27 71
56 6
29 84
5 32
89 69
4 48
97 67
5 40
35 60
37 34
99 67
22 36
68 8
18 5
6 80
45 79
22 80
75 79
97 39
28 12
87 60
24 16
83 57
62 43
15 1
62 8
16 19
5 29
5 4
80 85
48 34
53 86
40 46
33 23
96 28
48 52
65 96
41 96
68 26
47 49
95 61
10 91
36 79
87 3
38 19
75 55
26 48
18 25
79 54
67 80
22 76
2 50
86 67
45 78
50 19
76 66
2 74
81 64
16 33
77 35
26 17
15 4
60 6
87 54
50 53
11 46
70 6
62 69
83 37
37 92
23 48
61 66
85 58
72 100
88 93
49 97
13 81
73 1
51 2
42 93
15 11
45 34
37 47
37 91
35 71
84 36
24 60
2 34
16 3
35 15
67 55
75 26
58 64
21 23
95 9
33 95
38 62
92 5
66 19
11 26
4 46
39 44
59 76
83 49
81 79
88 90
6 92
68 56
56 75
41 16
28 15
47 52
4 84
33 93
34 9
67 94
40 29
62 16
66 26
85 100
20 63
9 11
6 5
36 91
54 90
59 34
9 85
9 30
42 58
70 31
84 58
43 38
74 73
41 58
28 6
84 2
35 3
3 57
28 93
5 8
49 86
75 36
45 84
82 68
24 57
94 16
20 25
12 96
75 45
49 89
81 41
59 61
27 36
88 12
98 71
41 94
49 11
44 54
60 12
21 42
7 26
38 83
65 81
72 79
74 67
70 98
5 70
72 4
48 56
54 12
1 61
32 57
23 56
31 26
25 46
22 12
63 32
29 70
91 67
64 68
42 48
34 47
66 38
32 75
60 98
88 61
15 6
93 30
72 59
41 25
22 31
94 34
14 84
89 72
49 30
63 47
5 75
99 22
75 48
12 79
6 51
17 41
32 41
100 98
86 99
90 43
78 75
99 27
2 75
49 74
63 67
92 86
39 48
13 16
75 80
45 15
68 35
69 75
57 76
13 58
5 90
73 41
39 14
71 8
97 93
21 34
22 72
20 28
66 44
95 59
1 44
17 52
91 94
82 37
72 93
100 79
45 59
40 7
87 36
83 24
43 58
60 18
92 75
12 57
78 70
55 8
39 83
27 4
73 52
48 87
49 90
29 4
50 36
35 59
11 24
36 14
56 79
15 46
24 99
45 37
80 98
35 42
42 19
95 29
74 12
52 37
63 89
87 86
34 87
19 56
14 13
55 28
69 68
63 66
86 14
73 28
76 19
32 38
50 81
55 77
90 34
81 6
74 3
17 31
94 71
22 28
78 21
82 16
94 28
5 47
92 20
92 58
86 27
3 46
67 83
88 64
81 27
9 26
40 37
52 43
55 32
11 66
2 94
40 74
32 56
61 13
88 73
62 71
21 31
74 84
30 2
95 16
83 17
64 86
18 29
45 48
20 49
6 1
15 25
65 85
35 31
71 47
75 33
69 43
43 86
89 19
89 93
52 61
13 6
31 6
59 13
6 23
69 37
2 98
99 25
40 35
31 88
14 56
47 53
37 54
6 96
39 38
26 33
46 99
51 19
40 33
93 77
60 14
33 78
99 39
55 33
65 27
91 73
11 88
31 87
86 29
77 22
78 89
77 97
34 66
47 29
50 47
34 65
36 3
12 49
32 44
94 8
71 88
43 40
31 78
6 21
26 72
2 48
12 86
56 25
69 15
11 79
44 36
84 69
81 45
89 94
70 1
64 62
13 15
28 50
29 79
84 79
100 4
12 25
1 17
27 30
38 58
3 59
22 55
79 58
84 32
74 14
38 2
48 84
52 75
82 53
63 10
62 29
57 69
2 6
84 3
75 42
96 52
34 39
32 93
50 91
86 91
96 73
34 52
89 7
37 22
11 22
40 22
43 23
52 59
5 35
16 27
51 52
35 87
5 65
45 23
5 48
8 74
78 16
72 86
70 89
93 3
78 48
87 25
35 98
44 41
57 20
29 41
100 43
72 87
37 96
18 56
61 80
48 3
12 38
25 39
26 29
4 32
92 93
88 62
66 82
72 28
63 86
77 54
97 72
56 17
1 39
10 34
36 54
87 50
22 92
10 26
6 97
98 42
15 29
89 46
5 28
98 79
63 43
33 22
25 88
51 7
98 46
62 85
72 30
48 58
33 24
90 86
89 45
12 84
98 55
4 75
8 6
30 14
78 37
16 9
34 20
21 58
100 89
61 75
24 59
98 54
57 94
76 8
18 94
62 22
36 98
40 90
95 72
11 30
9 92
34 35
94 31
99 76
29 63
6 59
10 20
57 2
86 73
29 93
2 35
27 77
27 5
60 2
91 16
47 14
15 77
97 68
22 73
23 44
16 99
72 77
98 77
94 4
58 78
91 54
8 23
14 45
1 89
99 14
68 86
1 99
19 83
58 27
19 35
46 24
33 56
12 46
7 48
33 15
11 90
11 70
40 89
27 100
20 27
77 59
30 82
52 99
33 45
1 82
24 9
24 4
28 87
24 64
90 32
82 71
43 1
81 47
15 50
82 84
34 64
32 31
21 52
29 52
20 69
60 82
51 18
65 24
27 39
66 99
36 95
37 58
33 53
8 48
84 80
78 9
23 99
99 56
94 17
56 31
7 100
9 21
83 81
32 23
70 96
9 45
85 48
62 80
31 73
45 36
76 16
73 5
34 98
91 99
34 62
27 67
73 76
5 87
50 63
19 48
65 3
74 11
26 28
2 78
48 46
76 87
77 61
72 36
75 86
55 42
11 20
39 26
17 86
23 64
30 6
69 2
77 94
10 12
82 34
47 55
16 88
70 26
57 21
87 68
61 2
45 12
100 93
95 90
51 70
64 61
72 52
16 75
82 41
48 41
40 4
20 45
65 50
90 99
14 77
89 56
98 62
69 3
71 32
91 57
31 23
77 43
37 72
8 32
14 81
92 80
43 18
38 85
68 28
2 64
17 89
85 75
96 79
4 19
76 100
48 90
55 78
16 20
6 100
95 99
55 44
83 54
92 56
75 6
81 34
69 54
63 48
90 15
33 21
74 1
70 42
59 18
17 46
84 70
40 36
97 11
100 52
69 6
80 38
37 95
24 49
53 40
83 68
24 13
10 52
10 82
54 100
37 9
47 31
26 25
13 100
53 63
14 46
50 12
57 98
56 8
92 24
4 61
42 78
94 13
83 97
38 10
82 4
41 40
32 33
76 55
93 4
41 97
4 52
3 13
76 91
1 90
49 29
33 14
34 33
53 66
33 88
63 5
23 37
60 99
28 53
3 39
71 96
97 65
14 43
98 4
59 84
43 16
73 11
13 55
85 46
91 2
26 32
18 17
40 65
44 47
73 45
46 43
95 40
44 77
67 68
88 37
80 24
49 81
82 5
31 49
80 29
60 48
42 74
85 78
28 1
11 42
45 93
53 9
40 3
5 56
33 84
2 95
58 51
100 51
7 56
74 30
38 79
54 63
71 16
15 91
68 80
64 93
100 74
5 23
75 88
41 45
54 29
89 12
40 76
89 11
28 8
24 35
66 88
75 44
29 12
1 68
15 18
3 85
53 94
6 73
40 28
9 61
33 70
77 92
88 97
85 16
84 44
65 100
47 45
56 15
11 69
38 55
34 70
54 38
2 11
33 29
99 83
11 45
58 89
37 75
27 9
42 16
43 78
12 27
69 94
38 86
25 16
14 76
7 81
26 78
86 1
49 19
62 100
70 55
9 8
30 55
52 97
52 39
16 100
86 79
43 66
40 62
49 84
63 15
57 35
4 85
40 66
81 1
36 6
99 84
13 80
31 57
73 40
23 55
17 61
37 59
80 33
10 21
47 73
26 46
31 69
89 47
81 48
57 47
62 49
17 76
19 17
18 6
17 65
43 50
17 13
87 39
30 21
76 51
10 68
59 27
70 35
69 87
29 24
43 48
35 80
33 69
79 10
11 16
30 18
82 8
24 8
70 86
21 36
37 12
40 92
95 71
95 84
23 49
58 22
99 42
44 73
99 100
49 48
17 63
31 84
67 53
70 73
59 14
27 72
69 9
61 7
79 69
95 56
72 44
48 74
1 14
30 31
82 75
81 77
43 36
22 15
55 7
61 53
30 50
52 46
84 7
61 54
74 26
84 78
7 95
34 93
81 20
86 57
71 30
1 37
44 7
82 94
11 37
28 32
72 69
14 3
78 68
45 35
97 48
15 38
20 68
88 34
30 89
83 23
20 64
28 95
8 26
31 37
49 38
54 13
99 2
20 98
25 55
100 3
69 96
46 71
80 51
63 100
59 25
30 19
17 97
62 83
3 49
33 38
51 63
93 56
83 58
6 17
5 66
48 17
32 21
15 64
93 9
26 56
11 5
90 97
28 56
9 35
15 81
97 2
2 25
9 77
99 72
13 70
93 39
10 36
68 21
17 57
24 87
5 98
78 95
31 19
93 87
24 40
23 17
3 90
69 28
8 73
81 69
5 69
70 49
64 7
3 52
71 50
96 80
95 26
62 70
12 83
13 4
74 62
43 31
97 21
91 95
99 48
100 55
62 23
11 98
50 56
21 92
25 89
8 81
71 34
58 2
64 55
63 88
81 24
86 93
24 10
77 76
3 8
76 84
90 13
21 8
94 20
67 9
46 93
9 88
65 23
5 85
15 55
14 92
78 65
2 77
3 44
27 48
32 86
87 77
44 19
72 41
34 46
98 94
70 15
32 46
4 87
86 47
33 81
46 53
12 47
2 68
9 15
14 89
43 22
38 16
85 93
1 29
68 42
46 49
72 11
9 72
53 38
87 88
28 51
25 48
80 30
100 39
51 72
65 12
17 64
12 24
47 15
19 65
8 88
98 13
17 7
56 42
10 97
90 87
56 43
99 26
96 82
54 20
89 26
57 65
58 80
13 84
14 72
70 82
39 22
95 98
90 18
61 69
37 18
94 79
75 29
84 71
66 31
21 56
58 23
91 1
74 44
25 28
50 77
52 2
24 54
88 95
35 20
57 30
85 83
67 54
88 79
16 36
98 66
33 86
28 38
69 39
77 64
17 85
36 30
15 10
65 69
39 2
66 36
28 60
15 53
38 11
33 89
94 86
1 65
10 83
75 60
52 60
20 13
16 32
76 81
7 8
42 71
36 9
45 69
66 32
82 54
72 5
47 13
59 53
22 53
97 25
85 13
93 58
53 43
36 28
95 52
1 58
63 65
64 60
54 23
47 90
82 43
25 54
9 42
91 89
43 9
95 68
78 94
39 75
35 30
14 29
3 94
2 40
71 3
65 84
75 76
90 19
44 95
68 81
94 45
85 59
53 6
85 23
30 44
52 35
23 46
40 71
82 45
44 43
65 73
46 84
91 17
41 89
61 6
100 53
94 64
28 76
67 71
90 66
63 91
42 15
18 41
54 35
100 77
31 24
17 39
75 41
25 81
50 8
41 69
10 77
4 80
20 80
87 49
87 44
18 92
87 18
64 46
6 58
28 85
31 38
93 98
33 68
7 21
37 17
49 17
85 79
48 82
61 87
74 98
92 95
90 9
17 5
28 52
83 96
25 73
36 83
36 38
28 34
10 94
61 42
88 44
18 88
53 8
29 25
89 95
86 85
63 23
41 51
33 57
10 13
95 4
43 93
89 60
29 56
89 28
71 4
76 31
73 81
34 79
20 83
34 41
19 37
91 39
74 70
82 89
87 29
61 76
99 18
5 33
86 66
38 24
44 85
15 60
96 59
67 20
15 59
48 13
79 21
37 77
84 40
1 72
79 73
45 83
77 42
7 67
2 21
16 30
90 63
26 24
53 98
19 55
84 61
85 57
96 99
28 97
92 72
6 11
6 41
19 10
23 73
43 87
100 75
71 45
28 59
19 11
58 56
46 28
44 5
59 48
96 100
7 92
88 32
93 74
55 10
56 73
21 24
71 85
14 98
91 42
42 31
1 46
63 99
80 71
50 59
49 54
38 42
57 6
79 60
65 68
38 69
25 4
6 95
63 41
49 43
4 8
52 9
5 16
73 27
29 83
56 60
75 67
50 90
74 55
27 43
22 56
96 40
3 38
96 87
75 54
98 15
42 4
72 80
100 47
97 46
100 91
5 46
96 97
29 17
29 72
75 23
97 36
80 17
96 77
2 90
56 80
69 82
78 20
80 48
75 87
60 5
70 43
7 78
11 77
53 84
90 59
10 58
58 18
17 47
32 39
41 26
86 18
66 87
25 77
17 71
54 53
42 65
31 39
51 68
64 57
57 78
63 24
51 95
48 73
41 50
44 57
40 19
85 47
67 35
15 16
69 71
88 53
98 92
8 100
44 38
80 44
34 27
12 42
66 58
56 74
26 71
6 44
10 99
83 100
29 69
61 67
55 63
18 62
89 4
71 55
84 37
93 75
64 70
99 69
30 45
38 90
29 82
69 74
76 11
75 46
10 56
45 4
90 42
42 49
72 78
44 81
75 65
50 76
17 14
96 86
4 58
66 12
79 31
82 2
52 68
97 73
73 20
10 40
77 71
44 82
65 38
56 84
6 68
97 95
12 20
1 76
12 75
62 36
49 53
25 86
82 99
97 8
38 6
21 93
54 58
14 7
91 31
23 20
74 7
63 8
90 31
45 65
95 50
76 12
86 81
19 12
52 42
71 78
100 15
72 56
89 71
28 66
94 70
41 71
60 55
13 8
23 57
57 41
70 75
95 96
78 56
94 47
39 71
37 21
62 89
15 27
19 2
69 92
34 67
11 3
25 5
93 47
82 57
8 57
71 48
85 41
92 88
51 55
67 40
63 84
97 3
83 60
87 85
42 94
48 89
81 35
3 37
38 18
26 27
88 70
20 1
8 33
100 2
88 47
18 22
91 22
92 57
10 49
49 61
71 90
38 97
99 7
19 53
19 18
68 31
88 41
27 29
67 15
51 16
21 95
55 40
55 65
48 66
91 21
3 24
3 86
59 89
40 56
92 91
99 32
48 83
36 17
82 26
51 53
54 85
29 37
49 65
78 90
88 17
89 20
1 8
30 97
100 56
45 19
9 10
6 46
92 79
17 15
88 6
8 67
79 93
40 93
2 42
