100 3000
59 75
86 23
54 13
11 5
19 93
86 100
38 30
89 99
36 76
41 81
62 11
37 73
52 67
92 85
83 48
8 56
57 7
83 71
60 98
95 18
48 53
94 15
27 33
80 19
28 25
71 27
71 98
93 15
74 57
20 44
8 44
92 33
91 13
3 99
20 55
30 93
3 92
23 82
58 31
77 8
59 10
88 100
34 29
11 65
87 17
11 19
75 57
31 47
100 73
40 61
57 31
23 53
54 7
45 21
63 91
100 44
84 83
71 88
59 32
23 2
12 69
69 86
15 50
46 67
41 51
26 40
20 26
83 12
16 60
31 41
11 58
93 94
3 79
97 38
76 63
90 66
83 62
71 45
48 59
22 2
21 25
34 22
21 66
29 98
60 53
1 56
98 15
22 29
73 69
52 19
45 92
25 51
15 13
81 77
64 51
34 77
34 65
14 39
96 4
49 57
89 17
34 98
64 70
29 49
48 47
47 99
97 15
42 32
69 28
50 76
40 76
98 58
10 68
50 59
85 33
28 22
37 53
19 59
89 76
38 31
11 28
33 93
10 34
40 47
41 23
17 2
23 74
96 28
46 99
38 50
18 39
26 95
46 44
20 67
55 99
16 100
34 84
74 83
68 22
38 7
80 51
67 60
11 55
45 48
65 50
17 35
58 74
40 75
33 53
23 64
4 3
69 93
84 87
51 50
40 16
35 20
59 51
87 10
43 100
68 92
10 18
77 22
93 6
25 66
76 42
44 14
33 44
91 3
14 47
8 21
40 49
6 41
21 3
11 61
49 96
30 75
83 51
44 74
55 1
85 62
46 35
55 4
43 95
21 99
78 72
87 54
99 9
22 18
2 66
40 48
68 4
69 47
84 11
43 63
34 63
64 88
94 11
81 71
38 3
50 20
82 15
16 55
51 65
53 82
70 5
78 25
27 86
69 19
68 100
99 56
89 71
66 86
44 23
10 96
45 84
22 57
13 16
96 40
70 88
45 10
90 81
31 76
40 25
60 47
94 37
84 35
92 66
28 12
4 79
44 6
13 64
75 51
51 5
25 97
1 66
42 82
73 92
15 23
35 74
2 11
74 31
60 12
88 44
20 78
64 28
90 58
71 65
28 36
44 72
63 82
41 48
28 58
10 44
66 20
13 10
44 86
52 44
10 41
68 64
73 40
47 82
8 68
27 26
61 8
1 70
54 26
2 35
81 76
100 52
4 22
77 98
50 84
16 17
67 19
49 58
53 70
2 48
7 16
4 89
52 6
97 99
76 87
51 22
10 52
35 82
70 52
89 65
57 90
22 50
21 51
64 6
37 29
54 41
16 8
84 96
57 54
70 90
99 2
75 23
53 88
10 80
88 8
69 94
68 37
84 31
5 72
29 16
68 56
4 72
71 25
23 9
93 27
7 36
46 80
7 50
62 84
15 70
36 57
34 54
38 35
45 57
40 58
99 12
7 99
45 62
60 55
91 78
20 93
64 50
26 47
73 56
22 33
97 40
39 98
50 33
73 47
41 96
65 98
77 9
60 92
51 97
68 52
99 37
48 18
82 52
59 92
63 38
32 41
100 70
50 58
39 78
80 68
92 41
2 16
21 87
59 45
22 100
94 87
8 66
62 94
14 20
52 61
63 33
19 81
74 70
68 30
93 43
6 57
62 87
93 46
52 53
84 78
63 67
76 88
98 97
33 82
24 57
81 5
71 100
8 26
4 54
82 10
59 33
77 80
28 66
30 52
83 60
47 87
64 76
33 38
17 9
9 11
54 6
13 1
29 47
85 56
43 97
45 33
81 3
3 80
57 71
8 12
48 94
21 30
19 96
38 87
15 8
60 82
83 90
41 17
30 14
51 98
80 52
26 61
5 92
60 57
1 21
82 4
67 4
11 73
88 40
70 32
72 25
87 26
77 64
77 20
20 99
1 89
85 68
98 18
78 89
89 57
7 71
77 54
55 85
32 37
90 65
84 74
35 47
77 66
6 62
61 56
32 64
34 61
70 27
53 13
41 86
87 61
21 70
36 55
92 38
77 6
98 95
71 31
52 87
49 31
45 66
9 98
54 39
35 32
89 48
23 51
3 71
30 24
100 25
35 25
78 50
9 82
70 34
49 41
51 10
82 3
59 28
92 84
33 55
9 34
36 82
2 93
36 1
94 72
38 91
28 81
79 11
75 88
98 44
13 46
99 35
31 10
63 62
95 93
11 10
76 38
31 99
23 57
64 40
77 94
39 73
30 61
47 95
48 73
38 56
60 85
35 45
82 2
32 46
56 74
55 14
67 9
3 58
44 59
33 49
95 8
65 68
49 59
61 37
20 96
45 20
100 6
97 37
94 10
41 28
35 10
32 97
19 78
26 48
75 70
11 60
81 74
81 46
28 85
6 81
61 9
88 37
78 7
35 9
25 65
1 80
3 5
56 81
31 82
8 80
27 81
10 3
86 85
44 12
43 12
7 56
82 79
56 94
10 92
52 4
23 19
3 94
34 40
61 98
72 12
21 26
11 91
87 41
1 99
69 87
77 15
97 9
27 77
47 92
92 27
37 25
14 1
88 23
84 29
4 39
78 38
78 90
19 18
89 59
13 57
1 65
34 30
45 13
99 19
15 46
68 83
62 4
79 56
11 67
12 78
27 17
100 96
75 71
65 62
91 75
96 32
9 45
19 50
89 34
17 60
68 44
60 25
9 70
47 43
81 82
11 43
22 93
92 57
14 11
18 56
87 9
66 46
99 78
15 25
26 36
3 68
97 49
24 51
24 88
12 87
12 24
81 66
4 19
31 51
15 99
11 71
60 72
67 48
60 77
14 62
34 85
67 89
93 72
32 92
13 76
6 59
93 47
33 90
49 21
86 72
84 16
28 26
84 44
15 51
2 38
65 82
24 6
36 59
99 8
40 31
76 78
24 56
9 33
79 29
56 53
63 10
8 71
14 67
88 67
97 42
86 32
40 45
28 83
10 100
52 47
48 50
65 85
54 93
42 59
24 63
94 61
35 12
9 42
77 35
66 32
83 47
46 45
50 98
84 75
8 43
52 83
66 82
69 98
90 1
54 95
91 62
62 54
35 59
90 14
69 39
33 60
46 19
1 94
92 1
88 51
58 72
25 36
17 73
51 61
7 66
22 52
62 15
3 11
23 94
92 35
17 82
65 19
17 43
97 56
82 7
44 97
3 97
73 25
94 95
18 24
22 88
25 49
69 67
12 41
53 8
38 20
27 25
75 13
10 99
41 1
79 28
58 48
11 27
84 4
71 21
98 28
18 4
51 27
58 62
87 31
100 23
49 13
96 70
60 20
89 51
89 75
38 57
16 81
83 78
2 90
73 28
51 78
69 62
45 39
86 67
61 7
78 98
99 82
90 18
90 47
25 80
18 11
2 62
94 2
25 91
24 74
6 23
19 83
9 68
91 53
80 11
21 64
65 9
69 23
32 14
2 47
91 24
23 60
41 76
82 25
83 94
61 15
58 99
3 15
21 96
89 27
70 13
73 4
31 100
26 58
24 32
59 54
67 5
71 54
97 35
59 37
41 64
99 41
45 85
71 97
56 21
29 65
83 31
34 1
32 53
11 4
97 17
47 1
79 69
90 42
36 67
1 32
82 70
89 22
63 21
81 91
39 59
95 31
63 41
77 30
47 49
54 67
74 72
92 28
26 66
21 27
10 47
97 93
58 55
13 9
79 74
95 17
27 49
75 7
22 24
84 26
51 87
44 28
93 7
87 71
45 23
26 12
62 24
91 54
57 100
44 95
92 34
38 10
59 69
27 62
69 51
84 17
56 31
36 17
45 47
70 98
70 73
18 86
90 49
89 31
85 8
55 8
53 18
6 39
2 77
89 56
94 36
6 34
1 100
48 35
86 46
74 51
99 13
59 8
10 33
33 29
94 9
76 1
36 34
68 39
24 65
89 81
44 76
2 80
96 91
64 92
35 40
48 77
32 2
88 58
27 12
28 60
4 47
12 63
33 32
72 13
39 76
54 56
70 78
8 31
7 24
69 15
49 78
39 100
53 98
90 32
94 52
16 66
87 74
24 28
54 18
95 46
39 97
54 9
30 99
15 91
48 5
58 96
76 82
21 46
37 78
16 28
28 38
55 89
61 46
25 89
78 88
75 54
99 33
2 100
12 30
66 35
7 67
14 63
92 9
58 1
36 54
36 99
95 42
94 63
29 70
72 45
9 18
81 44
61 12
1 45
51 58
85 2
63 89
14 56
10 23
35 98
49 23
4 28
56 41
14 17
23 31
89 95
18 47
5 89
16 93
67 8
14 45
91 48
98 90
69 89
5 60
66 9
57 12
38 95
21 38
68 42
93 87
21 73
62 26
3 7
46 18
17 62
74 8
83 29
63 30
30 25
31 65
42 36
82 38
52 54
88 4
49 84
81 70
47 38
26 75
57 1
70 38
36 29
34 96
59 11
69 91
24 96
15 33
48 99
55 32
27 59
21 57
81 57
61 85
94 80
44 32
82 18
43 84
19 42
48 30
36 5
58 56
22 10
45 32
93 53
96 62
47 7
52 5
49 24
89 82
55 61
96 97
59 85
74 4
71 73
95 72
82 87
68 6
60 89
95 34
18 16
99 84
25 44
25 17
32 11
29 8
91 79
69 11
12 67
30 5
68 67
54 11
21 82
39 77
18 52
90 88
8 47
73 61
100 60
5 16
61 42
24 82
69 49
88 66
20 81
70 95
29 64
98 91
43 7
99 96
19 28
67 3
17 90
20 7
67 21
55 77
18 28
64 46
30 71
11 37
88 89
28 55
56 75
79 76
34 45
83 49
4 58
71 93
16 56
15 78
71 63
47 81
85 76
43 1
17 4
59 47
20 87
55 91
86 97
79 37
15 65
33 81
39 28
14 35
21 34
23 11
90 61
55 5
31 11
82 40
86 91
2 27
53 81
38 8
24 55
56 93
95 99
16 23
71 1
65 36
80 49
5 18
12 3
12 33
64 65
24 60
68 53
31 5
33 25
98 6
51 34
56 25
47 61
20 5
92 26
34 56
55 6
42 84
92 70
82 91
16 47
13 97
21 55
10 1
40 55
17 45
70 30
29 1
61 79
72 63
34 100
84 12
33 17
100 90
9 53
61 35
25 6
69 9
17 30
49 18
99 16
32 74
74 99
99 66
31 96
53 38
17 6
56 92
35 19
86 81
82 22
13 7
65 76
71 80
67 24
3 49
61 49
3 100
14 46
23 90
62 76
15 14
5 6
68 78
81 25
45 8
46 73
55 50
55 53
86 80
20 3
98 24
75 28
46 50
13 98
2 64
57 46
17 37
60 39
23 77
23 98
45 6
63 19
61 74
11 100
38 19
48 66
8 7
100 30
38 11
92 93
1 38
55 88
37 39
61 32
19 40
33 8
62 34
59 96
70 3
49 15
80 85
65 54
90 31
73 63
95 19
67 99
25 23
39 90
58 43
94 21
76 71
18 50
59 84
22 47
60 65
98 22
100 46
74 41
67 85
69 36
92 22
87 42
71 37
26 71
30 53
88 98
50 25
76 59
7 46
95 87
83 59
88 48
46 77
72 54
97 87
87 39
37 62
79 8
62 72
21 48
68 88
14 24
86 54
21 35
88 59
13 68
44 39
95 88
35 70
78 85
98 2
100 18
1 97
86 88
44 38
20 72
3 16
10 24
49 8
89 68
45 100
51 71
71 99
3 32
69 27
10 83
25 68
74 80
37 76
44 2
61 65
58 67
11 40
66 65
63 26
39 62
18 84
27 52
73 86
99 51
77 11
55 93
47 36
89 62
49 28
22 54
29 35
19 7
4 42
58 54
76 20
8 87
21 5
98 100
54 63
90 51
79 65
41 35
83 67
19 17
24 92
36 39
64 83
44 58
92 11
37 3
26 24
5 8
68 5
11 39
35 26
12 22
21 24
98 11
36 80
40 51
88 42
84 82
7 31
60 84
69 64
76 90
100 56
44 89
89 35
95 21
70 47
58 38
76 22
65 45
99 62
14 93
45 49
27 83
5 93
60 58
26 69
23 76
54 49
39 85
27 85
38 39
86 68
46 37
17 100
83 25
1 25
14 72
80 66
44 91
56 64
3 75
9 78
29 48
2 30
31 13
71 66
83 92
28 74
68 33
95 11
82 13
6 58
52 57
90 24
18 20
91 8
80 98
53 79
62 50
63 22
57 30
20 25
80 78
22 55
58 94
74 9
40 28
59 3
45 63
85 14
66 75
58 21
72 81
32 60
2 43
87 27
65 48
15 52
72 34
29 28
26 32
2 3
91 66
5 40
57 40
20 61
46 42
21 33
38 5
80 81
41 14
12 18
24 41
90 13
90 64
16 19
79 21
40 89
29 82
59 93
53 87
48 98
86 39
91 49
11 89
12 16
28 97
34 15
22 31
24 8
8 37
11 57
20 12
88 94
93 70
91 34
41 47
63 80
68 60
19 12
2 67
98 10
34 66
21 77
4 66
10 14
75 55
32 19
60 99
12 85
10 42
73 18
22 5
85 72
83 61
71 28
35 87
36 97
32 93
70 58
41 100
20 71
2 9
55 37
53 10
63 18
27 44
96 46
90 68
66 38
99 75
82 100
64 15
37 83
11 70
1 61
24 15
84 5
55 2
58 34
74 2
94 22
70 20
100 65
17 55
76 97
50 10
30 74
42 56
33 11
63 55
42 63
35 95
31 70
18 55
69 25
17 34
46 40
22 8
21 47
61 45
12 92
31 68
6 7
54 8
80 83
48 9
86 51
26 56
28 6
95 48
84 100
34 75
58 95
99 70
6 75
6 82
3 54
78 46
27 30
6 12
16 52
97 30
42 92
9 1
15 86
49 79
64 91
60 96
84 25
86 31
78 55
7 34
93 64
98 73
30 16
90 53
84 81
98 76
55 70
4 43
77 33
25 67
15 89
21 62
26 49
97 4
45 26
13 65
32 29
41 62
59 97
59 94
20 59
23 84
5 98
20 47
89 98
62 74
88 14
82 59
39 89
67 70
62 16
87 23
69 50
1 8
43 29
46 65
88 25
96 72
85 96
76 99
99 34
37 6
99 65
73 36
50 79
86 65
31 43
8 30
63 99
5 41
24 40
43 69
73 89
17 21
77 70
25 96
98 59
34 49
7 63
54 2
35 39
61 24
4 6
12 46
61 68
80 41
14 91
22 46
43 45
6 78
54 76
37 81
3 86
48 81
44 49
72 83
42 86
91 27
88 11
76 93
43 57
56 70
6 8
1 96
21 10
34 31
87 33
54 99
81 85
75 44
42 54
18 40
3 27
91 43
24 23
61 58
37 70
61 54
8 76
80 99
22 58
40 91
94 38
60 40
12 74
68 45
77 50
80 54
48 43
43 15
26 97
23 43
62 86
96 16
28 57
28 3
53 6
89 52
42 40
59 43
74 3
18 30
78 33
20 36
95 14
65 72
91 60
41 44
23 34
28 45
55 23
14 37
81 17
75 74
19 55
22 85
41 2
79 17
50 21
46 29
59 34
49 37
93 26
100 53
16 39
38 67
39 43
66 61
53 99
14 65
29 44
61 70
16 98
54 20
79 30
92 95
6 84
6 87
38 41
66 44
85 19
77 72
46 11
75 29
50 9
94 49
7 65
7 85
54 47
78 2
93 24
69 88
16 9
89 10
2 15
66 70
72 17
87 1
43 55
54 12
3 53
57 69
50 99
34 20
73 42
49 85
64 61
51 2
42 39
28 84
89 24
20 56
96 8
35 71
67 97
79 12
57 78
81 99
68 38
54 60
64 39
72 87
18 62
59 15
94 34
55 27
94 73
78 43
2 28
7 59
76 4
69 33
40 71
51 94
2 1
43 80
99 6
36 75
59 72
55 98
7 83
32 88
88 16
53 83
10 16
48 54
92 87
25 11
45 15
30 73
17 56
73 27
35 63
69 100
25 31
53 17
41 69
68 16
84 56
12 90
49 42
18 88
25 64
25 9
36 41
14 89
83 89
3 34
51 84
91 29
66 78
55 44
46 1
58 52
54 21
84 68
89 74
22 73
3 64
45 99
63 39
93 88
74 6
64 82
51 85
93 63
1 81
94 4
10 49
66 50
29 42
66 59
78 81
76 26
54 31
51 70
69 7
8 86
73 91
25 19
85 15
49 86
13 77
74 39
47 97
85 31
29 60
60 90
19 94
17 48
23 48
46 47
24 42
11 56
36 49
72 7
37 22
33 43
62 97
48 39
37 13
21 100
86 24
44 54
97 65
81 61
84 85
28 42
14 43
5 99
57 61
80 72
41 42
48 71
1 49
96 86
86 71
21 93
8 93
14 31
32 57
33 83
63 77
69 53
79 62
85 93
44 67
45 90
61 91
8 39
31 46
69 71
41 39
25 93
7 96
67 82
90 54
20 69
10 65
54 35
43 26
58 91
9 80
6 51
80 70
18 75
54 78
36 100
89 2
48 96
9 19
5 50
24 80
75 87
91 89
72 69
47 12
83 82
4 91
59 23
30 36
99 23
99 88
33 35
47 79
67 27
76 67
64 26
41 79
48 22
69 14
65 3
58 13
98 46
73 38
36 83
72 30
16 70
7 49
6 27
70 2
16 36
93 34
16 59
49 62
25 53
48 85
100 48
15 27
26 91
39 58
48 90
28 90
2 26
92 52
99 14
70 71
79 87
58 87
20 52
10 58
27 53
79 48
47 50
59 99
35 13
62 19
12 2
36 11
86 11
42 12
77 79
18 66
44 78
48 44
79 34
46 25
76 27
44 42
73 93
14 13
68 91
3 51
94 91
36 37
89 43
92 2
18 3
50 96
22 97
59 65
6 36
58 17
37 93
53 2
21 15
65 63
38 24
86 48
6 73
81 97
27 38
55 30
76 70
81 67
28 100
53 11
74 43
15 41
74 68
73 90
44 30
74 34
25 61
48 1
53 22
78 10
96 73
28 86
63 36
84 30
38 89
88 27
45 53
22 64
100 99
73 68
15 18
57 17
90 30
13 27
53 26
19 6
1 33
79 45
65 20
72 43
28 87
81 31
29 45
58 37
17 7
6 30
74 49
83 40
77 29
42 98
96 26
70 60
91 70
55 67
39 29
19 34
77 31
47 94
95 1
30 19
75 85
70 83
30 13
15 84
88 83
12 50
91 72
93 17
65 32
37 64
71 67
41 20
81 4
70 19
7 91
31 52
92 14
51 35
52 86
89 6
59 74
24 1
94 18
75 53
80 100
51 96
100 61
22 16
61 95
60 19
8 98
72 84
86 75
59 14
64 53
60 95
51 82
87 19
9 20
44 37
87 24
41 3
70 45
43 77
96 98
63 32
67 95
98 57
72 36
83 96
78 93
43 41
87 14
76 91
29 100
42 70
46 58
66 58
35 37
10 95
67 65
44 99
35 83
8 51
13 74
55 100
94 79
70 79
61 22
16 45
32 38
80 59
68 28
85 38
39 30
68 97
31 50
63 28
38 51
64 17
98 86
19 74
15 48
60 31
33 79
45 89
100 95
16 79
58 82
62 68
5 4
32 5
30 82
94 39
29 27
93 91
85 88
77 74
10 86
82 1
82 95
17 69
55 66
5 44
17 47
61 59
80 30
89 72
59 5
54 92
72 37
19 31
7 79
14 74
38 15
39 13
78 61
20 16
7 62
23 70
38 98
99 86
81 69
87 34
19 47
45 51
78 56
33 23
58 14
50 92
26 25
37 26
12 56
51 63
49 30
20 88
45 54
90 27
34 44
25 43
27 46
97 16
30 32
64 33
19 3
80 79
91 65
72 10
12 11
51 100
14 86
34 64
69 55
16 82
82 12
66 42
88 41
64 27
89 87
10 55
62 66
68 87
46 17
77 99
80 67
74 1
27 4
5 33
98 40
24 37
69 13
44 93
85 16
15 36
36 95
15 95
2 52
40 14
47 91
80 56
69 84
75 37
95 83
34 86
25 13
50 81
75 17
6 66
39 7
55 87
72 75
55 59
12 13
50 39
26 39
41 60
13 3
19 49
96 71
100 54
63 52
52 99
41 91
81 62
74 92
35 93
90 4
34 28
95 55
50 53
95 91
79 58
2 56
46 8
81 65
39 27
13 26
49 88
49 51
92 31
48 93
91 88
63 61
60 27
25 12
59 68
9 51
42 14
73 51
93 61
35 76
55 39
30 1
67 75
9 15
6 31
9 12
52 36
76 18
15 4
33 91
78 58
8 60
42 43
67 10
42 80
47 58
24 72
89 86
7 100
10 60
57 76
2 60
20 53
54 81
70 24
27 40
62 22
84 61
66 51
83 99
91 10
7 35
78 63
91 100
77 67
39 83
62 60
2 46
38 65
74 27
16 26
9 28
23 30
2 25
89 79
77 89
14 51
95 45
59 62
53 67
83 13
52 76
8 36
21 9
40 72
12 98
86 17
100 20
26 33
91 97
3 83
64 60
25 10
16 50
91 36
7 89
30 64
25 47
41 97
57 65
49 95
40 65
97 94
55 96
35 50
98 32
75 20
42 45
33 34
18 77
91 71
73 3
16 71
92 99
73 26
69 35
76 16
91 80
2 10
14 33
25 38
77 84
3 96
53 66
17 23
30 37
72 21
97 23
38 26
10 84
74 48
65 16
8 41
44 31
56 66
24 33
100 75
72 33
6 95
3 35
21 6
56 40
51 79
75 38
34 47
10 90
54 30
78 59
81 73
81 51
63 2
65 35
89 16
77 37
61 21
70 39
96 37
13 21
3 89
28 47
5 1
72 50
28 62
69 30
34 48
15 31
90 55
95 56
97 24
39 66
25 42
43 40
17 20
5 47
20 86
91 22
15 60
47 85
37 1
18 99
49 68
92 55
41 89
6 65
95 4
62 1
9 84
77 28
97 90
89 53
85 53
95 74
55 51
10 46
21 14
83 30
40 39
76 60
25 86
53 71
45 3
30 67
11 42
85 52
65 17
65 75
60 26
68 72
26 9
45 27
72 67
68 79
64 58
39 96
33 58
75 50
1 85
54 73
18 36
87 90
95 65
51 72
58 36
85 6
56 30
84 55
43 61
4 50
18 59
58 83
23 89
77 45
12 70
97 27
100 74
67 90
60 52
24 16
27 32
98 14
4 56
15 44
46 54
38 22
37 54
32 28
50 13
34 46
26 10
75 41
62 35
52 75
64 49
87 83
39 19
11 63
27 31
64 71
29 95
1 63
87 88
16 67
18 67
97 18
4 64
5 87
71 79
14 48
80 58
56 48
96 52
78 1
23 3
79 84
76 51
96 18
84 53
44 13
100 78
50 71
49 56
52 98
50 43
76 80
73 20
62 8
29 97
61 62
39 65
94 66
38 88
5 65
85 46
30 92
21 91
35 24
64 95
79 20
57 47
40 8
68 46
99 93
4 21
54 14
16 86
60 43
79 59
44 65
37 65
97 20
73 31
5 37
69 54
84 39
38 36
90 16
43 5
8 75
78 75
37 18
54 83
25 99
9 10
4 23
59 9
30 58
75 58
46 60
77 7
76 66
26 57
100 8
11 24
74 10
14 100
83 41
44 77
44 18
15 57
92 61
54 85
23 52
32 75
53 72
63 50
11 72
78 82
18 1
68 48
71 85
18 7
65 28
40 13
57 29
69 37
4 98
21 31
15 54
42 79
18 93
86 29
64 12
3 22
78 92
12 1
42 85
96 13
73 59
51 17
75 22
71 61
54 40
13 80
54 32
74 15
75 76
3 57
81 79
83 86
23 14
88 5
18 81
90 44
29 89
49 66
15 7
52 49
20 24
50 42
51 68
44 19
7 73
45 76
29 2
67 41
37 41
93 74
85 11
90 85
68 35
8 81
51 42
31 2
57 2
53 34
90 72
19 75
10 5
5 9
12 14
23 68
17 71
21 37
88 52
93 45
55 52
69 92
73 16
35 11
72 61
79 35
20 85
87 80
44 94
84 63
100 97
35 34
66 72
33 94
1 19
69 75
93 49
31 63
55 31
16 53
88 31
84 67
23 12
85 74
97 74
34 16
97 58
35 75
94 42
43 98
41 46
26 34
2 6
51 18
23 56
71 4
36 86
90 56
61 27
49 100
37 86
11 47
94 30
73 23
47 76
40 1
64 85
26 6
74 96
50 91
69 76
23 78
8 2
27 79
63 83
18 42
83 23
87 99
94 13
85 3
15 42
83 6
64 94
57 77
14 82
95 69
29 53
63 69
60 80
47 84
82 46
9 39
55 48
73 15
2 4
54 33
37 16
97 95
91 18
85 89
53 51
40 41
19 72
94 90
94 27
58 71
36 85
7 48
26 18
25 54
44 56
75 4
32 80
38 23
90 63
74 69
49 55
35 27
95 32
12 59
72 46
53 96
74 5
35 18
11 1
41 84
7 32
97 7
23 96
5 17
32 18
85 18
35 78
83 79
58 53
84 27
46 52
85 41
9 95
26 22
72 100
46 36
41 19
85 29
42 5
46 63
32 48
95 66
33 62
58 65
43 81
22 17
44 26
40 68
95 41
73 32
2 24
99 42
12 93
55 79
40 21
28 33
86 63
27 20
75 1
32 31
51 1
56 88
62 73
90 99
60 14
84 71
20 49
41 82
19 26
73 55
34 78
63 74
82 88
91 92
6 18
2 5
35 96
25 7
69 78
50 54
46 88
53 5
96 54
22 40
64 89
43 86
70 8
4 26
7 10
76 43
29 24
29 30
63 58
62 64
70 17
78 94
61 97
88 47
69 48
34 52
38 12
91 52
43 66
16 77
35 60
25 34
60 94
40 52
90 26
38 79
73 64
69 52
39 17
12 91
13 52
40 53
63 68
36 14
56 47
78 11
97 34
25 79
65 12
6 61
91 28
3 88
73 13
44 17
16 4
66 23
3 90
73 44
93 4
32 84
43 6
22 87
84 95
26 86
33 18
97 78
74 66
66 93
51 48
51 28
32 43
49 63
21 23
4 13
40 37
20 82
13 38
47 55
20 63
28 82
25 3
25 22
49 75
40 99
81 49
85 50
24 69
75 92
60 4
90 43
98 93
49 53
9 85
65 2
48 62
62 77
75 31
18 71
56 33
43 38
55 9
93 9
88 17
76 33
62 47
29 38
12 62
68 95
14 80
66 24
96 33
84 86
94 85
86 95
64 80
92 18
88 9
1 22
62 40
61 17
46 91
94 7
64 35
83 34
28 23
17 85
41 7
73 41
98 1
26 29
14 68
67 98
13 17
6 76
31 30
91 31
40 84
30 46
76 12
86 58
36 24
53 57
82 72
96 89
70 89
49 16
66 13
81 12
43 52
49 11
17 40
22 15
12 86
61 23
87 45
72 52
72 6
12 7
79 43
42 23
23 65
53 41
15 5
12 73
55 81
50 49
51 52
45 30
49 48
9 14
78 79
71 74
81 64
73 29
87 16
69 18
100 27
54 84
2 20
3 76
71 10
94 26
76 29
60 36
70 86
10 54
52 33
49 65
64 42
31 93
63 53
6 86
73 60
13 67
33 70
53 35
43 46
70 48
96 45
55 12
