100 4000
34 8
36 73
56 94
73 56
62 80
24 55
94 69
37 81
74 7
66 91
1 75
21 9
46 80
87 44
66 57
28 64
81 78
86 2
81 15
80 51
30 82
51 44
79 61
53 42
97 100
67 39
21 64
20 42
57 82
31 66
25 23
28 90
52 9
24 63
58 36
80 74
16 9
64 35
3 70
33 44
17 61
69 68
56 12
75 56
84 29
2 57
68 23
76 24
22 42
31 43
47 73
30 61
64 17
31 11
63 36
20 29
30 34
9 62
25 41
54 60
34 22
53 43
92 49
86 47
79 66
95 45
1 96
36 93
24 52
90 14
83 56
50 13
63 87
85 74
74 21
51 71
32 68
73 62
69 100
85 45
7 33
15 74
78 97
36 28
55 90
80 15
15 23
91 19
74 67
43 12
89 6
33 47
71 4
64 75
44 93
60 95
11 21
86 64
8 33
82 9
74 62
47 17
96 5
78 79
50 12
33 85
9 24
98 28
18 59
73 75
50 33
81 29
55 23
64 95
79 12
4 10
82 84
90 81
84 59
68 55
99 29
48 65
86 52
41 20
44 50
17 88
88 2
18 11
20 44
24 20
2 91
47 2
69 44
32 45
10 2
26 48
34 35
88 7
14 59
17 51
20 1
69 61
40 70
16 86
71 84
12 27
53 35
88 38
78 75
37 79
11 24
17 56
77 10
10 79
12 78
30 20
42 44
81 57
99 69
71 92
32 88
85 81
48 80
80 77
18 52
33 54
98 6
49 79
91 27
47 20
6 55
94 66
33 69
41 18
67 96
71 55
54 10
29 94
99 12
43 78
58 61
3 78
15 62
18 82
50 72
59 42
29 76
23 58
52 91
12 31
92 85
29 88
60 83
72 41
78 29
36 77
29 37
77 65
14 93
98 41
42 66
16 18
9 94
1 24
8 46
54 8
4 76
97 90
40 4
15 46
90 91
97 16
59 86
54 35
93 11
85 13
98 29
84 42
24 3
64 7
89 42
75 39
28 37
79 99
75 99
50 84
46 63
46 92
23 52
98 47
95 62
39 21
11 29
95 55
93 59
37 86
46 11
69 53
35 43
60 2
10 33
30 58
47 30
84 11
68 86
37 89
18 75
2 79
16 62
58 14
38 57
3 64
36 23
4 35
60 26
55 86
45 65
30 15
53 19
43 79
44 47
71 10
42 29
79 35
65 64
75 65
64 30
76 62
71 90
97 10
53 79
1 67
50 21
38 97
53 93
40 77
74 26
8 41
55 40
19 38
47 19
52 34
55 64
62 3
38 84
46 75
17 78
6 71
74 36
39 61
1 97
87 80
8 36
82 56
28 2
79 65
96 73
6 19
91 35
69 87
85 24
29 21
56 69
47 54
6 4
35 95
95 43
53 45
25 11
36 68
69 2
53 1
28 51
38 82
95 98
12 59
86 21
52 19
64 2
74 78
4 73
1 91
66 19
18 42
13 87
37 96
74 14
9 68
54 17
77 3
11 30
44 34
13 95
46 33
13 62
37 83
56 28
97 25
50 64
96 4
43 80
20 33
98 100
16 96
49 1
11 100
85 68
25 29
9 4
74 30
85 58
25 42
94 86
90 83
72 5
21 5
82 71
13 21
15 45
84 47
10 52
9 42
45 86
38 91
69 78
3 21
5 56
43 70
24 87
86 15
32 20
22 64
69 4
53 56
52 3
12 58
75 20
17 43
44 37
53 40
96 80
73 80
27 26
87 16
33 66
60 81
57 41
36 12
59 8
63 13
80 36
9 57
24 56
22 29
40 47
98 73
60 39
99 53
26 47
63 33
91 84
87 5
84 25
64 67
88 37
11 1
69 16
22 89
26 30
98 79
54 65
84 21
14 2
13 25
70 11
97 77
95 68
99 36
34 83
9 48
23 40
61 54
96 7
25 7
41 6
46 12
77 69
8 3
45 16
34 81
83 94
53 74
87 28
85 39
48 93
53 7
9 98
82 67
87 100
73 64
98 71
18 8
26 59
23 7
64 31
66 39
1 65
39 19
15 34
70 48
90 57
16 32
25 73
74 91
27 65
38 28
100 54
37 32
94 92
14 20
58 76
85 31
52 38
49 17
52 73
38 23
44 45
55 45
86 35
56 93
48 78
25 95
13 80
75 44
91 81
100 45
88 76
98 56
69 52
24 83
99 35
9 27
24 19
22 30
50 38
92 65
67 78
65 33
39 92
98 63
44 36
80 71
68 100
80 31
22 21
30 73
83 5
61 99
46 6
11 23
60 90
92 53
12 91
31 40
80 68
18 99
75 91
85 37
13 19
18 37
14 54
29 4
82 19
67 9
66 58
80 33
36 94
78 35
86 76
92 98
15 3
62 25
5 49
94 55
83 31
89 97
85 100
24 25
44 57
36 59
58 62
71 63
30 14
55 39
32 6
31 27
27 95
97 44
27 80
35 2
3 1
97 6
96 14
15 82
100 58
5 7
60 43
29 17
89 46
18 86
74 1
7 39
35 37
50 24
4 31
12 18
45 57
87 36
57 12
68 46
68 49
58 26
99 94
29 6
70 17
61 94
17 48
42 90
13 78
67 60
16 14
95 8
92 43
88 43
97 24
72 44
60 75
84 86
45 42
52 78
60 55
87 88
37 22
6 18
24 94
55 42
58 28
53 3
46 54
27 51
66 89
61 40
48 3
14 26
53 2
74 73
30 90
88 53
51 31
88 28
69 64
98 31
58 32
3 73
33 23
49 87
78 27
12 52
46 36
19 63
84 65
7 78
52 61
76 38
57 28
79 55
67 8
50 2
26 6
55 19
73 7
84 89
3 67
40 87
68 2
55 56
43 34
29 9
3 63
30 25
84 16
13 31
85 6
94 59
87 74
52 46
35 84
36 43
22 67
23 46
90 18
93 65
21 95
43 19
80 72
25 21
49 31
5 77
55 7
34 50
36 86
14 52
18 96
54 25
1 59
76 84
85 54
65 28
96 86
40 97
48 59
56 68
77 61
16 58
82 97
53 71
2 7
75 40
79 15
10 16
29 77
50 14
97 66
11 65
91 57
87 84
7 60
100 3
84 48
10 47
35 11
94 39
49 62
79 22
96 44
39 1
68 50
60 85
37 73
45 5
67 32
5 75
61 41
93 18
83 74
51 9
6 82
31 74
11 51
78 47
55 18
50 94
21 97
46 22
26 4
2 85
40 81
22 11
32 53
95 37
24 99
4 51
45 37
33 30
54 80
15 1
26 100
73 66
42 58
17 96
70 45
46 66
19 36
83 99
13 40
94 82
3 14
60 52
54 59
31 70
69 86
36 47
26 50
49 74
76 41
64 39
15 5
27 50
98 2
9 80
33 62
73 48
74 3
21 37
99 13
65 57
94 16
3 7
81 89
75 17
54 48
73 94
10 14
16 8
18 20
41 37
94 14
71 93
63 95
1 17
25 53
100 72
47 69
82 1
68 40
100 52
40 50
5 31
18 79
7 59
24 17
82 21
56 37
85 43
14 53
56 36
92 18
25 72
53 95
97 68
43 46
39 84
43 29
14 77
60 31
71 14
9 81
83 62
79 1
95 32
6 15
35 42
29 12
52 77
31 8
60 10
43 99
4 92
69 98
35 40
1 27
30 39
15 48
71 21
51 86
45 61
70 1
6 16
30 66
65 63
85 99
72 16
57 46
32 69
79 56
1 36
72 19
34 21
33 36
87 48
74 63
63 97
20 83
71 23
65 55
49 97
54 74
1 41
61 34
58 93
22 83
35 74
13 60
62 70
60 21
19 10
29 73
20 76
88 92
87 20
57 50
90 63
78 49
54 34
8 77
55 43
48 30
29 36
25 74
42 62
7 18
88 52
74 44
98 33
55 34
15 64
64 98
70 75
19 3
95 9
11 54
16 13
34 17
79 88
91 5
75 9
88 24
20 39
97 15
97 31
83 87
41 56
26 66
32 92
89 18
71 64
31 29
9 14
30 54
43 81
48 42
64 66
22 8
20 73
5 69
65 20
9 64
72 49
46 62
99 98
21 8
6 13
57 22
85 52
91 17
21 54
13 48
94 43
77 56
29 79
88 77
32 12
8 6
94 23
23 31
13 44
61 13
41 87
71 34
86 29
53 21
62 63
4 22
19 68
46 77
96 71
19 25
19 44
52 74
10 31
1 56
74 68
54 79
42 77
87 73
1 28
79 36
46 44
50 62
27 54
94 81
78 92
68 29
56 59
79 83
87 39
49 42
24 67
59 58
79 23
40 24
70 49
11 49
61 3
84 1
51 41
9 26
18 26
11 80
82 83
40 85
31 86
27 34
83 51
27 73
46 7
94 10
77 76
99 3
35 83
35 14
21 42
23 1
65 7
21 46
20 12
25 94
48 40
47 37
12 96
31 55
28 39
57 1
1 40
2 13
58 67
98 15
60 89
16 39
9 73
17 18
16 66
19 84
93 97
40 65
32 38
62 18
61 4
80 25
46 25
36 85
87 52
60 28
29 67
27 87
15 75
83 33
57 80
66 67
58 31
55 72
93 92
44 68
98 61
26 37
42 31
16 91
86 78
43 16
51 94
26 1
26 75
91 22
79 94
69 10
64 92
81 14
36 41
4 16
44 39
19 60
41 89
42 14
11 15
30 91
64 24
80 18
43 82
45 47
99 8
42 26
68 43
19 23
1 8
47 4
61 22
70 81
8 80
29 52
9 70
27 66
91 24
9 2
77 6
94 84
51 40
51 5
70 25
2 49
36 24
45 90
1 98
50 70
87 57
39 4
6 83
25 91
37 76
95 5
77 24
38 67
87 53
70 33
33 72
27 33
19 64
54 73
79 30
10 29
26 39
83 7
16 98
60 79
58 1
12 34
66 37
27 83
10 28
61 91
26 95
61 88
6 72
65 39
54 16
43 58
99 5
68 41
25 79
12 55
28 97
80 19
49 67
10 81
12 65
11 2
26 21
74 48
76 1
44 23
48 18
75 54
41 3
3 93
72 77
9 49
37 99
6 40
25 59
14 11
39 71
46 9
44 100
90 67
18 34
75 49
56 31
85 38
72 82
3 90
40 14
74 77
62 24
12 81
11 91
4 37
72 52
71 37
26 99
84 17
29 32
73 17
52 68
91 87
18 63
51 63
64 87
69 80
56 64
3 31
94 97
23 86
17 7
86 12
64 74
15 91
41 46
47 1
96 15
6 14
90 96
7 14
98 14
43 50
10 86
4 55
19 34
92 20
31 48
17 93
68 14
100 37
42 87
14 1
40 88
99 22
72 17
34 42
89 83
14 73
69 24
64 49
21 96
89 19
52 47
98 40
15 16
87 18
87 33
25 37
44 90
71 30
8 30
58 38
45 51
15 90
40 16
12 68
36 75
4 28
22 41
31 6
15 99
94 28
64 72
20 2
38 8
4 70
46 73
64 13
95 85
12 13
91 97
82 50
81 88
43 14
90 51
61 36
63 14
70 91
55 49
90 82
58 15
46 30
32 51
94 4
54 24
43 28
15 60
92 7
7 71
45 12
26 91
37 30
25 100
11 75
76 46
64 60
17 9
58 9
96 32
36 82
89 94
41 10
75 21
75 93
63 66
89 85
75 62
45 62
57 23
76 89
1 89
55 11
23 8
34 99
77 78
12 90
46 86
100 89
65 100
65 80
40 17
40 74
38 41
16 7
95 11
83 98
51 85
69 40
36 53
56 45
39 3
7 99
70 13
55 96
10 73
73 60
63 94
39 12
54 58
34 93
32 77
61 27
15 10
24 18
85 96
36 38
36 6
21 100
34 74
60 1
75 68
92 81
36 57
82 63
2 21
67 99
31 91
20 46
18 1
56 30
23 34
4 24
5 68
52 31
69 49
41 88
36 22
63 99
80 6
52 42
84 33
67 12
1 52
31 22
73 45
52 30
70 10
16 26
77 45
69 46
25 60
46 3
99 56
74 24
100 75
94 76
67 62
59 51
10 18
65 73
68 28
52 92
93 15
2 71
63 52
5 74
26 57
13 8
4 2
37 53
81 44
31 57
60 76
13 45
72 27
56 4
24 84
93 62
9 54
52 79
88 97
98 42
68 98
12 44
58 27
97 53
30 55
42 83
29 40
5 76
60 47
46 24
6 69
7 21
87 60
93 27
95 2
8 90
95 56
51 54
85 65
22 92
99 74
14 85
33 39
17 33
19 75
46 96
57 55
13 67
98 76
68 33
88 6
73 50
83 28
25 93
34 37
23 21
51 15
19 98
36 39
71 85
12 53
59 16
38 39
61 90
40 80
39 50
89 43
78 99
62 60
51 34
49 98
54 6
46 45
24 42
5 42
66 29
31 75
43 11
37 82
4 63
52 81
18 28
86 60
81 79
65 36
41 29
21 55
57 56
36 52
37 2
12 11
18 74
27 85
47 13
32 64
94 37
28 34
60 69
32 10
24 66
38 94
46 37
6 11
79 90
56 14
71 35
78 53
75 43
68 64
14 44
65 94
41 48
56 92
17 11
66 68
98 30
61 64
34 53
58 97
44 35
78 16
83 92
85 67
11 59
85 19
77 30
38 34
23 27
12 72
81 74
25 89
58 65
58 29
6 45
31 32
46 79
7 87
75 71
75 72
29 5
2 66
39 42
71 58
93 19
31 21
64 58
28 7
4 99
44 25
4 95
96 56
26 87
37 7
59 72
85 46
88 44
69 93
47 25
25 61
32 71
62 32
46 4
1 80
69 50
57 19
4 91
3 80
76 85
61 7
56 44
5 43
43 40
52 15
26 70
45 24
65 31
89 24
5 52
80 2
43 65
63 26
86 74
41 62
41 4
27 98
93 74
2 5
11 79
44 53
69 37
25 14
55 87
6 67
62 66
94 88
25 98
55 77
15 66
59 76
26 96
63 91
6 43
56 43
24 28
17 6
73 68
62 1
22 50
77 27
66 25
45 72
66 59
97 47
98 97
88 1
18 46
47 63
36 96
76 99
19 95
43 67
81 76
76 13
68 30
26 80
84 40
3 82
51 78
78 37
22 20
35 26
54 97
36 13
77 48
29 91
21 80
61 43
61 53
54 3
59 75
97 95
20 68
22 63
29 39
87 62
62 88
98 84
28 40
19 78
72 97
53 57
66 78
81 86
64 27
63 55
62 40
62 23
26 77
34 75
20 98
64 43
26 36
41 21
22 56
31 14
3 60
26 25
12 97
98 38
24 32
21 33
83 18
14 24
1 63
11 13
23 83
27 74
11 97
85 7
59 70
29 44
38 93
30 32
67 84
76 70
83 73
95 57
84 97
9 84
75 85
50 61
87 35
20 11
86 38
12 3
89 32
38 87
65 2
68 27
42 6
36 51
7 91
52 53
15 100
70 72
100 1
92 17
86 97
87 75
36 40
25 28
23 61
85 42
13 30
4 90
76 97
19 96
61 80
53 72
5 50
58 83
7 1
99 62
94 70
79 32
35 33
72 24
72 95
63 9
30 5
23 6
9 96
16 17
70 65
47 82
21 69
28 74
41 45
6 68
51 72
55 76
39 91
64 37
84 13
14 28
36 81
31 46
64 51
48 7
44 94
25 71
17 62
93 52
47 28
89 63
17 14
39 47
82 7
13 39
14 99
58 18
9 71
94 54
5 28
95 75
36 72
100 94
78 93
66 12
93 32
8 63
91 21
43 62
71 60
60 92
83 9
57 15
53 49
70 24
18 33
39 100
71 73
89 20
75 74
23 98
23 32
15 88
61 46
79 9
24 71
93 86
88 10
70 98
33 42
9 22
34 69
3 5
38 5
80 79
55 83
7 90
39 70
41 42
93 96
92 34
14 70
8 11
21 87
5 37
74 22
78 20
90 29
31 73
91 44
88 26
26 52
63 70
65 89
18 68
3 57
17 100
2 77
38 15
95 17
90 84
98 67
5 78
65 6
44 38
3 92
98 93
77 66
79 31
83 66
94 48
79 58
46 78
78 11
71 3
54 28
10 46
75 42
35 76
100 60
83 72
25 38
29 38
54 45
32 9
79 8
45 64
27 60
40 49
97 96
72 34
86 28
82 42
92 77
9 28
45 80
63 72
57 85
4 66
41 60
38 92
34 7
35 47
41 69
98 57
37 84
64 11
22 2
54 41
14 27
10 6
66 98
36 7
2 73
92 42
33 92
66 87
38 16
75 96
87 14
94 3
27 44
15 26
15 92
98 65
2 96
69 9
23 49
14 82
2 56
13 38
25 35
35 56
21 10
96 24
41 100
9 40
79 20
67 41
4 18
8 35
47 68
70 21
18 65
4 74
77 67
71 49
96 64
99 60
44 78
42 1
24 73
3 32
32 36
58 6
72 47
84 66
89 67
80 44
37 6
96 95
47 100
70 46
39 90
56 88
76 100
55 3
78 71
47 22
26 43
50 92
86 49
2 15
49 10
28 45
96 58
35 98
27 71
78 84
9 92
80 58
47 46
56 71
49 89
60 56
62 6
14 29
79 100
73 1
64 100
18 27
65 8
65 76
58 73
27 99
91 18
31 53
97 65
99 1
18 50
98 48
39 53
83 39
27 48
61 15
91 10
61 10
89 56
11 85
31 2
32 70
4 87
48 52
94 41
20 71
82 10
71 77
95 92
53 66
17 2
95 82
78 64
96 57
94 62
94 33
42 12
6 50
91 80
88 64
87 12
40 78
75 50
62 82
83 32
100 74
43 13
12 73
48 96
60 59
68 48
21 90
54 62
27 38
50 53
53 64
63 68
13 98
82 11
68 25
99 20
66 71
100 2
89 2
89 54
11 27
51 87
69 18
50 95
41 23
23 51
59 64
43 69
48 75
90 93
4 81
77 25
93 33
96 43
78 1
76 9
52 7
48 69
53 67
34 40
3 43
3 56
3 72
41 19
38 83
4 100
46 53
7 66
25 81
52 59
12 94
28 11
73 70
32 59
57 30
65 5
70 83
77 35
43 4
13 75
16 5
99 9
89 40
49 12
53 98
2 62
60 44
88 71
87 89
62 21
60 50
21 27
32 39
60 57
79 97
40 67
7 43
50 78
81 59
13 53
88 13
11 58
59 53
81 41
38 95
48 34
78 72
18 67
60 96
29 35
25 2
72 1
44 59
11 99
88 84
42 16
87 37
36 98
84 52
13 89
65 67
90 88
15 13
29 70
26 3
66 44
87 6
78 98
13 66
63 39
17 25
27 35
45 31
90 73
91 59
40 91
90 34
85 78
7 30
20 59
54 98
3 42
31 81
43 32
96 72
33 97
52 58
89 96
66 3
89 72
75 6
26 13
97 17
73 77
68 8
81 2
49 100
99 42
80 93
27 24
74 92
81 1
46 97
43 30
32 35
85 56
53 58
19 86
99 59
79 51
63 20
77 83
20 55
80 67
31 96
66 50
94 40
51 73
57 92
64 5
78 30
34 94
10 42
53 55
89 35
22 100
38 79
56 8
62 27
34 24
5 92
8 15
91 69
83 11
97 52
7 29
4 32
95 49
41 59
43 1
15 41
6 51
30 89
55 27
69 65
20 13
24 29
19 90
94 17
17 10
20 9
69 31
82 81
28 76
55 1
13 18
16 35
19 45
25 8
76 54
44 1
55 44
29 56
42 8
55 59
17 71
50 1
86 91
81 55
9 86
95 14
75 35
65 29
74 89
36 78
8 40
100 67
29 51
3 22
54 32
34 65
28 42
96 27
35 66
93 24
100 96
56 52
25 48
6 25
62 12
49 48
81 58
54 71
89 36
49 88
12 88
8 32
38 6
2 36
45 82
24 7
94 90
6 76
81 23
27 22
58 35
45 9
66 8
61 84
69 39
87 9
58 63
11 37
30 100
81 98
13 68
53 16
49 58
50 20
73 8
75 32
20 40
24 33
7 22
97 85
20 19
95 83
14 34
49 82
3 13
14 51
50 46
54 23
19 40
88 33
40 45
68 1
7 49
50 30
20 7
82 33
32 84
43 76
81 54
11 73
68 70
31 17
57 69
35 21
97 4
97 71
95 12
22 13
61 92
56 61
84 72
88 21
72 48
22 6
40 26
8 47
35 49
15 69
93 64
16 23
44 84
2 74
17 27
77 37
92 40
88 46
99 65
96 69
19 49
21 89
59 78
80 17
26 64
92 13
44 6
32 73
33 95
25 45
43 97
77 44
60 66
98 50
79 13
44 70
51 81
47 66
35 38
47 79
22 75
5 81
6 61
38 72
73 76
39 57
80 98
54 99
83 71
35 69
47 55
50 71
44 48
66 69
62 51
69 51
76 42
81 11
13 23
29 26
14 67
12 1
74 41
64 38
4 12
88 67
24 41
3 35
65 68
98 75
73 78
82 75
33 15
10 56
5 34
5 24
32 11
19 11
89 14
54 38
57 59
4 86
66 56
87 93
15 35
49 24
78 83
6 57
27 88
82 17
72 26
74 51
74 38
34 82
92 66
89 4
7 8
15 49
55 51
62 86
63 28
44 79
57 20
13 7
96 50
32 76
28 80
36 27
85 35
63 43
97 67
59 17
26 31
77 99
83 67
18 97
73 85
32 25
68 96
73 95
68 81
45 35
12 71
63 54
92 51
94 20
20 45
42 78
66 38
94 35
52 11
38 70
78 82
45 96
43 2
20 86
47 6
53 6
16 74
11 33
6 30
93 20
98 82
95 65
6 66
34 56
3 95
81 67
59 74
76 22
24 78
27 82
72 87
93 39
88 42
75 2
79 27
67 48
58 10
85 91
53 80
59 43
76 82
50 63
79 84
24 59
4 84
18 81
29 50
84 75
59 85
31 61
79 59
55 98
1 2
85 23
51 75
56 32
28 49
93 40
37 43
39 72
62 47
23 65
16 24
33 16
79 91
50 42
94 78
41 17
79 93
50 58
54 96
72 58
23 4
54 12
80 90
24 2
67 16
6 34
52 49
69 11
57 4
12 14
95 48
48 99
64 62
33 64
91 23
100 78
71 19
93 54
78 90
9 74
68 89
47 95
86 17
97 32
78 33
88 57
8 71
15 25
8 39
95 46
78 18
87 79
47 9
98 3
37 68
11 41
24 43
43 15
10 51
98 39
40 83
30 80
90 54
13 73
97 35
34 79
53 38
48 71
56 7
47 99
41 44
64 25
16 28
15 76
93 13
31 82
59 97
86 85
83 63
14 48
20 97
59 45
29 8
71 81
3 96
57 77
35 63
1 54
84 56
59 40
70 66
32 65
57 68
11 26
23 28
89 5
6 74
28 82
17 90
93 6
90 24
59 68
40 22
30 63
87 15
51 8
4 52
27 57
85 84
34 46
27 94
96 52
10 26
80 12
42 67
30 40
84 46
28 89
5 73
37 52
75 88
89 99
52 8
49 63
99 88
90 5
67 5
74 82
45 48
40 39
32 34
88 19
68 84
21 4
50 89
12 75
6 73
47 56
80 49
63 27
92 48
61 14
33 12
73 84
46 87
8 45
60 11
62 91
16 93
2 54
53 70
5 26
23 14
89 17
61 55
58 5
67 72
48 91
7 75
95 42
58 13
16 70
59 13
17 57
7 4
49 90
52 82
26 79
71 86
44 73
51 3
16 36
92 41
67 73
91 33
76 95
7 95
60 88
31 16
95 29
87 22
52 27
78 32
87 34
41 32
41 71
99 49
97 56
17 67
35 88
63 34
78 38
50 86
69 36
93 60
21 20
32 63
73 97
30 4
8 75
37 3
5 13
47 38
38 51
62 79
28 6
27 97
26 33
70 41
84 26
63 23
30 67
35 7
37 24
32 87
20 77
70 57
20 66
52 64
85 64
51 82
77 13
37 63
21 59
66 96
41 63
62 28
69 14
30 42
29 75
33 90
97 13
17 79
61 8
69 28
40 11
60 78
27 13
81 93
39 77
13 83
100 93
13 17
59 19
32 50
95 61
55 37
13 46
75 14
13 90
47 75
85 80
2 90
10 39
44 63
51 25
59 49
70 47
6 91
85 90
26 81
15 65
15 4
83 86
32 55
59 30
76 23
54 18
37 90
56 25
15 18
11 34
8 93
74 69
95 87
38 71
32 44
94 52
78 87
81 24
5 97
17 5
87 30
81 33
93 73
70 6
30 85
68 99
93 76
43 10
47 93
62 26
5 71
38 12
58 41
34 78
51 1
51 58
12 89
64 77
10 50
76 64
34 9
88 55
67 4
58 75
22 51
31 24
33 99
48 20
28 96
96 42
92 37
43 25
27 10
23 3
17 15
49 30
34 4
3 97
48 82
81 77
46 98
7 15
20 88
90 52
12 22
5 62
84 14
61 42
70 71
72 11
88 59
51 50
83 54
36 95
2 99
24 15
68 31
13 51
49 93
98 11
12 6
8 5
23 29
9 56
39 79
48 63
68 90
71 16
50 56
34 31
20 58
38 81
82 20
91 50
22 90
10 9
46 17
77 19
68 82
40 73
8 9
33 71
4 78
86 53
58 46
9 78
51 98
63 85
46 40
10 12
7 98
24 6
2 29
24 61
44 58
86 99
57 86
33 48
74 50
62 55
49 60
89 10
8 88
94 75
71 31
26 32
2 51
50 48
31 15
12 37
18 85
55 2
84 23
28 13
7 77
58 86
32 18
27 100
19 32
29 53
7 26
93 51
10 85
92 10
34 41
100 20
4 5
61 37
28 99
3 49
55 99
58 94
6 84
76 44
81 50
25 18
28 20
61 62
38 62
55 50
47 65
25 39
89 92
76 12
30 97
100 56
55 25
63 42
22 49
23 2
57 32
23 95
98 26
63 60
5 47
59 82
29 3
17 83
80 47
82 29
96 87
20 52
73 23
70 95
1 25
55 91
83 96
34 84
20 90
40 41
76 26
14 41
70 12
19 50
33 5
19 16
90 75
49 41
3 25
62 44
29 69
34 66
35 23
4 77
95 84
56 58
80 35
27 89
75 37
63 84
65 16
40 86
54 26
79 4
20 16
61 47
46 93
70 19
13 86
98 77
8 14
78 23
65 49
18 40
53 15
100 18
40 82
21 45
27 3
15 21
38 56
86 48
85 44
2 34
40 56
31 25
95 80
7 89
54 66
55 92
23 75
12 40
42 73
94 93
35 17
72 98
40 25
73 49
87 56
52 32
32 46
26 73
8 62
90 87
38 17
23 74
57 14
84 10
55 70
72 13
12 92
5 40
70 97
49 45
3 33
100 43
67 31
16 61
74 72
90 26
82 41
76 61
81 99
53 47
6 20
36 92
37 59
90 27
52 39
86 95
13 81
71 94
72 71
41 7
70 36
72 92
96 6
37 42
78 26
55 10
78 76
79 77
61 12
89 53
85 77
91 96
87 82
54 4
33 1
30 99
60 61
18 94
25 49
82 23
85 69
21 30
57 52
43 45
57 84
7 44
14 55
84 81
88 74
2 58
28 61
98 59
72 56
57 76
16 57
12 2
37 54
15 59
48 29
62 4
4 50
3 85
60 84
97 41
76 17
96 65
48 90
43 18
37 72
1 45
54 68
27 25
17 44
38 73
88 54
93 35
85 98
82 5
12 60
78 31
45 63
96 38
79 7
99 45
31 89
99 91
94 11
16 49
21 6
100 46
90 77
21 12
19 29
75 55
37 62
85 70
54 49
58 70
31 99
95 79
54 57
34 1
83 100
3 18
60 9
5 79
63 15
99 41
51 39
23 66
80 39
72 35
65 17
89 59
86 6
44 26
78 2
57 73
10 20
86 87
98 4
54 87
86 26
16 82
37 14
20 3
30 18
63 80
67 93
88 58
28 27
5 19
77 41
45 81
35 28
61 44
60 5
32 2
28 48
41 35
49 51
55 100
15 55
18 77
86 33
21 14
18 95
52 17
33 38
59 63
12 30
11 53
100 57
92 75
74 17
31 18
93 95
39 81
33 56
82 96
89 58
81 47
89 79
58 99
76 7
50 97
80 83
50 77
69 84
80 34
60 51
3 4
91 83
37 31
32 91
82 99
23 22
32 82
16 75
89 39
18 9
92 79
39 76
41 83
62 84
45 10
26 69
64 14
15 94
63 81
80 50
75 76
36 37
28 41
91 92
73 99
68 22
93 10
56 90
59 71
66 22
82 25
24 8
26 71
100 73
67 11
83 69
49 8
19 69
98 21
90 25
66 11
79 73
25 57
6 78
86 30
75 38
70 100
41 33
64 79
82 93
36 54
29 71
54 43
67 46
30 72
66 32
72 43
50 25
12 84
51 12
76 74
2 30
29 87
23 18
10 66
22 71
5 98
10 11
52 83
63 25
62 35
16 56
20 80
84 53
23 56
34 88
56 18
83 61
26 68
45 23
21 93
46 35
74 20
55 84
65 21
9 38
58 68
77 62
28 32
77 59
32 47
70 52
97 74
65 51
30 24
9 59
33 57
9 1
17 66
4 17
65 82
72 14
37 10
50 88
74 32
19 76
30 83
60 4
78 45
100 7
87 50
34 59
83 84
64 83
12 23
99 38
54 5
42 86
55 41
98 32
74 94
99 66
56 42
31 47
66 95
86 73
45 14
32 81
91 73
63 67
8 2
13 49
58 7
75 69
34 67
96 92
9 90
54 95
65 25
11 3
72 88
25 69
34 70
7 72
31 1
49 18
14 88
38 80
18 60
44 30
71 42
60 33
29 92
33 49
15 78
29 62
64 48
36 55
7 12
91 51
3 84
19 33
40 60
27 16
16 73
95 44
14 38
72 54
97 19
2 70
65 35
80 7
72 85
88 3
12 77
100 90
78 56
83 2
81 46
91 68
99 95
47 67
11 88
46 14
45 68
72 4
91 46
47 83
76 40
58 3
94 47
27 49
98 90
12 100
9 12
93 89
95 78
51 19
23 89
16 11
82 86
38 46
51 48
33 2
10 90
60 94
86 77
67 56
92 99
63 75
23 20
17 60
76 36
60 36
72 94
85 79
79 45
40 38
72 73
36 5
32 15
34 89
93 41
50 76
57 58
92 35
99 19
54 44
92 90
32 48
24 82
42 93
57 29
68 7
33 9
66 93
17 69
22 85
13 10
44 98
8 72
70 96
17 42
77 70
65 41
13 33
55 5
49 66
21 61
90 72
72 42
87 25
80 52
92 2
90 58
44 8
13 29
27 29
37 9
61 18
62 97
97 34
61 5
24 23
48 16
30 76
93 26
100 13
62 7
67 57
22 43
46 94
66 9
42 68
22 48
36 4
20 91
100 10
57 40
100 53
3 86
67 33
56 21
49 43
18 51
19 27
67 71
42 23
19 35
38 61
2 40
2 82
75 53
60 37
29 64
36 91
61 82
66 82
20 72
73 92
63 11
65 78
69 1
57 75
65 60
32 14
22 28
35 18
90 99
95 89
21 44
39 17
47 77
1 77
67 19
78 70
23 5
29 28
8 70
67 68
40 37
37 74
48 23
1 46
89 77
40 58
51 20
27 84
16 88
18 64
35 50
81 20
17 45
25 86
27 46
37 97
49 84
74 47
92 62
70 27
31 84
23 72
28 92
13 42
4 48
21 66
75 41
17 37
39 18
74 57
55 58
5 84
42 36
3 68
16 25
93 29
100 29
52 95
53 77
81 100
6 99
29 89
90 47
11 86
48 97
30 45
45 71
13 56
10 57
31 62
93 4
24 95
16 46
56 27
96 35
40 100
63 76
82 91
26 51
68 88
51 97
8 74
33 51
36 67
80 66
95 51
82 64
62 100
42 11
56 80
53 65
91 42
87 94
12 48
81 53
100 63
95 88
5 63
83 45
100 33
22 16
30 84
83 48
77 54
39 5
83 14
51 47
22 52
57 83
34 25
15 44
12 5
37 39
47 41
61 26
9 88
78 68
52 89
53 85
17 23
81 19
34 85
34 60
39 6
99 72
51 53
54 92
9 35
19 94
39 9
16 52
50 3
18 38
79 19
96 40
48 76
16 90
61 33
93 31
72 81
87 1
40 52
36 71
13 9
68 76
13 96
86 44
66 100
39 45
8 91
93 28
13 32
22 62
56 81
15 54
66 81
33 43
99 57
77 93
76 72
76 14
52 28
65 26
28 21
31 88
38 20
69 12
1 85
23 77
31 59
3 65
27 47
69 22
16 21
79 3
1 13
88 5
4 59
44 83
42 46
26 8
35 68
20 60
1 86
44 9
67 91
92 16
2 16
82 39
45 94
71 100
43 87
12 16
95 71
93 5
48 85
65 83
52 21
31 28
33 31
18 5
67 28
51 61
54 29
88 18
67 15
72 61
43 21
26 24
64 23
8 53
43 90
83 8
64 41
63 92
73 39
4 88
75 79
45 34
30 96
50 54
10 8
21 47
27 53
63 2
97 87
60 77
47 7
47 76
92 30
94 21
26 89
4 80
99 51
83 15
68 24
19 2
47 43
86 88
92 8
50 16
84 80
2 59
24 21
30 3
70 86
33 79
70 42
4 82
69 82
86 41
45 52
62 89
41 43
4 14
47 18
34 36
92 11
47 14
88 91
39 15
37 91
28 75
76 8
5 10
75 86
2 67
67 59
58 47
7 67
61 93
7 84
63 69
47 59
21 68
63 10
43 23
23 9
40 21
28 3
57 71
61 81
95 94
79 86
100 5
87 10
97 75
49 81
13 74
45 88
11 74
51 24
88 78
49 14
5 11
92 82
17 12
83 29
82 60
67 76
75 80
38 60
31 72
93 63
90 74
57 64
17 20
22 60
29 72
91 56
99 39
24 13
48 100
62 85
39 24
36 48
1 32
75 3
17 8
65 72
66 51
59 83
15 47
76 11
15 9
50 59
14 91
11 96
59 73
62 30
78 63
24 38
15 37
95 16
26 94
11 47
15 19
64 12
50 52
45 18
71 69
20 27
32 40
80 24
12 35
51 30
69 38
54 91
11 38
32 17
25 58
12 63
45 69
35 10
96 33
29 97
65 4
92 76
50 83
68 62
35 52
55 78
12 8
46 51
20 95
53 28
94 77
91 41
62 57
3 83
28 17
59 5
57 79
10 53
100 34
40 79
69 81
30 81
42 38
49 29
96 22
54 86
62 39
49 83
77 9
88 85
67 52
86 100
74 79
56 19
84 96
4 68
53 5
54 78
70 82
1 6
77 33
87 99
29 60
28 66
92 24
82 80
100 42
26 53
68 94
81 22
46 72
57 51
65 66
51 70
55 16
83 21
6 95
84 43
100 28
72 60
51 68
94 22
16 80
67 10
89 88
12 93
36 15
89 98
84 99
29 30
30 41
96 10
97 42
66 48
64 6
92 1
19 48
95 100
9 6
54 53
53 30
74 65
95 15
95 34
71 74
65 14
17 85
8 19
76 27
97 7
90 62
80 92
55 93
54 13
91 45
94 7
34 86
26 20
90 59
75 77
11 48
99 100
66 85
76 53
86 72
70 87
94 91
86 43
38 7
42 81
64 97
48 58
59 39
13 34
64 36
67 86
89 82
74 45
95 81
56 74
87 76
77 95
20 25
2 48
34 26
29 15
28 30
32 86
3 38
31 90
90 32
5 94
23 60
98 37
87 61
88 47
38 22
94 53
28 85
76 10
61 11
60 97
31 36
100 80
9 72
44 18
60 16
29 1
29 18
73 18
30 17
47 49
17 19
49 37
58 24
83 85
81 16
34 29
95 67
50 15
45 98
33 76
99 21
89 86
19 100
87 58
64 42
94 1
7 57
100 91
92 97
87 68
19 30
67 37
71 79
87 2
11 50
35 24
32 99
66 41
19 7
38 55
88 83
65 56
22 45
59 33
60 80
36 62
10 1
24 98
88 22
54 31
96 59
69 67
80 55
40 7
75 27
1 19
94 2
17 50
79 82
93 22
91 28
20 4
67 55
44 28
45 93
82 8
38 21
51 37
98 12
84 18
50 47
94 80
11 89
95 59
17 21
74 96
98 86
87 31
4 33
8 96
80 29
20 64
27 7
14 100
8 84
15 12
71 40
84 74
70 35
10 44
55 54
14 80
83 12
89 55
69 7
84 70
39 48
28 55
31 41
35 51
39 78
92 27
11 77
44 11
8 37
78 91
77 21
66 74
12 41
30 69
93 1
8 57
59 38
91 93
6 56
71 28
4 85
