100 4000
81 97
72 99
43 80
36 7
21 28
75 9
63 10
7 79
96 57
59 94
9 87
77 96
3 80
70 46
76 1
82 18
98 55
23 77
85 19
31 97
31 39
31 55
53 18
92 32
84 27
96 74
11 75
17 43
17 84
24 97
77 78
99 64
8 36
87 85
49 48
42 26
51 56
14 67
66 99
84 11
57 80
96 62
35 10
82 57
67 83
38 36
47 49
6 7
4 41
69 91
39 18
84 59
51 34
69 15
74 56
56 85
38 50
1 90
26 79
24 12
47 13
30 66
58 23
67 16
83 25
70 3
45 54
13 31
90 59
85 12
81 2
3 86
9 94
61 99
78 99
90 88
63 99
58 85
14 3
74 45
76 9
41 92
20 10
78 53
16 33
91 57
8 48
43 6
76 94
86 85
71 79
16 24
58 84
85 89
93 69
1 25
23 13
35 89
87 67
81 47
96 13
69 100
74 41
61 96
76 96
63 84
52 53
54 78
63 6
87 17
3 53
88 42
61 46
29 5
69 75
78 96
9 44
50 88
44 20
45 23
37 53
89 50
12 59
47 89
99 92
37 68
93 86
14 24
79 68
61 82
6 52
61 79
20 49
72 74
15 26
87 34
70 14
11 21
51 73
39 90
55 62
4 68
91 36
47 35
43 72
49 74
30 100
100 20
87 3
38 100
39 30
36 76
1 49
93 31
81 39
9 28
90 33
69 74
97 92
68 18
74 44
95 36
19 44
32 73
12 20
91 32
75 42
78 42
54 80
98 65
9 53
100 19
34 84
34 33
78 82
30 51
21 81
28 79
8 64
45 51
52 72
46 57
31 86
87 91
97 82
47 48
53 58
21 73
2 5
73 50
67 52
43 87
91 71
15 84
52 23
11 9
16 85
90 73
25 46
94 70
59 3
32 24
65 94
62 11
81 72
43 82
14 72
18 8
73 54
40 55
37 67
39 57
90 9
48 44
82 59
22 52
5 80
95 49
10 59
61 11
14 66
91 13
69 38
18 98
79 39
98 68
36 88
34 73
39 38
1 37
99 50
79 37
59 79
47 84
72 41
65 13
10 26
4 60
28 45
50 41
11 20
63 45
83 58
100 37
72 98
60 71
48 50
29 57
25 55
15 31
24 37
5 89
100 21
75 32
22 76
82 30
92 31
85 50
59 4
98 16
9 99
54 81
37 98
7 68
87 61
65 97
32 37
28 7
91 96
63 46
37 33
61 83
37 90
67 72
57 19
37 25
8 73
29 15
37 80
77 13
65 53
92 82
56 31
77 33
3 39
58 14
81 62
26 63
54 23
38 6
44 87
36 87
45 12
81 50
19 95
9 27
36 27
8 7
97 44
57 99
11 33
15 88
64 61
68 99
92 78
85 77
21 4
89 83
88 97
6 55
38 59
65 46
5 90
75 72
82 90
1 28
25 51
20 30
33 13
78 44
74 68
88 81
3 73
2 100
24 61
37 63
33 21
26 43
27 92
81 13
25 9
82 84
24 83
21 15
97 83
23 25
34 41
49 37
28 96
46 32
34 68
4 62
67 44
86 20
43 8
96 67
34 49
44 37
24 33
15 49
16 77
24 91
40 52
100 16
32 63
26 64
50 6
15 24
73 76
90 67
37 16
23 60
62 46
78 6
89 88
98 14
97 21
67 92
34 82
91 56
35 30
14 11
85 79
35 44
40 36
44 4
47 30
96 80
26 81
18 88
79 89
87 47
63 77
65 36
46 60
11 22
8 25
22 91
23 43
10 53
7 44
41 66
18 51
60 17
95 12
40 10
24 55
12 53
30 67
16 32
37 8
65 74
12 93
3 37
9 41
2 44
68 57
98 70
94 68
70 97
62 92
67 7
41 75
76 4
93 51
55 87
13 74
99 7
97 12
75 81
3 49
13 29
2 40
8 29
56 12
51 15
84 93
93 22
47 24
38 74
75 18
8 90
49 56
48 61
13 53
21 90
39 15
46 28
70 81
69 62
10 95
89 59
70 30
6 64
31 16
15 36
59 88
78 23
2 25
84 32
3 83
94 31
76 99
39 91
1 3
63 68
49 64
25 27
87 8
38 64
80 94
98 69
83 36
32 3
91 63
91 72
6 19
32 9
31 35
64 34
28 13
14 88
94 99
71 27
74 97
34 72
40 57
79 72
69 64
72 65
97 73
45 77
25 12
29 97
14 83
61 54
65 54
6 92
17 81
30 63
24 20
87 75
59 43
24 8
11 77
45 50
55 14
23 84
76 32
59 1
41 40
37 72
88 100
37 15
35 8
70 54
41 82
60 92
87 12
45 22
19 18
25 85
69 49
30 64
27 59
76 14
13 67
54 86
92 72
90 75
52 77
44 69
16 54
15 79
80 66
61 8
22 89
19 96
72 100
83 86
82 62
10 98
10 32
69 30
52 14
16 3
46 78
36 41
73 49
36 6
62 10
75 95
1 65
71 53
42 25
8 84
51 54
91 83
4 58
69 48
67 11
61 21
99 69
98 88
91 34
73 66
29 98
83 26
19 78
57 62
62 20
49 62
73 77
67 1
23 10
29 73
33 72
52 81
10 4
34 31
11 27
9 84
53 29
2 46
43 88
1 72
98 38
15 12
42 81
84 13
46 48
41 33
61 86
98 43
32 69
16 4
20 72
14 87
50 79
21 10
51 19
95 48
43 46
35 42
62 41
83 45
48 4
72 56
84 66
52 42
17 33
48 35
86 51
88 1
96 87
17 71
15 80
29 96
50 92
66 83
86 24
8 98
58 71
62 12
30 45
20 41
93 66
24 80
32 23
65 15
90 71
44 17
24 43
29 82
3 27
57 4
86 84
49 97
65 17
31 90
13 14
33 32
50 29
34 43
82 91
6 22
54 22
26 77
21 85
73 19
19 16
88 60
79 4
1 66
29 21
17 93
78 83
55 36
20 35
91 46
90 65
24 81
79 69
28 95
46 92
80 52
19 52
21 76
50 66
20 83
11 8
22 1
54 58
72 22
57 71
83 13
7 100
8 60
82 45
99 30
55 30
70 99
31 30
93 65
5 45
46 80
93 85
35 96
5 75
72 55
39 93
90 55
49 18
21 56
92 33
29 28
18 97
6 86
57 26
95 6
29 55
31 9
40 88
60 75
72 77
65 4
2 13
12 9
41 86
51 81
31 46
18 93
47 72
61 33
20 63
7 97
84 41
94 95
65 14
66 6
58 10
50 9
34 26
13 86
73 62
65 86
15 47
67 28
46 100
93 4
97 13
10 73
86 72
78 41
23 68
49 5
25 6
52 56
90 68
54 55
18 63
5 86
17 91
76 41
52 54
99 81
68 60
65 16
27 78
39 89
41 35
45 26
47 26
14 68
2 66
83 38
96 88
68 3
83 77
26 3
45 29
23 19
31 48
85 55
22 34
84 67
65 57
9 40
84 2
1 52
17 62
32 74
2 76
65 52
54 7
95 93
66 75
71 9
46 20
28 65
45 80
96 26
66 32
32 7
56 78
24 21
86 67
46 12
89 46
72 5
66 42
10 11
61 94
7 23
29 60
25 28
21 54
46 9
94 74
75 45
35 99
68 24
50 36
19 35
91 51
56 40
94 41
28 93
81 23
6 81
48 70
58 75
16 42
42 3
74 67
93 48
81 18
36 54
55 2
27 14
6 44
31 66
26 2
76 71
87 11
30 61
48 81
3 19
40 64
70 61
23 74
9 98
67 56
42 60
77 32
77 84
7 57
30 49
86 55
66 51
36 25
57 14
12 74
97 9
64 93
11 83
76 19
34 32
54 34
19 27
75 71
100 11
87 19
79 87
61 12
36 94
62 68
22 64
90 22
83 40
95 54
98 83
19 28
50 10
5 35
62 35
66 81
49 90
1 74
42 2
36 44
100 93
62 99
79 58
54 84
41 64
81 46
53 76
11 79
51 69
50 13
53 74
99 86
80 87
31 49
26 8
4 33
100 23
1 21
25 92
52 48
46 45
65 20
37 28
61 31
97 2
96 90
3 67
73 16
13 49
67 62
44 89
56 6
57 22
91 85
68 10
16 81
94 15
42 9
99 100
23 24
15 13
72 62
71 98
74 29
30 58
24 78
46 34
51 26
86 64
39 64
44 11
11 52
22 36
60 16
45 24
26 29
66 47
64 97
14 56
85 73
60 5
18 45
34 96
85 65
33 19
58 59
87 99
37 47
79 38
8 13
31 27
29 79
61 47
23 26
97 36
17 5
33 84
28 73
16 89
12 80
10 60
27 33
60 84
58 97
14 94
100 44
98 28
12 35
59 98
54 87
63 4
30 73
20 71
39 40
4 80
29 76
72 59
88 49
49 4
74 33
6 88
7 25
98 34
32 22
75 54
99 49
4 38
54 29
80 71
95 23
21 27
89 84
16 50
84 56
72 9
23 41
95 14
75 39
10 76
38 99
38 49
68 76
79 95
66 60
83 2
17 73
94 52
44 34
72 89
38 20
6 9
81 37
87 88
41 73
13 19
50 86
15 93
40 13
66 94
69 57
92 51
77 15
49 16
5 15
54 49
46 67
35 54
88 94
1 53
96 9
94 43
6 60
21 83
68 97
71 78
50 67
12 2
30 79
24 69
39 84
79 31
50 71
30 48
90 29
66 91
96 8
73 74
23 47
17 90
43 41
75 29
89 45
29 18
79 66
45 68
94 98
63 90
81 38
56 27
6 12
81 92
5 22
60 38
71 39
70 69
60 24
35 25
36 51
95 33
4 11
28 47
54 99
90 44
44 52
10 8
82 46
49 89
100 9
81 80
98 27
86 25
51 100
17 99
80 88
15 86
10 22
40 42
91 65
55 47
53 91
85 54
59 83
91 15
61 100
37 48
40 76
7 83
63 1
35 92
11 7
76 25
95 47
11 17
40 82
69 80
75 64
82 50
39 60
97 53
71 83
19 53
71 41
15 59
53 66
30 18
68 49
25 40
23 11
95 43
84 70
58 86
20 8
58 33
95 41
29 64
35 21
74 83
63 7
13 90
67 25
72 28
56 54
70 89
3 75
16 27
32 82
55 51
79 2
59 65
5 12
42 19
16 26
12 82
55 39
53 80
94 1
98 96
3 77
71 36
71 45
16 29
94 21
52 92
57 9
7 20
12 3
12 81
26 12
6 4
48 6
88 51
68 11
71 52
82 95
13 3
35 58
16 96
11 73
87 95
17 85
46 56
13 39
19 29
10 86
42 4
9 1
85 67
38 62
25 22
74 21
26 6
78 37
11 71
85 7
12 37
33 98
1 27
92 2
2 39
81 28
98 6
44 66
56 29
5 7
78 66
91 1
84 50
35 63
6 71
70 76
7 78
98 24
65 12
48 39
34 1
45 32
13 4
84 92
29 69
15 81
88 76
100 87
9 14
20 58
61 75
7 52
22 42
11 28
81 41
7 34
6 70
81 1
73 6
21 99
57 1
29 92
35 66
80 78
100 74
61 37
5 69
36 92
49 29
72 6
20 88
100 84
70 42
69 43
71 51
97 55
93 53
43 54
47 65
61 58
37 69
89 56
41 59
3 50
52 16
94 24
64 35
76 42
13 87
82 63
1 54
78 47
38 88
59 68
80 92
7 50
20 29
69 81
100 95
100 97
32 53
51 40
1 17
5 59
94 32
95 63
62 64
6 24
72 21
37 5
36 4
43 68
78 29
44 59
90 81
8 6
98 47
15 60
54 67
100 81
8 75
85 62
2 88
16 80
25 57
61 89
24 53
23 76
76 67
63 76
57 16
15 40
3 82
45 87
10 71
66 22
57 41
63 59
21 59
67 43
48 21
95 88
98 5
50 32
84 3
22 18
34 53
99 55
61 67
11 34
33 23
82 26
19 24
25 17
92 66
99 89
25 30
13 42
95 31
74 2
51 42
58 89
72 48
19 46
16 22
18 96
76 72
16 12
75 16
17 31
96 53
52 70
10 33
72 13
6 76
82 6
6 2
86 26
87 78
61 13
7 24
71 4
83 73
59 97
15 56
55 3
63 34
2 95
34 10
61 69
46 53
74 19
25 66
36 12
29 93
69 8
63 70
82 16
48 71
29 47
89 60
8 58
21 55
31 7
50 37
75 70
89 8
6 28
32 12
46 11
7 4
1 18
45 53
24 40
26 69
85 3
14 4
35 94
41 49
17 57
61 56
38 13
70 86
28 44
47 63
77 41
95 99
95 18
6 10
71 67
42 83
4 12
94 2
59 93
28 90
45 8
52 61
77 81
72 87
69 13
7 27
92 58
58 32
69 31
91 59
37 74
17 53
5 16
69 55
17 10
68 40
61 57
55 1
43 97
4 90
32 1
25 26
33 53
38 73
54 93
47 9
22 79
27 97
47 50
24 99
73 63
75 84
95 89
19 9
99 40
78 48
91 55
7 61
24 95
56 19
5 94
72 68
69 33
91 4
61 93
4 3
90 76
13 63
73 46
89 81
66 28
33 56
64 58
18 31
62 14
54 37
78 40
27 68
23 18
25 43
28 24
75 35
73 99
40 8
7 17
52 46
7 69
43 100
16 14
9 23
15 83
12 11
71 35
90 61
76 64
46 58
91 93
5 99
9 89
13 5
65 9
21 65
57 79
35 56
86 97
8 57
89 68
5 79
24 100
99 58
60 67
87 49
93 68
20 78
21 12
30 87
3 64
10 9
61 88
17 47
18 72
45 91
88 53
58 42
19 99
70 40
39 45
24 54
88 75
80 26
23 53
31 85
90 57
69 19
21 45
37 29
51 12
78 52
97 30
31 47
99 46
51 77
67 58
45 67
19 71
1 39
93 3
6 62
36 77
79 49
46 3
62 63
48 85
62 53
18 55
20 43
12 28
38 67
77 5
81 29
10 85
72 7
79 60
96 42
8 59
9 35
67 69
94 86
3 62
20 89
45 16
22 92
35 65
93 60
75 82
76 81
77 79
60 99
22 99
25 13
15 8
70 100
89 6
89 21
92 17
33 62
68 41
23 67
42 44
89 14
15 32
60 98
55 100
43 77
45 25
54 63
7 45
20 98
24 63
18 58
33 22
94 11
84 73
47 22
97 15
53 85
91 43
93 43
83 65
4 26
80 27
44 91
40 28
63 78
94 81
7 40
84 71
11 26
81 43
45 72
73 56
6 30
19 70
33 100
91 20
25 60
6 46
34 15
5 23
18 43
90 42
66 38
68 6
90 99
13 1
4 82
64 44
52 43
13 17
46 39
44 85
31 84
61 20
74 95
83 39
94 85
90 23
41 99
96 7
35 76
51 76
18 73
30 22
35 49
30 19
2 32
48 43
93 16
97 79
60 37
76 45
38 32
22 67
82 7
49 10
25 29
84 40
93 5
95 50
5 63
78 43
65 34
21 9
28 94
99 80
94 78
95 37
75 98
61 98
78 1
74 27
11 55
35 97
71 15
28 75
16 59
71 14
66 19
11 6
91 58
1 24
80 64
38 70
53 44
50 31
31 21
60 63
68 38
95 62
24 65
75 17
92 93
78 91
88 35
61 66
100 31
27 20
78 21
33 78
7 53
92 69
13 78
29 86
7 62
96 52
34 67
95 80
80 8
77 53
21 20
99 56
35 15
46 88
10 47
86 14
81 86
29 84
64 89
41 8
73 25
79 18
43 35
18 15
18 5
68 12
20 75
71 100
67 100
71 42
45 79
78 34
50 14
22 24
48 97
15 41
41 16
63 61
74 3
40 49
25 100
40 79
17 55
92 59
9 95
21 16
66 36
23 99
14 61
68 19
4 95
75 97
64 21
44 84
70 83
16 39
81 57
45 43
37 34
38 54
100 64
86 60
34 58
92 16
99 65
39 37
1 85
61 95
64 55
53 83
50 17
81 55
70 33
20 37
78 76
43 73
36 59
49 43
53 4
86 36
65 73
3 30
70 11
6 84
46 83
62 66
39 73
45 15
75 85
19 22
57 98
29 70
63 43
24 49
61 18
50 58
28 41
96 2
3 88
94 49
82 76
39 68
82 96
23 40
39 49
66 55
47 18
14 92
9 77
52 84
33 7
91 12
95 34
86 40
89 18
87 52
64 74
48 76
44 12
28 100
5 97
38 14
30 9
53 50
57 32
67 27
82 2
3 76
100 18
99 26
43 70
25 33
11 36
75 7
43 31
21 71
24 11
8 54
54 98
82 71
94 90
49 72
82 10
39 100
70 31
46 75
34 39
96 59
43 2
69 1
74 6
35 7
17 59
20 32
63 100
1 89
35 45
44 58
35 82
4 20
46 14
64 63
60 52
17 42
67 81
7 15
25 74
70 5
21 38
30 59
89 94
37 56
38 76
58 88
81 7
51 44
67 89
96 27
31 89
60 94
17 96
93 78
29 48
43 32
68 85
86 4
5 61
82 86
18 11
50 76
2 10
35 16
28 18
71 88
21 93
48 96
56 87
42 38
52 21
88 29
23 48
13 41
93 57
79 20
20 95
83 55
17 34
13 85
62 22
52 49
98 42
36 2
69 73
26 94
32 49
43 28
90 77
33 12
67 57
1 95
57 85
67 4
84 72
19 50
83 60
75 10
35 18
89 74
91 54
20 55
45 4
48 91
57 63
5 46
42 24
85 2
98 62
93 40
73 60
80 74
58 90
96 31
21 25
18 86
30 44
72 97
30 56
74 82
56 5
23 12
26 17
8 23
60 47
83 16
64 54
80 18
39 28
36 74
81 74
71 54
69 2
94 4
90 51
17 22
28 88
84 28
44 47
68 2
12 57
75 57
97 90
89 48
11 66
83 35
43 21
66 71
51 32
91 73
2 52
69 78
61 17
92 39
93 63
33 55
93 32
69 25
68 51
72 58
39 70
36 62
24 5
80 62
62 27
91 52
21 87
91 64
66 85
44 96
42 61
12 100
63 17
10 48
92 7
86 45
48 27
4 39
74 60
49 76
71 32
83 8
97 4
12 69
66 72
32 13
84 87
52 57
100 48
27 40
21 44
98 15
36 34
80 6
98 32
11 48
6 97
99 83
41 98
7 49
46 17
89 25
42 31
8 93
27 2
54 89
92 20
96 11
87 58
17 12
36 3
93 25
90 60
97 98
19 25
99 28
80 59
93 37
49 67
83 29
75 14
77 10
50 97
98 76
45 99
10 3
81 49
31 78
71 61
32 14
67 29
90 6
42 87
64 7
25 49
75 24
33 3
26 100
67 82
39 51
10 27
18 92
76 55
1 75
79 36
97 19
42 68
94 22
89 80
11 78
30 83
48 57
89 76
24 52
97 78
6 16
8 97
23 57
74 86
42 47
70 53
57 34
9 55
8 52
8 50
87 70
96 20
39 65
98 35
56 4
30 43
5 36
52 37
68 22
96 79
95 21
27 51
27 60
87 81
50 83
31 19
70 55
59 18
50 77
64 13
14 96
52 82
70 90
76 93
81 71
68 32
6 87
16 10
45 81
85 60
64 10
17 79
61 55
2 71
43 57
6 54
73 88
20 51
95 69
83 75
23 55
37 87
58 39
14 69
78 65
93 73
81 27
1 29
12 60
50 28
83 51
92 96
45 3
68 31
34 5
72 88
2 4
47 54
88 91
41 53
62 42
62 74
64 46
57 30
12 47
54 90
95 44
80 44
95 96
70 1
32 87
46 74
53 27
50 43
12 75
65 6
69 52
59 47
27 54
91 90
34 24
31 67
75 65
88 32
28 5
68 77
2 7
1 56
21 98
4 46
17 86
68 16
53 51
23 70
14 23
57 83
45 41
36 9
15 96
64 52
63 25
75 26
98 23
93 81
21 30
12 7
95 42
56 9
27 77
90 80
95 97
47 82
20 57
45 92
91 5
23 44
49 85
15 9
28 56
76 26
4 43
99 84
89 7
46 30
74 57
46 86
93 2
57 53
87 53
56 50
63 22
40 53
95 26
62 2
98 17
85 90
63 14
52 97
33 88
43 99
94 91
81 60
37 57
62 8
100 73
31 58
67 80
78 72
44 45
11 51
9 79
5 47
34 18
8 19
64 36
58 15
49 17
33 38
57 24
79 46
13 48
36 78
62 100
58 100
76 77
96 63
85 37
45 88
28 92
48 79
12 29
58 60
46 90
92 86
20 25
20 22
1 46
56 43
53 98
40 30
7 22
87 5
47 2
5 51
38 7
74 30
25 50
38 19
11 86
53 86
36 20
94 7
88 84
72 64
32 64
5 32
52 39
94 6
47 33
96 75
81 33
87 59
11 41
97 11
95 29
14 84
13 30
94 64
9 67
13 57
40 12
79 53
35 93
81 10
43 83
39 95
80 33
75 78
70 62
43 65
94 67
55 35
90 25
48 20
55 71
92 100
94 37
12 88
43 38
23 62
76 5
33 18
17 74
5 21
23 15
86 12
43 61
26 71
44 14
3 63
71 77
4 23
82 55
40 100
78 86
90 12
29 46
1 45
40 59
32 81
93 70
83 31
80 84
73 22
51 3
6 45
9 92
77 14
20 93
62 56
63 53
40 47
18 17
59 39
56 92
51 74
79 62
52 27
97 69
51 10
73 47
39 27
3 100
7 70
21 13
55 52
23 63
69 59
66 59
82 77
91 9
68 75
74 63
14 30
11 76
35 78
64 51
77 91
74 92
59 34
18 16
2 53
44 62
58 5
56 70
53 64
59 64
99 16
56 45
27 8
24 56
2 41
15 52
30 36
11 40
47 100
44 32
54 20
83 32
62 31
24 70
22 14
59 85
82 51
1 20
59 81
6 77
74 14
92 85
18 21
90 15
100 78
42 45
34 40
46 94
23 88
15 38
38 97
25 3
69 40
8 63
38 25
62 88
93 74
97 54
44 49
59 9
64 79
13 44
33 67
94 39
55 43
28 58
93 89
89 32
10 93
59 60
46 50
41 10
73 70
91 19
11 88
7 47
19 86
45 40
75 43
85 81
73 26
70 35
6 31
13 98
2 29
33 57
39 43
38 75
55 67
60 87
49 21
8 55
25 87
85 14
81 25
9 29
23 59
48 26
16 25
11 35
79 78
90 98
83 82
78 32
77 40
59 13
92 42
4 69
19 40
10 79
64 60
73 92
21 40
82 13
23 20
44 41
55 92
51 28
10 92
12 84
61 35
93 23
18 76
69 56
34 92
13 11
2 22
95 15
67 59
26 19
22 69
50 12
57 2
84 19
49 55
73 96
59 37
73 95
23 85
96 89
40 44
20 18
22 29
61 15
13 18
85 52
11 19
71 30
19 20
87 57
56 42
25 97
42 7
34 89
32 18
38 94
7 39
90 16
70 37
48 9
60 30
23 96
5 4
3 91
9 16
91 2
36 85
93 24
38 10
56 44
70 95
5 30
30 98
66 37
79 19
86 44
80 98
19 62
49 33
28 71
5 38
54 59
34 29
81 95
100 90
66 27
71 18
78 17
4 81
90 87
52 32
69 60
39 87
65 92
22 53
11 72
58 36
93 49
12 43
28 82
35 2
86 68
10 74
87 97
72 50
29 44
72 70
1 47
3 66
60 95
87 1
3 20
35 87
59 86
22 83
18 85
57 72
23 21
42 41
93 47
28 54
10 55
64 14
94 10
99 71
92 15
100 17
97 42
50 93
94 84
32 41
34 99
67 24
56 47
37 46
70 66
88 13
63 83
73 24
31 36
79 63
85 15
20 16
39 98
13 52
56 23
48 41
51 97
86 37
80 21
33 20
67 93
52 45
52 3
63 81
78 50
3 5
40 48
15 28
44 73
23 89
97 1
65 23
30 91
24 92
22 26
11 53
48 28
91 41
2 31
18 40
13 22
76 92
40 94
100 10
69 94
53 25
40 33
100 57
37 92
63 48
51 57
65 41
1 36
14 47
18 62
68 55
83 6
97 67
96 32
87 48
83 72
61 91
21 62
6 18
3 95
84 45
86 9
34 47
88 52
9 78
81 20
41 18
60 53
48 94
97 17
67 15
77 17
87 4
2 34
88 41
47 16
52 30
59 42
62 37
80 72
78 3
82 33
61 50
53 43
77 12
89 75
41 6
16 69
15 2
44 15
99 32
89 77
58 82
48 77
46 96
11 57
16 30
50 59
40 63
74 78
9 54
39 82
52 63
29 43
59 52
68 15
97 94
75 25
14 1
73 59
54 4
36 56
87 22
76 44
82 37
37 18
92 19
61 78
26 54
76 33
4 32
53 99
70 27
7 74
61 36
15 78
60 35
37 41
9 69
26 36
87 73
38 86
72 96
98 95
7 14
83 52
76 17
83 18
9 22
29 58
20 50
53 69
57 95
70 8
48 99
72 38
47 80
33 48
89 11
46 47
40 75
76 52
22 70
52 58
92 54
13 46
96 25
96 66
40 54
9 18
96 50
24 44
78 70
91 37
19 49
53 82
73 15
17 16
62 86
80 91
80 29
20 85
99 14
23 79
95 30
44 63
3 6
87 98
47 77
23 46
42 23
3 79
22 86
36 18
89 37
53 15
41 38
62 39
56 59
33 75
13 70
54 12
87 94
23 35
17 20
68 44
27 35
41 46
64 18
75 27
56 82
87 65
66 82
45 13
30 32
13 99
1 5
5 20
32 26
88 66
8 66
66 64
58 25
78 49
86 91
19 45
64 82
52 35
43 71
4 75
63 94
27 12
2 56
11 49
21 70
73 45
4 9
33 1
98 74
82 5
58 66
57 55
77 64
36 98
60 7
1 10
95 13
52 68
72 4
15 72
29 30
33 68
55 79
35 95
55 41
15 74
92 49
1 86
85 47
77 69
15 63
18 26
70 79
4 19
93 83
73 9
46 21
62 25
3 72
77 80
82 93
42 93
76 43
73 13
71 94
26 9
48 60
30 37
10 83
53 55
77 74
20 77
20 87
84 81
100 5
4 25
9 85
27 57
68 69
39 10
97 26
15 6
46 24
100 89
89 53
67 75
85 29
27 45
84 4
28 35
6 13
99 93
8 72
31 63
77 54
73 5
18 84
73 81
45 9
34 75
97 16
11 38
97 20
26 31
26 5
69 45
78 18
54 76
22 12
32 25
90 30
19 60
46 10
70 45
100 85
82 60
66 67
77 60
99 77
28 89
54 2
13 100
66 7
29 17
60 1
89 71
60 65
40 89
42 65
71 92
30 65
85 80
17 70
84 16
95 86
100 41
67 77
6 20
84 78
92 64
62 15
31 53
73 53
33 14
16 78
89 62
40 73
65 63
33 6
95 92
23 86
4 96
1 51
82 38
3 41
25 59
49 60
51 72
86 90
57 64
96 36
72 69
57 21
57 28
83 33
60 78
63 67
42 82
20 94
60 33
45 36
60 34
35 84
88 92
45 100
83 92
90 74
60 56
63 92
21 88
73 31
33 9
4 18
29 89
100 1
20 26
54 46
97 41
64 17
96 71
86 49
41 83
10 52
95 71
66 56
48 98
90 84
19 1
71 34
25 77
29 42
37 65
59 99
77 46
52 17
80 73
67 42
6 100
76 28
43 19
74 88
24 96
31 98
2 16
82 65
55 5
68 67
69 42
38 92
10 57
73 36
40 37
7 73
55 48
52 31
50 15
42 20
68 8
23 50
56 88
10 15
24 72
52 26
71 64
100 34
50 55
98 92
12 83
2 1
65 22
74 75
17 94
89 30
92 68
7 37
27 85
32 40
37 31
24 4
16 56
88 83
67 79
1 44
52 20
44 25
61 65
71 38
89 43
77 8
89 98
31 20
11 47
98 11
56 77
65 48
80 31
3 47
15 48
66 26
67 40
100 91
34 16
56 75
25 91
66 65
31 4
16 55
97 62
39 85
57 42
77 28
36 53
17 45
78 8
30 28
86 16
18 14
1 79
21 6
5 78
30 93
28 91
24 13
43 51
24 66
48 58
68 9
19 5
87 24
97 99
52 29
75 30
7 98
24 31
25 39
83 96
16 94
99 88
40 97
23 17
84 7
74 43
29 3
34 35
93 41
40 26
15 14
1 42
9 51
31 60
93 94
21 2
93 14
32 60
88 57
100 60
29 100
19 12
14 51
58 1
45 78
68 78
53 16
72 30
84 10
42 18
50 98
64 98
57 15
2 50
63 9
6 67
55 78
71 73
57 73
35 74
45 58
10 37
97 61
27 32
29 63
96 12
60 13
33 89
86 89
7 59
78 73
94 73
88 86
55 65
27 88
24 58
20 13
85 82
32 54
49 42
54 19
87 23
88 10
86 42
97 47
43 37
99 74
93 34
64 37
9 17
32 48
59 2
75 100
51 96
81 96
18 50
26 44
88 8
30 50
46 8
97 39
70 88
50 51
74 9
61 84
95 65
68 28
24 35
97 71
22 40
1 50
50 52
10 90
50 65
61 3
91 98
87 71
21 86
44 43
70 96
65 26
81 31
95 7
77 94
43 36
17 51
61 85
68 66
21 84
31 59
10 72
72 61
91 14
31 23
40 1
91 60
13 93
23 36
31 51
25 78
16 38
73 82
8 34
10 14
5 14
12 64
56 8
92 11
9 52
38 45
64 4
16 58
66 49
39 42
75 52
93 27
74 42
4 17
58 70
4 99
20 82
75 53
54 62
29 27
35 22
42 37
42 43
34 6
24 76
68 81
2 14
91 79
4 85
51 70
25 52
9 2
72 53
12 52
27 50
51 38
12 13
84 5
29 72
12 89
46 68
71 59
90 66
90 83
89 69
66 29
19 90
36 29
55 60
80 61
3 98
67 65
40 6
39 29
34 14
55 37
72 90
27 15
5 74
27 41
8 17
72 16
4 30
19 36
71 8
33 52
16 8
4 88
58 62
67 8
8 3
83 34
38 2
71 68
90 69
32 21
55 88
29 31
39 53
42 99
20 39
54 72
53 81
32 59
33 45
31 88
10 61
55 28
96 10
13 34
79 12
40 81
24 79
90 11
73 37
52 28
55 13
31 1
42 6
15 1
19 72
16 48
98 67
50 40
46 93
88 22
85 63
95 67
99 3
71 3
60 97
66 95
85 88
26 67
9 3
93 87
99 51
48 64
16 13
50 64
72 46
77 58
5 33
89 87
5 65
86 2
5 42
66 10
77 75
12 42
59 100
46 66
7 29
52 100
26 56
95 91
19 15
25 18
58 95
71 29
63 80
80 38
2 77
77 4
9 5
14 49
39 80
87 10
26 91
4 37
23 69
16 71
25 11
29 62
86 63
15 66
91 8
52 4
85 11
3 24
74 28
73 27
6 79
19 83
12 49
55 56
40 29
41 7
94 57
55 80
71 13
66 63
42 46
86 34
71 7
10 24
88 93
17 82
35 1
62 40
26 55
87 50
95 45
99 8
65 32
27 58
14 8
27 90
25 65
3 23
3 56
62 77
5 50
20 60
44 46
22 37
49 82
89 38
58 96
3 44
22 77
38 61
39 35
49 80
74 55
61 9
83 56
24 25
58 17
41 69
14 6
51 85
41 22
30 62
23 91
47 67
71 70
27 23
71 86
50 4
76 62
27 99
47 71
85 8
54 11
34 21
46 7
29 68
95 72
18 74
42 34
15 87
60 54
57 78
18 69
83 23
95 25
60 3
5 83
84 83
76 7
69 66
61 73
71 49
43 90
57 92
40 66
94 62
57 36
35 81
45 61
48 75
88 47
38 26
43 3
96 49
23 80
85 96
38 93
8 21
36 84
33 51
60 36
8 76
78 81
9 81
76 60
65 7
73 12
13 92
34 56
71 85
37 17
13 54
16 51
39 24
40 90
73 58
76 91
38 37
45 2
9 34
60 22
10 70
70 68
82 79
91 81
100 65
94 25
39 12
21 63
35 57
2 67
86 56
79 98
30 11
82 44
64 81
25 64
62 1
53 94
27 24
29 32
68 87
28 49
20 15
72 26
25 88
47 20
48 45
56 53
80 86
70 50
6 47
37 14
2 60
58 56
66 23
3 97
94 42
17 40
96 45
22 15
28 59
79 80
39 86
99 96
40 46
4 27
39 76
58 51
43 1
48 62
68 82
43 79
58 93
26 41
78 64
84 79
47 21
62 91
48 74
41 21
34 48
62 71
7 88
40 92
64 90
20 68
36 99
84 91
61 16
40 96
14 90
98 12
36 14
26 58
94 96
23 2
83 79
86 43
47 8
74 85
21 58
78 90
84 43
28 32
44 72
86 87
69 86
8 28
74 70
83 81
68 48
78 4
25 71
52 79
6 29
70 47
22 50
10 29
93 33
91 68
30 26
86 27
38 31
51 41
31 76
5 48
83 9
35 33
5 39
47 52
56 41
38 27
60 70
49 46
18 94
79 33
52 98
45 49
73 35
26 35
84 53
49 22
65 64
46 26
30 80
57 77
87 40
26 84
95 32
27 43
34 97
71 44
33 39
92 47
66 20
30 76
97 32
57 59
56 48
75 50
18 46
73 72
66 18
84 57
51 47
50 39
4 51
51 79
74 47
68 54
99 85
98 81
3 54
34 61
78 62
37 45
85 28
64 42
96 68
1 8
49 61
47 69
79 34
79 74
65 68
1 38
46 87
4 1
95 76
26 60
4 55
79 92
38 23
94 56
79 100
21 19
99 44
69 63
73 67
77 95
41 19
13 76
74 34
24 9
80 32
37 76
10 67
85 70
36 67
6 93
98 22
46 55
17 27
16 91
23 92
79 47
69 10
31 33
88 78
88 63
96 55
34 30
97 46
55 93
19 89
65 44
61 41
20 56
14 41
92 77
4 35
42 79
15 64
35 80
93 79
55 73
47 64
78 28
2 8
33 26
44 93
60 44
48 51
29 33
78 39
19 59
1 92
48 7
48 88
96 21
79 73
92 44
36 93
34 38
7 13
42 15
9 62
64 28
47 41
73 64
98 26
44 94
36 100
19 67
80 97
3 34
31 22
8 94
27 83
63 38
4 70
12 67
13 94
57 76
2 58
6 27
100 27
35 36
3 28
92 87
79 88
47 36
94 51
98 58
39 32
68 58
77 1
87 27
22 82
44 81
26 68
78 58
56 71
68 53
21 67
74 20
38 57
13 26
19 65
61 23
14 42
71 65
77 37
16 15
96 39
77 70
47 83
22 3
3 96
4 15
56 76
75 13
55 12
23 49
65 45
87 64
31 28
86 76
23 51
82 9
80 82
54 30
39 11
63 12
33 44
69 65
5 54
89 66
60 45
57 18
70 41
12 1
75 15
59 22
80 50
53 42
24 71
44 83
15 76
38 44
41 29
52 34
35 29
83 95
60 50
80 36
9 88
18 91
30 15
45 10
84 55
19 47
61 2
6 53
16 36
63 42
96 97
36 68
32 31
24 88
80 60
57 54
41 79
61 25
87 31
6 85
15 100
14 80
26 24
25 72
62 24
91 50
97 33
93 45
70 44
31 74
14 40
16 43
38 53
99 75
98 51
49 50
18 99
61 4
62 28
12 94
54 50
14 82
31 25
9 37
92 48
55 15
82 1
24 59
8 79
94 92
37 75
95 59
17 48
88 68
49 26
85 46
55 45
22 71
66 57
46 69
50 42
71 46
21 66
43 66
76 84
17 83
13 9
39 67
31 8
5 85
54 25
17 35
92 30
22 46
12 58
79 76
18 24
79 86
20 73
84 96
15 82
75 62
50 94
91 42
10 65
7 1
10 56
61 60
28 80
30 94
43 15
48 36
10 99
38 58
65 11
28 16
14 35
28 70
19 80
69 34
19 75
66 13
81 19
40 35
2 80
18 48
82 54
96 56
17 28
48 19
15 54
26 27
48 53
24 30
84 37
56 22
70 91
46 95
69 20
66 33
65 81
88 30
56 80
90 56
42 36
74 40
16 1
68 47
51 37
97 66
51 35
73 42
41 58
52 5
22 58
21 92
64 19
28 69
98 45
81 79
34 77
69 11
93 9
7 55
27 37
75 55
14 19
60 43
89 65
85 35
7 77
85 45
34 55
21 79
82 11
11 2
82 89
3 57
29 23
87 66
61 92
60 72
66 74
68 1
64 83
80 42
99 52
53 47
80 75
27 49
16 62
27 82
1 93
11 29
88 39
10 5
88 34
7 43
2 19
72 39
59 45
96 86
44 31
79 75
26 7
87 83
