100 4500
74 96
2 96
16 48
88 22
97 88
31 58
96 37
25 36
95 69
1 4
57 78
80 50
61 78
82 95
84 64
58 85
59 64
65 52
34 95
84 31
36 20
33 3
18 28
98 44
84 18
100 77
56 86
28 23
8 34
24 83
62 16
31 71
12 73
19 62
62 25
83 64
82 6
16 59
45 97
13 43
45 89
46 62
29 90
78 31
23 48
59 12
35 64
39 1
71 24
79 83
13 10
50 86
15 83
17 51
11 58
6 19
96 16
29 21
29 53
10 63
24 10
77 55
33 51
99 3
76 48
24 7
52 53
86 51
12 10
23 66
28 4
57 87
30 40
32 34
81 93
37 14
33 53
13 34
59 96
70 16
36 46
49 66
86 20
40 69
42 71
50 85
3 63
52 61
99 32
28 95
46 35
67 75
58 99
28 70
74 35
49 75
2 40
28 37
10 3
26 54
17 2
59 13
43 7
67 81
19 26
60 63
23 65
35 1
98 20
95 88
73 43
36 80
52 66
61 44
61 75
5 92
100 18
59 28
27 14
50 12
36 51
45 81
3 76
35 66
59 20
90 31
38 60
76 89
3 16
26 94
20 19
64 87
24 88
42 92
75 12
90 34
44 24
17 77
50 27
89 72
56 80
29 76
87 49
11 35
73 34
84 95
97 53
16 41
19 77
39 68
70 65
28 44
1 100
76 79
84 59
94 22
85 57
5 90
74 87
21 4
10 45
68 90
27 21
24 48
7 92
94 62
33 22
29 48
59 9
17 44
2 81
93 60
17 91
46 98
22 5
8 70
58 98
41 1
53 55
88 49
97 89
99 22
79 80
84 73
37 40
57 28
13 46
66 82
57 70
57 59
24 90
36 91
64 67
20 99
2 86
70 42
83 35
96 21
6 64
64 21
6 25
31 66
43 72
53 25
46 34
82 73
36 74
66 86
99 7
26 15
31 23
57 94
98 36
57 14
39 53
58 65
33 88
60 42
23 70
8 66
38 58
11 24
94 89
1 10
15 77
34 1
58 56
15 2
84 28
23 38
80 47
21 14
51 16
48 8
89 5
77 63
9 57
68 54
85 41
81 69
36 32
16 74
84 71
85 66
90 39
93 29
43 71
88 16
6 10
80 96
29 50
23 75
49 77
55 14
26 49
15 10
52 60
44 8
81 34
35 67
24 54
48 30
7 21
24 38
47 9
84 62
22 43
88 40
30 99
71 40
98 30
20 8
2 73
56 31
84 35
83 78
84 23
51 98
68 96
91 24
72 98
25 83
27 54
5 56
89 79
56 100
82 33
4 8
70 53
15 1
11 25
17 10
75 41
45 33
61 55
82 7
100 59
6 66
45 71
66 30
3 8
30 45
100 74
70 60
44 70
49 52
90 81
95 37
5 43
98 96
55 89
7 94
99 64
91 66
91 8
9 1
22 45
51 60
31 75
7 88
63 75
52 19
72 5
74 58
73 5
46 79
3 56
2 13
55 94
46 45
17 95
13 58
19 8
48 90
8 49
55 72
13 24
55 20
68 74
72 97
74 86
41 69
98 61
1 55
62 58
92 1
76 22
12 60
46 51
81 11
58 15
77 65
78 56
22 20
51 78
22 50
5 98
36 97
30 82
50 87
25 34
84 19
19 31
21 47
37 30
57 54
51 54
57 16
21 68
37 24
51 70
2 79
48 31
39 95
54 67
86 22
4 99
1 53
77 27
5 33
78 2
23 41
34 65
88 4
71 46
43 90
93 95
18 83
88 8
70 68
49 50
61 59
6 71
49 79
40 28
13 64
96 19
20 60
95 96
18 57
47 63
80 66
1 36
26 61
87 5
44 33
86 95
89 52
46 48
60 67
99 26
86 3
76 30
66 81
8 79
9 91
43 28
89 38
29 84
23 29
73 41
45 32
41 38
74 1
8 47
24 58
15 56
8 39
11 86
18 79
96 84
45 16
78 100
29 51
12 32
4 90
76 53
16 97
77 72
66 27
55 92
69 59
9 21
73 81
7 25
44 58
23 74
70 45
63 40
23 49
59 55
10 96
100 69
90 35
48 73
21 20
13 99
29 27
88 86
10 8
13 48
83 52
31 87
23 96
3 71
77 91
53 16
100 17
4 27
52 46
28 86
17 66
93 48
63 16
15 99
44 4
52 18
95 62
13 87
67 2
41 6
84 65
87 83
100 87
4 60
32 92
53 74
73 67
38 80
72 31
66 62
93 36
66 10
78 97
34 68
9 79
97 47
62 42
57 82
40 80
67 96
90 47
77 53
36 29
62 11
21 37
67 90
78 72
68 31
35 48
4 10
94 20
93 54
31 82
8 80
54 95
3 11
91 87
38 73
26 53
49 38
48 53
51 96
73 8
43 74
94 30
6 29
84 89
17 89
5 65
37 84
75 96
95 52
27 69
3 26
94 93
27 16
41 34
30 64
17 21
71 49
100 62
87 25
99 46
91 97
26 36
28 29
7 29
80 22
31 18
99 98
55 54
24 2
27 81
74 67
83 69
52 23
13 96
22 82
75 64
34 48
32 11
45 61
97 43
4 40
48 12
95 78
66 74
33 28
98 47
38 29
73 72
72 94
30 4
49 96
51 91
25 88
57 29
78 37
66 9
10 11
58 48
74 7
75 19
89 77
19 86
99 39
56 44
57 55
33 68
82 32
100 90
72 62
87 35
16 89
14 11
86 24
90 25
9 72
16 31
41 43
92 96
16 83
37 57
71 100
33 58
47 3
86 55
25 35
93 87
27 42
80 92
70 87
73 49
14 3
65 76
83 73
100 92
39 96
36 53
100 53
12 16
78 63
5 20
30 61
22 73
33 41
41 59
74 59
37 86
70 14
25 89
64 42
27 19
46 23
94 80
30 77
67 91
97 79
18 2
86 64
37 19
21 69
60 23
37 55
65 64
70 9
18 7
10 38
94 82
38 71
82 70
17 84
60 16
90 89
95 66
8 40
17 60
57 46
8 64
94 3
94 52
18 63
16 52
41 64
34 10
10 41
2 36
96 12
52 87
66 43
77 56
32 55
30 90
59 42
59 87
13 47
57 75
26 17
52 13
78 3
67 52
32 35
26 4
75 51
43 70
7 97
19 59
82 56
21 11
39 12
57 40
2 48
60 43
59 39
29 59
92 59
15 65
45 75
2 34
15 25
29 10
80 17
30 14
40 67
28 58
14 88
57 1
59 37
95 11
86 67
91 1
16 29
71 82
83 8
78 55
33 13
73 99
61 28
50 21
69 50
10 23
5 35
31 99
85 69
91 56
37 68
80 53
92 9
57 20
55 71
26 14
2 39
76 32
28 91
98 16
11 89
45 60
20 82
51 9
14 96
47 4
85 8
6 85
27 83
45 79
62 40
95 73
97 33
60 74
36 99
74 29
68 73
61 24
41 44
81 32
6 55
13 82
2 29
22 81
22 24
10 58
48 43
31 67
85 70
37 9
59 50
39 91
29 43
67 22
42 18
18 1
46 72
10 49
34 57
94 77
42 100
32 88
45 5
33 20
91 12
53 75
54 59
63 98
25 22
83 46
95 43
12 52
44 84
20 61
58 43
9 96
65 88
22 7
18 62
28 35
83 50
84 13
63 71
62 31
55 23
89 29
94 63
93 70
24 17
22 100
36 21
66 84
95 12
44 37
27 43
92 86
28 1
93 5
76 11
51 73
31 38
22 57
80 15
64 72
59 67
22 59
62 20
2 52
62 15
53 40
93 65
71 25
98 48
57 64
32 59
64 55
57 5
79 16
35 24
12 53
15 98
39 43
85 65
60 47
28 71
31 4
75 3
84 15
34 5
22 91
89 14
87 22
44 30
13 54
23 33
46 91
3 22
99 70
69 99
34 7
13 26
53 32
10 9
24 55
81 98
24 100
68 25
8 24
87 38
11 59
40 87
97 37
60 80
65 83
37 88
51 37
72 85
97 51
1 31
94 50
71 88
55 82
84 75
74 56
91 63
15 27
74 6
77 75
30 46
20 49
71 99
67 41
78 29
87 16
52 75
1 25
63 33
22 48
6 3
3 93
91 85
35 73
13 19
2 93
51 44
30 33
72 91
24 1
98 60
15 75
87 7
36 88
53 15
50 23
56 73
98 17
97 22
9 7
27 92
52 59
22 12
95 51
47 11
76 63
80 48
51 94
85 81
87 89
16 86
75 97
68 2
2 95
17 25
50 93
37 25
94 59
57 4
5 49
83 95
73 46
74 91
83 28
78 77
73 30
10 25
39 13
76 7
98 42
46 88
13 38
59 23
57 69
64 20
74 2
76 93
60 58
42 4
100 60
15 92
58 97
25 28
64 29
48 55
72 32
68 87
8 17
47 41
24 5
90 16
64 23
30 2
20 6
46 97
98 31
2 84
41 18
6 44
17 14
51 72
47 86
83 84
35 93
38 55
41 96
65 21
4 22
60 59
39 85
14 83
99 10
97 32
21 63
78 73
51 52
21 2
32 91
91 43
6 88
76 88
65 22
8 63
35 45
71 90
68 81
58 92
34 52
92 44
37 27
42 12
35 31
19 81
72 28
89 9
79 25
70 52
42 35
12 41
72 59
39 57
67 25
94 54
64 34
42 1
76 67
50 44
93 85
90 54
85 17
15 64
9 78
57 81
50 18
84 87
23 85
73 39
33 1
61 79
41 61
19 95
85 21
25 51
44 16
55 65
33 43
55 5
40 91
82 36
20 56
50 3
27 91
35 51
28 76
14 53
3 89
80 32
45 55
14 98
47 88
69 43
79 98
49 46
99 59
73 69
92 34
9 100
5 21
12 45
91 94
2 27
5 44
16 95
75 43
39 24
36 34
95 72
46 93
8 68
88 19
15 12
2 42
43 31
51 56
63 62
100 20
35 53
64 77
71 83
5 76
98 39
57 31
23 19
82 93
81 23
90 92
32 21
99 9
58 72
96 56
24 32
86 13
9 5
58 18
18 70
90 96
72 20
50 56
93 32
64 70
65 68
74 37
73 57
58 89
82 1
90 11
42 99
78 10
58 37
67 39
21 26
28 62
15 6
67 18
42 68
21 44
85 77
62 81
1 14
40 66
84 4
1 59
88 69
18 81
17 93
99 16
34 60
19 90
96 89
65 56
19 30
32 68
70 35
8 46
97 25
57 11
20 84
48 57
36 48
95 27
88 100
97 96
18 13
42 91
19 14
13 12
45 57
3 88
16 5
74 5
47 44
3 32
56 69
41 81
20 91
49 100
37 46
41 83
61 100
34 18
99 96
38 4
24 77
48 89
56 67
83 81
32 9
66 59
23 76
85 100
49 47
54 97
50 95
42 44
69 7
29 70
7 90
54 87
61 88
91 44
43 85
81 78
10 75
56 85
82 88
58 23
24 47
85 83
95 20
45 73
20 10
21 77
63 100
56 23
65 54
18 44
77 31
44 12
61 82
30 72
67 70
44 38
33 87
29 73
74 89
24 36
59 49
93 64
89 43
40 43
84 12
46 10
38 9
13 21
97 1
54 85
47 1
49 85
37 69
79 1
85 98
9 48
4 78
31 47
19 29
29 34
52 7
86 62
42 77
45 76
3 83
97 55
68 30
78 60
9 77
3 27
71 5
54 71
89 82
82 91
89 10
43 21
29 18
2 35
60 72
11 41
18 4
1 69
35 94
43 3
26 93
40 92
15 29
16 36
37 6
18 55
35 54
96 77
83 59
94 60
27 76
34 26
33 90
79 70
75 82
73 63
76 44
98 78
60 99
43 16
17 55
90 9
86 87
93 99
39 75
78 26
70 17
56 71
88 85
34 23
93 10
13 67
60 30
63 54
45 95
72 74
36 56
71 65
77 3
25 9
77 71
30 79
27 56
47 42
54 44
49 97
80 33
28 6
26 96
8 11
61 53
74 99
34 12
50 25
62 30
100 15
14 28
18 71
20 38
40 94
16 81
25 14
43 77
42 17
38 51
73 1
62 90
94 46
69 58
76 69
44 10
5 1
81 15
7 56
18 72
30 58
100 10
12 65
49 35
55 31
56 60
70 32
45 23
25 63
7 48
31 96
76 64
29 17
16 46
41 8
71 93
68 58
51 21
6 98
26 88
7 27
33 93
2 57
17 12
12 77
35 6
7 86
93 100
34 3
18 8
61 63
27 28
2 55
40 39
29 37
9 94
7 47
11 23
53 81
34 96
10 70
22 66
70 26
75 60
19 53
13 44
42 82
63 50
8 78
72 50
54 69
21 31
43 61
90 53
51 13
63 5
98 32
25 4
48 56
39 58
98 55
11 97
5 39
59 45
23 62
74 13
27 24
27 58
10 77
78 28
68 83
38 47
95 89
65 98
23 93
30 16
29 20
51 42
17 97
11 22
38 26
6 30
44 68
95 59
14 100
37 83
47 5
7 80
14 79
89 24
18 9
42 46
42 13
60 2
68 82
57 30
33 17
56 24
36 66
72 79
65 6
14 7
32 15
95 24
22 92
61 12
72 82
49 93
67 10
5 12
73 42
68 100
75 70
67 21
15 76
66 13
66 67
57 19
41 97
85 82
94 95
3 21
32 47
56 97
57 26
18 19
82 69
79 91
89 56
32 28
84 100
19 34
49 91
87 82
74 76
57 77
13 78
49 69
72 15
47 59
81 20
75 98
25 18
15 85
3 24
43 67
98 53
84 10
52 88
17 65
11 33
69 26
92 46
56 40
79 95
82 48
91 50
100 75
13 36
76 43
86 75
73 27
96 17
36 33
30 54
93 21
1 52
43 94
72 69
58 96
41 100
24 46
58 25
12 81
43 35
100 30
76 78
60 81
29 30
78 15
5 78
34 11
92 47
46 38
17 59
44 85
40 10
51 49
94 2
83 70
88 58
56 46
40 38
17 87
26 68
77 5
32 7
9 30
5 84
31 33
54 98
23 5
67 65
100 3
27 8
59 31
64 88
14 86
14 13
85 90
14 50
17 16
37 34
79 66
84 53
43 44
35 79
93 45
67 95
37 60
61 17
75 18
13 55
100 58
84 82
63 34
16 40
89 57
8 38
50 20
68 4
42 61
35 78
27 47
56 59
12 66
48 19
33 61
32 66
100 79
81 84
48 74
51 80
52 76
10 22
33 32
47 76
97 31
5 41
5 30
54 6
77 83
93 75
41 63
54 17
47 89
73 93
32 5
36 45
37 62
50 19
33 37
93 19
22 8
28 96
85 4
59 80
47 58
47 18
43 64
49 56
41 49
18 43
13 60
86 52
50 67
62 35
85 22
43 49
35 22
94 86
41 4
32 89
72 88
18 73
99 61
59 43
40 42
93 42
27 20
78 53
96 6
3 81
46 77
84 68
28 75
65 47
74 52
45 4
17 58
34 59
30 74
12 9
14 4
77 13
56 88
90 65
57 97
16 94
11 27
97 8
33 98
47 94
70 73
100 6
13 71
77 73
6 45
36 55
34 86
48 52
16 10
48 81
43 65
62 41
48 70
75 11
53 21
24 72
42 49
7 20
58 22
100 13
95 10
58 5
53 71
28 92
43 99
29 56
18 22
72 76
76 75
26 85
72 37
30 15
81 6
90 40
19 36
21 38
27 96
72 44
43 2
67 38
97 61
92 23
69 9
57 12
16 6
53 79
45 64
79 93
63 65
73 13
20 68
18 37
41 87
69 23
47 30
30 93
73 37
20 75
23 89
71 30
87 66
64 19
64 44
86 29
20 54
8 98
75 29
53 11
39 52
78 30
42 65
3 4
100 95
85 97
35 18
75 54
41 52
25 38
3 9
87 58
30 91
34 39
6 87
97 77
77 54
57 80
61 50
87 27
31 27
96 60
52 38
79 10
90 70
75 24
15 71
48 38
2 90
17 99
97 9
28 2
52 62
81 97
6 18
81 64
96 73
66 39
72 38
19 4
99 23
17 72
78 42
23 67
85 47
97 13
41 48
32 63
77 40
45 85
20 63
88 27
25 33
65 33
30 32
10 21
12 94
73 92
21 87
48 47
46 50
87 96
37 54
3 80
73 52
66 16
33 96
15 19
77 38
58 55
80 41
28 52
23 12
67 29
60 64
34 79
63 57
84 14
91 11
65 16
75 71
22 83
56 25
1 16
17 46
47 57
92 72
30 21
44 66
25 30
76 10
90 17
15 68
72 96
30 3
98 19
85 28
74 78
85 84
35 86
70 59
99 77
84 90
73 90
66 37
70 100
55 52
46 22
24 85
24 99
62 32
75 56
84 9
2 44
76 39
59 77
43 62
49 65
79 39
78 12
19 16
54 79
4 65
17 9
81 30
77 52
81 46
3 60
65 62
98 74
14 33
41 20
25 16
33 4
31 76
30 11
55 76
65 73
19 67
25 60
68 98
77 18
83 62
61 91
28 13
3 69
69 62
78 23
2 16
10 71
86 30
90 94
15 97
11 54
17 31
90 36
90 37
39 35
33 42
84 21
90 77
53 85
54 81
69 74
98 100
38 90
19 70
90 14
25 93
78 22
18 85
65 91
17 63
88 75
64 16
22 69
86 8
83 58
80 97
79 48
66 63
95 68
12 62
15 23
36 86
33 49
65 100
65 51
65 7
73 64
65 10
1 62
98 24
96 47
33 77
11 1
72 53
50 90
100 43
37 1
22 96
47 15
19 21
9 35
46 82
6 24
61 69
3 85
55 70
43 12
35 23
28 68
61 74
71 19
21 62
8 55
4 39
33 12
35 33
27 9
82 47
58 34
51 27
45 43
68 24
92 10
91 41
34 14
46 14
70 63
64 36
49 3
15 44
31 10
61 51
20 40
47 54
6 90
38 62
69 4
91 98
51 48
4 81
44 25
27 82
64 96
23 7
77 58
49 64
83 48
40 70
45 3
92 57
6 34
100 97
96 15
92 30
47 2
69 52
8 30
22 64
60 9
90 15
100 89
20 37
92 52
57 21
38 85
42 23
22 44
38 75
77 69
93 24
3 97
27 55
32 27
69 89
38 83
18 82
79 63
26 30
96 8
33 39
60 40
29 11
83 13
35 88
95 18
21 86
28 64
35 19
81 96
77 87
74 38
18 60
83 36
69 45
51 55
100 48
42 85
21 97
41 93
78 91
76 96
47 100
73 66
53 60
14 40
31 29
52 47
23 63
22 63
14 15
65 72
26 83
93 8
14 92
52 22
7 95
39 62
55 9
11 37
77 50
26 37
26 8
47 81
89 73
18 23
27 22
61 77
54 33
95 90
72 83
99 53
74 41
4 91
28 22
35 13
11 6
40 11
12 24
60 91
50 78
66 21
28 26
43 92
82 60
13 32
51 62
77 6
81 76
2 46
72 93
2 82
93 84
13 93
1 65
77 32
58 71
54 46
94 73
23 20
15 31
22 42
75 16
64 94
86 43
5 94
76 4
28 99
27 26
41 45
71 37
22 14
81 43
27 67
34 40
40 15
94 61
87 80
27 52
47 29
82 14
5 75
86 38
31 83
30 84
88 87
75 8
93 91
70 47
35 16
59 71
69 60
15 52
48 66
51 7
15 34
85 37
5 61
23 1
86 81
28 20
11 94
9 87
70 62
45 83
74 44
50 66
70 49
86 58
42 84
72 36
100 46
57 43
18 10
45 7
61 14
1 27
57 67
60 19
7 38
52 10
99 81
89 8
92 87
56 84
90 52
28 65
17 88
67 8
15 11
31 9
82 19
57 90
40 74
85 31
48 88
53 17
28 24
92 24
78 48
96 88
42 10
82 86
37 38
58 32
11 77
12 7
25 84
61 23
55 69
78 70
42 58
37 53
77 84
42 31
79 24
58 53
80 6
29 3
9 28
85 89
59 26
82 29
66 78
87 19
29 39
36 77
43 56
9 71
50 92
96 18
76 58
95 56
58 80
78 49
73 15
71 29
93 34
16 76
97 39
74 19
20 31
35 82
35 20
62 4
11 66
6 62
60 24
51 99
15 28
2 83
42 21
63 13
81 72
63 42
30 1
32 94
75 6
65 24
76 51
77 35
26 52
57 66
27 63
60 92
38 76
59 6
64 18
15 57
5 3
9 74
21 12
70 88
60 90
52 96
76 98
74 26
67 71
65 74
8 72
11 13
28 98
82 53
44 34
89 70
24 53
67 92
33 78
97 12
89 26
29 61
36 60
74 15
2 45
84 38
66 2
6 70
41 79
69 32
22 56
65 79
46 20
42 53
27 36
4 35
71 61
22 26
81 24
16 54
42 95
43 78
82 90
32 51
100 81
16 50
98 84
87 71
95 3
20 3
81 7
1 89
41 88
52 97
98 35
39 22
27 38
9 73
78 54
61 4
46 1
55 80
18 30
18 39
3 57
55 3
64 14
58 59
29 26
68 14
5 53
13 31
92 68
77 1
73 100
39 89
65 14
48 97
32 60
52 33
4 95
26 10
62 99
79 20
58 45
12 26
89 54
48 95
54 4
100 57
69 39
92 79
15 16
94 78
96 79
95 85
95 49
82 92
98 87
99 97
8 99
88 77
14 47
69 8
50 100
23 21
34 20
1 38
58 29
16 8
81 56
90 83
56 99
30 22
28 46
64 32
61 7
80 88
93 69
25 24
48 85
32 49
98 66
31 73
74 22
34 24
14 31
32 17
21 33
40 76
63 80
99 40
2 59
67 24
41 19
96 82
75 69
3 72
100 29
20 16
27 85
31 11
55 88
2 70
62 26
9 22
87 26
42 29
65 69
47 19
22 70
98 52
23 4
28 73
61 70
24 64
7 11
54 66
94 36
88 15
67 4
20 13
3 90
42 36
19 94
60 1
21 40
21 81
44 71
93 66
60 68
36 28
92 36
58 73
86 68
59 75
80 2
74 47
82 41
51 93
5 60
84 43
25 65
25 61
69 87
30 96
79 78
86 49
67 63
78 40
24 94
61 47
44 62
64 3
47 50
45 53
87 24
59 82
86 45
95 38
7 62
58 51
49 18
16 38
65 50
46 78
24 33
42 66
35 76
62 59
61 90
32 4
89 62
45 19
18 87
49 63
87 2
39 14
52 42
85 99
76 70
64 9
1 17
12 71
86 79
36 84
32 54
42 88
50 73
62 82
91 10
59 5
76 1
1 80
78 32
29 35
40 86
18 69
6 38
25 92
9 46
30 95
55 83
78 75
1 67
4 58
63 89
50 45
79 85
26 64
11 51
7 30
29 12
81 63
97 59
81 39
82 10
62 77
64 17
16 80
55 44
56 64
9 11
64 90
36 43
87 34
22 34
30 41
48 63
92 49
7 42
51 68
7 8
59 7
93 78
93 53
39 72
74 12
94 68
29 91
69 31
55 16
37 43
63 7
81 35
66 19
47 20
2 92
10 94
57 6
15 35
78 6
44 67
38 57
28 97
4 59
90 75
49 28
7 66
31 93
72 54
51 87
50 62
24 62
46 41
26 100
16 28
34 47
80 31
3 35
30 24
93 56
53 88
59 21
7 50
6 31
79 31
20 52
39 51
50 40
68 59
60 14
69 46
9 50
47 99
88 67
20 70
84 40
18 93
71 57
6 89
81 61
39 41
17 56
52 84
96 86
64 97
54 29
32 48
9 54
2 71
31 95
86 25
21 95
50 99
13 68
72 19
90 86
84 51
7 84
85 11
7 70
90 78
45 67
39 26
23 39
100 12
69 30
76 25
8 58
23 88
42 48
50 4
70 54
68 22
19 7
98 92
68 85
100 67
18 24
76 24
21 58
62 53
63 93
83 42
9 29
80 69
68 16
39 7
19 28
59 93
58 57
67 6
43 93
52 91
69 79
42 25
56 19
100 28
32 75
58 82
14 8
7 64
59 38
91 100
7 89
71 66
13 69
23 71
85 63
80 11
6 4
44 36
17 35
68 19
72 33
78 44
21 71
66 97
33 19
76 42
75 81
29 1
56 87
2 58
2 61
6 9
36 70
44 31
8 25
39 38
55 35
72 84
65 18
98 43
18 15
43 6
79 7
64 66
39 92
3 46
89 99
93 4
74 46
16 39
35 37
55 75
63 51
73 11
94 58
44 80
25 27
83 12
33 27
36 30
6 97
34 42
33 40
82 8
48 92
20 67
22 49
41 35
12 79
22 38
12 64
34 70
34 83
51 43
81 29
9 81
89 92
80 82
30 59
43 15
85 87
30 80
65 96
59 36
2 99
49 98
9 45
97 70
68 91
74 10
29 97
27 99
92 97
6 1
68 43
8 90
54 80
49 44
19 40
39 56
35 27
64 5
52 21
92 91
64 80
73 4
78 16
44 39
12 27
52 9
38 94
94 1
97 34
21 80
61 39
98 94
41 60
27 34
27 71
76 54
28 5
91 33
36 40
25 39
13 25
49 89
10 36
24 66
57 83
39 19
23 14
59 81
85 52
33 50
56 42
100 80
25 5
9 42
25 98
28 31
12 56
88 28
92 88
99 66
100 54
4 17
51 23
92 3
74 84
40 27
63 12
21 90
39 45
66 72
69 63
75 26
75 80
72 61
47 55
98 38
1 96
98 50
77 70
16 92
37 100
42 14
70 38
77 95
7 5
81 95
69 51
56 28
75 17
29 87
36 61
31 30
39 86
9 76
92 51
40 49
21 79
25 77
7 60
22 55
39 48
49 67
3 52
80 73
78 80
30 89
14 77
53 38
55 60
81 44
77 22
25 72
57 61
99 34
33 69
65 35
79 47
82 5
77 51
82 25
44 48
9 24
53 22
81 14
79 5
60 22
17 23
48 61
56 13
60 49
49 72
16 72
38 91
94 99
59 78
37 22
88 18
78 21
94 25
78 41
28 80
6 52
99 12
78 99
75 83
8 92
87 28
11 72
40 6
18 97
93 16
86 33
45 40
33 92
32 29
2 75
85 46
59 88
62 14
52 63
41 66
86 76
6 84
75 27
82 78
22 75
87 12
22 95
81 80
11 26
2 8
51 24
83 29
12 98
31 65
52 36
29 96
4 7
28 63
42 57
11 87
10 61
19 51
27 49
93 15
80 5
12 46
50 58
77 76
49 90
48 33
60 89
98 88
89 67
45 48
23 83
72 45
28 54
18 32
3 31
2 63
8 31
92 11
95 41
42 26
83 89
1 93
71 1
97 63
76 95
78 92
41 92
19 89
71 69
44 82
73 91
27 62
4 71
82 49
9 63
1 87
6 32
90 88
6 21
33 18
19 99
80 26
34 84
6 76
13 61
50 54
15 4
36 54
82 17
83 80
47 26
1 43
94 96
6 99
33 16
1 49
67 37
71 32
94 23
15 22
29 44
12 86
39 37
85 1
37 87
78 88
96 4
23 91
32 57
31 63
21 16
75 21
48 40
42 24
48 69
73 3
75 30
23 77
53 65
41 22
65 39
98 93
30 43
74 75
8 52
25 2
91 96
14 32
41 40
94 31
67 78
55 39
62 96
76 99
39 17
71 94
31 46
14 71
98 21
91 59
9 20
53 20
49 7
65 32
88 12
88 1
73 98
68 23
90 51
24 23
76 82
49 9
26 72
85 12
12 55
97 86
56 30
14 16
95 57
61 80
13 30
18 17
71 16
16 18
26 2
55 4
67 55
85 60
56 11
51 8
94 66
52 93
70 94
44 40
21 1
32 16
56 72
54 53
10 97
59 44
4 56
73 61
35 75
97 23
9 2
89 75
32 2
59 25
45 80
61 15
75 92
51 64
10 28
65 99
38 30
46 63
81 13
2 85
32 43
68 75
83 93
54 99
11 74
57 76
81 36
86 63
53 86
74 90
26 9
46 68
84 94
80 18
32 20
65 48
20 89
84 63
17 27
66 75
97 20
45 49
46 86
5 81
19 49
78 45
61 8
45 63
63 92
13 65
61 92
62 45
12 2
87 62
71 50
44 45
90 42
56 16
63 19
13 57
84 45
79 87
19 32
76 83
1 70
17 48
35 30
13 72
70 24
58 16
88 84
20 26
28 48
88 63
70 3
94 34
65 59
79 68
16 11
8 21
59 90
57 60
96 35
90 87
81 91
76 12
18 3
1 98
29 8
85 73
2 37
68 56
51 100
6 86
21 88
36 69
82 100
33 9
94 4
45 18
79 99
78 20
42 87
25 26
100 11
36 96
48 75
27 48
55 29
76 85
74 24
67 98
96 70
48 62
82 16
38 11
88 79
15 54
93 86
48 77
20 87
53 7
50 79
72 22
6 48
8 53
21 35
90 58
79 40
15 63
81 52
73 86
55 84
53 34
50 57
38 82
33 62
16 37
25 49
76 33
15 87
56 41
47 25
77 47
66 34
36 100
73 6
43 63
56 53
68 49
91 47
66 38
57 56
12 54
80 71
14 72
47 72
11 79
56 45
50 84
16 13
32 100
74 39
39 60
4 48
73 23
69 44
65 75
69 5
18 86
43 24
33 60
60 35
77 34
24 26
62 13
69 12
2 31
79 71
12 25
45 52
37 93
81 92
80 70
27 23
49 94
8 42
10 60
2 65
11 60
45 28
40 95
14 76
8 65
55 34
98 62
75 73
55 7
9 83
40 51
72 6
66 69
11 18
57 41
78 38
65 20
98 77
53 66
64 31
55 95
90 72
17 38
80 12
74 32
18 66
72 34
80 52
70 31
91 55
52 99
3 2
4 12
63 68
100 76
41 65
24 15
60 31
74 4
33 56
40 3
76 8
8 60
14 56
39 77
57 17
59 48
30 97
17 92
55 73
47 10
97 74
88 50
68 66
10 64
89 91
63 58
69 17
71 11
25 80
50 55
4 9
91 70
3 87
84 99
67 3
79 19
76 36
95 80
25 64
100 21
92 66
9 86
36 15
10 86
33 75
62 22
85 13
70 27
77 60
2 53
12 58
4 70
22 61
51 81
24 63
2 51
50 34
70 37
96 5
99 80
68 9
44 94
36 87
76 80
45 92
94 79
44 60
62 8
89 86
36 79
73 76
12 92
31 51
29 45
72 57
13 80
33 94
87 32
78 47
86 85
84 41
29 85
71 7
92 94
7 3
31 53
64 92
52 40
26 91
48 18
61 84
14 5
3 54
51 71
48 11
6 61
19 11
88 13
57 24
83 88
47 56
8 54
4 97
50 81
14 63
88 34
83 49
45 13
8 1
64 78
21 55
82 12
85 55
61 54
52 11
90 99
9 15
43 88
30 67
77 67
3 42
58 19
9 61
98 83
36 22
99 95
71 34
13 17
76 26
76 13
62 17
7 54
94 87
98 7
54 92
17 5
67 5
36 58
98 2
63 90
27 74
16 91
57 99
95 44
84 8
21 56
13 29
32 22
2 97
73 36
43 20
4 64
46 66
73 20
21 48
38 32
73 26
71 48
68 64
98 11
9 16
80 23
87 81
34 30
44 7
9 23
46 33
50 6
54 96
9 75
22 54
70 56
83 92
56 1
66 51
75 4
54 41
15 51
54 60
61 11
8 36
1 50
37 76
53 4
33 2
82 21
9 95
97 19
55 41
78 71
79 42
22 16
80 85
90 27
65 9
46 64
69 24
27 6
74 73
68 76
95 29
48 64
91 80
81 33
16 24
68 47
1 95
38 43
91 75
27 65
82 23
15 3
52 30
94 67
91 31
96 61
33 29
98 3
31 86
84 92
38 92
77 4
43 4
11 5
58 75
4 83
23 44
96 25
96 43
89 80
33 100
66 70
17 68
85 10
1 75
51 85
20 12
84 33
32 10
37 41
6 83
64 79
37 77
38 5
58 66
10 51
1 26
65 94
53 89
15 95
39 80
66 33
65 36
19 69
61 66
79 60
64 91
31 36
46 80
2 89
1 68
36 68
48 25
73 17
61 86
55 63
10 81
25 29
100 8
70 98
73 59
2 4
35 68
68 50
80 68
99 86
39 78
7 31
36 57
74 45
21 83
28 55
92 35
68 11
23 57
65 38
35 36
36 71
37 98
17 30
39 83
14 93
29 79
3 28
87 23
28 50
34 75
59 14
67 99
34 91
62 34
97 82
62 75
40 25
34 43
54 21
15 60
32 31
27 53
13 37
14 97
81 28
83 99
95 63
15 37
83 51
24 97
80 24
19 80
55 74
23 13
97 69
18 14
98 10
46 39
41 31
74 94
97 26
42 37
12 49
30 55
91 84
28 38
23 25
73 54
55 99
87 99
76 21
18 68
19 65
15 89
85 19
18 5
17 71
9 62
96 40
67 72
49 30
84 24
27 64
80 72
82 28
40 81
7 13
91 21
26 33
26 63
80 90
17 15
67 61
42 55
2 88
95 8
81 26
29 65
64 53
84 70
36 62
58 46
50 13
20 4
23 16
75 72
83 20
83 86
47 64
44 77
22 17
69 98
46 60
97 76
12 18
68 61
56 8
52 100
100 96
88 45
92 56
3 61
21 24
85 92
25 54
39 27
31 92
20 92
98 29
54 10
69 47
71 85
61 89
91 90
12 47
8 13
79 4
36 14
47 28
89 35
8 59
60 6
46 4
96 85
71 20
63 35
36 7
57 51
60 65
69 34
53 43
5 46
100 31
61 83
37 52
57 49
10 56
53 3
14 51
52 72
61 35
82 54
12 3
43 25
89 66
9 67
46 47
44 96
76 41
15 55
92 76
67 42
56 76
50 36
18 20
93 68
90 98
60 21
64 52
33 89
70 15
13 40
24 20
78 18
58 91
6 22
10 30
41 28
97 71
26 18
23 22
39 94
72 29
73 97
41 29
46 65
48 84
93 96
20 15
51 59
96 71
1 44
27 80
42 94
51 79
3 66
14 2
6 49
30 28
15 94
13 95
72 41
78 69
88 73
21 89
65 37
39 64
26 46
7 16
22 71
89 81
48 10
34 4
23 40
9 13
7 58
4 24
56 6
80 37
46 27
23 95
73 21
95 14
28 67
41 7
79 6
40 7
14 87
82 74
74 34
17 19
93 47
28 66
30 88
80 77
6 33
62 55
87 75
42 86
1 86
27 98
13 41
76 91
82 83
36 37
96 53
100 66
88 44
88 38
68 38
72 42
43 11
74 85
15 67
79 81
69 42
85 33
85 34
42 28
10 72
54 34
3 68
86 4
88 94
3 96
27 44
100 16
87 39
51 28
86 100
37 10
49 31
50 5
54 39
16 26
68 62
73 62
35 58
15 41
86 70
92 26
75 13
22 51
19 38
37 99
62 93
38 100
73 19
45 94
76 17
99 82
10 33
53 9
4 66
39 31
69 28
73 53
47 45
44 87
84 76
15 5
57 33
51 5
13 22
90 44
39 15
73 60
66 76
58 79
2 62
11 36
95 61
89 34
71 8
54 83
52 14
95 32
100 39
94 14
89 64
84 80
11 65
62 61
46 95
5 100
6 13
93 74
77 45
99 75
51 53
72 40
46 59
66 25
47 36
95 98
4 92
79 26
78 86
63 4
79 75
68 69
78 27
56 54
26 56
21 49
36 17
49 84
57 44
26 50
74 71
38 34
50 38
51 50
96 20
80 49
35 12
47 37
69 25
77 16
21 61
54 19
70 58
4 87
66 47
2 10
84 67
7 96
35 8
18 36
80 14
42 54
78 84
50 42
72 4
60 61
93 6
75 94
68 48
52 78
25 19
23 43
54 43
69 10
45 99
92 71
41 90
6 92
14 91
56 94
87 63
5 40
1 58
26 84
87 73
20 30
91 3
28 39
87 95
93 67
77 26
5 6
40 89
11 64
21 72
63 36
47 40
46 53
32 46
12 28
99 68
81 70
86 23
50 52
94 53
31 45
94 41
40 18
88 66
79 27
40 58
79 59
76 49
93 40
17 40
67 46
34 9
97 5
98 26
76 19
47 35
38 3
27 59
36 9
38 15
71 86
67 34
93 55
12 14
38 79
71 35
81 42
87 76
9 44
1 7
11 96
22 29
52 79
3 65
53 41
60 84
79 77
86 27
98 56
37 12
73 16
89 50
1 64
10 62
42 41
95 74
71 70
90 1
17 74
41 51
18 21
23 32
60 86
17 67
70 50
50 74
60 27
62 91
77 68
78 25
13 92
77 29
54 49
6 12
35 38
78 68
72 99
69 84
41 9
6 23
49 34
74 51
65 80
41 36
14 49
88 99
1 84
30 23
21 46
14 69
3 41
78 34
59 24
62 76
71 81
24 82
86 59
36 38
45 96
44 3
23 2
72 87
100 72
26 58
25 31
37 91
97 84
89 88
79 84
67 68
57 27
18 89
74 25
26 65
35 91
41 17
4 13
22 1
8 77
54 31
57 68
89 28
24 29
68 89
100 19
1 40
11 82
17 94
7 46
86 80
20 85
56 62
43 26
78 58
84 46
71 95
85 36
60 76
86 54
26 60
22 31
79 62
38 42
84 16
46 44
71 60
45 90
19 78
39 63
15 42
27 68
38 64
1 63
99 1
92 69
56 55
53 28
98 23
3 59
38 69
59 40
93 11
14 48
2 5
86 91
51 4
6 26
86 69
7 15
62 71
5 95
95 6
14 67
34 21
45 15
25 52
2 91
52 56
15 8
35 56
62 49
40 65
37 23
73 10
27 93
9 14
94 27
66 65
56 34
12 93
74 33
37 79
100 94
77 28
29 63
47 17
46 70
62 64
99 41
43 52
32 96
51 18
45 37
61 49
28 17
78 62
67 79
26 44
37 64
64 54
76 61
74 49
49 13
39 82
29 40
83 40
99 25
72 7
67 69
53 47
4 36
53 69
63 30
80 98
100 83
35 69
90 13
52 44
42 6
31 88
11 46
70 41
33 34
12 1
13 27
1 61
3 39
91 69
98 59
92 77
18 76
34 61
22 89
58 6
84 54
53 44
40 35
51 3
8 45
82 79
46 89
50 2
95 97
24 40
74 79
2 69
7 78
44 93
29 99
74 21
44 86
49 36
35 57
72 23
93 89
37 5
88 68
68 29
49 53
33 38
54 23
12 72
78 11
5 91
50 41
87 8
31 81
9 88
94 13
3 17
10 39
58 20
62 5
87 47
26 95
46 76
54 52
83 44
46 6
19 44
39 50
92 19
74 81
16 69
93 9
61 37
86 17
88 11
88 62
24 52
71 26
78 24
35 52
35 80
20 48
18 94
72 86
60 29
98 45
11 39
50 15
31 5
2 41
32 85
11 50
4 82
98 89
62 57
98 82
35 99
9 82
65 57
91 19
48 67
36 78
98 57
97 68
83 74
30 27
63 64
51 47
98 18
71 52
69 20
45 65
80 9
87 30
34 16
84 11
5 54
62 85
48 50
5 85
80 42
94 29
90 69
3 23
18 27
29 4
26 86
83 43
74 20
5 26
82 64
90 18
64 61
1 83
70 95
61 65
26 23
85 9
48 26
33 59
51 26
67 12
100 99
65 89
18 56
28 34
14 20
74 63
39 71
66 83
98 86
58 49
77 82
39 32
3 84
26 41
36 75
54 2
7 33
13 53
46 25
93 22
100 34
7 37
67 47
35 14
42 16
43 46
47 84
38 14
85 25
7 17
100 64
66 56
19 1
87 53
84 86
74 18
45 51
88 39
3 62
33 67
45 66
85 94
100 45
75 44
16 61
25 70
25 20
36 89
21 15
22 40
71 91
83 96
53 63
23 8
9 40
1 81
70 69
82 37
57 7
82 43
72 1
20 1
92 29
62 29
32 8
25 81
7 6
43 79
38 63
55 87
73 71
57 74
66 15
16 67
89 44
43 47
75 46
55 19
8 81
21 25
84 57
88 29
94 69
29 5
17 78
99 91
20 77
31 34
95 33
35 34
65 82
12 51
96 48
9 98
83 5
49 99
74 3
11 4
24 96
33 71
59 10
14 45
95 64
13 91
73 44
50 97
98 13
71 72
14 73
73 7
34 76
55 90
32 83
19 2
83 11
99 38
80 4
60 87
50 37
50 96
45 26
83 91
66 26
43 17
11 49
61 27
15 49
5 99
29 52
38 96
63 72
37 92
25 55
90 66
44 20
28 90
2 49
43 80
45 42
29 14
60 95
33 83
44 14
91 95
84 32
33 79
35 44
1 51
93 28
99 63
94 76
32 42
87 65
70 5
85 30
63 44
27 45
74 54
12 70
66 20
18 54
56 90
59 76
72 2
44 11
77 86
93 77
44 97
96 66
39 84
74 14
36 67
66 55
55 46
20 45
93 97
52 68
57 52
67 7
94 6
49 4
64 69
50 64
97 83
44 65
89 31
98 71
46 19
30 12
96 42
38 93
3 48
53 92
69 15
10 83
20 11
21 22
8 43
48 49
62 60
25 57
36 5
8 28
36 6
45 11
98 41
3 25
80 74
70 39
68 6
73 25
33 73
84 58
92 99
41 14
93 7
87 43
26 67
60 28
31 61
67 51
