100 4500
97 90
65 28
29 88
66 81
19 96
81 1
47 42
3 70
21 71
56 38
9 91
41 46
1 80
57 17
83 55
62 23
89 76
33 78
91 10
6 5
76 86
67 89
1 65
53 59
42 41
15 75
58 1
62 89
100 51
100 29
39 36
34 19
9 46
64 33
35 80
8 98
7 36
45 58
62 66
67 49
37 84
2 88
94 57
87 44
39 90
79 69
26 52
37 62
68 36
3 54
26 57
20 31
78 13
91 72
74 46
61 31
66 78
24 13
87 39
33 92
52 41
86 56
92 17
99 39
54 37
88 40
45 60
92 1
49 88
23 32
66 59
34 16
82 21
91 45
27 29
43 21
100 67
4 52
44 40
25 88
32 14
23 19
65 2
63 80
91 34
1 46
36 76
68 54
95 33
23 48
85 12
31 41
30 11
47 97
68 62
9 85
48 56
66 39
62 32
79 56
83 4
92 94
25 23
16 97
90 20
1 77
29 7
13 45
58 44
23 34
4 11
50 97
70 5
33 73
54 72
98 74
22 53
71 75
37 48
45 67
61 40
44 39
29 66
51 25
88 33
28 37
36 93
55 20
24 15
51 23
76 9
40 67
39 68
36 47
65 59
84 75
2 14
10 26
73 17
69 72
88 76
99 17
85 81
26 19
74 48
34 60
65 33
50 46
69 94
96 61
73 1
71 4
12 31
47 28
31 70
1 98
70 85
49 60
62 64
25 4
20 70
34 67
98 24
8 78
20 53
82 13
77 24
55 94
74 53
77 60
5 1
17 70
57 1
73 34
10 8
54 92
25 35
94 2
24 86
67 65
88 24
80 42
96 95
66 36
63 69
72 52
3 16
16 29
16 81
15 96
28 27
73 25
62 55
56 5
89 68
56 11
23 37
97 82
19 76
54 2
26 78
6 4
58 46
84 28
96 89
76 99
40 35
32 3
27 34
75 23
54 40
59 17
62 16
61 20
70 78
12 81
79 58
70 40
45 75
21 30
14 46
96 68
59 19
38 93
24 95
36 60
52 75
86 77
94 18
61 34
81 40
78 72
88 26
1 2
2 61
76 74
100 48
5 24
13 58
47 90
22 26
46 19
82 42
84 96
90 19
63 85
69 48
86 39
31 48
4 80
75 20
93 23
19 53
73 66
42 11
98 25
37 97
7 25
94 47
80 100
93 28
84 47
87 54
19 18
3 27
76 31
87 35
30 26
92 24
56 39
11 73
15 77
59 87
11 45
50 87
68 91
17 100
11 23
55 43
68 74
70 26
18 43
41 95
48 35
63 59
67 69
69 14
74 25
74 6
52 97
41 63
15 73
18 49
99 11
74 13
17 52
80 51
84 63
25 8
21 72
94 88
91 3
10 39
32 50
45 72
45 8
71 15
18 55
42 25
48 45
68 88
48 53
92 26
90 22
89 57
36 31
81 60
62 74
38 95
64 41
41 67
68 6
9 84
85 82
67 26
65 18
8 38
76 54
57 85
95 97
1 50
46 59
80 85
84 91
23 94
18 82
98 50
66 48
70 6
59 47
74 34
8 53
33 35
24 2
65 91
43 61
58 80
93 71
28 9
36 3
67 2
84 3
33 91
63 46
62 7
12 32
76 57
42 43
22 55
21 74
92 37
78 71
28 4
34 96
7 80
48 25
65 39
24 55
100 7
37 89
58 85
54 53
80 45
37 94
86 83
26 90
73 85
13 23
21 98
14 12
74 97
6 66
23 61
92 68
96 47
24 93
59 48
23 10
88 69
4 86
50 34
90 38
74 27
68 3
14 3
28 96
44 46
99 80
94 75
39 27
86 23
38 15
53 60
60 57
79 51
51 82
12 49
58 78
72 76
28 62
14 89
19 49
60 27
25 31
24 19
27 22
8 58
20 98
59 90
94 59
87 31
20 32
4 33
52 32
84 48
37 25
48 36
52 5
60 35
65 34
20 4
81 18
23 72
96 97
6 65
10 45
22 7
22 83
37 24
35 90
72 10
44 47
89 23
61 35
5 79
100 45
100 31
82 38
64 37
21 59
3 98
70 48
95 28
95 88
35 1
35 98
58 62
46 30
77 33
18 7
28 90
82 70
77 85
78 39
61 84
73 90
74 29
82 98
100 23
96 40
70 13
1 9
56 51
40 77
29 20
95 22
25 82
84 54
52 87
36 88
8 44
66 14
37 17
38 84
12 21
33 13
15 84
44 75
34 93
31 16
36 10
19 27
82 3
59 16
98 15
77 28
58 63
16 53
92 88
81 7
8 20
97 42
49 29
53 88
45 62
56 20
25 12
78 2
79 87
69 75
30 55
18 34
40 2
67 94
91 96
75 50
25 11
43 49
8 19
45 96
34 39
20 65
9 88
87 12
18 41
29 84
18 54
83 91
50 92
56 64
93 21
67 87
20 1
93 1
49 72
78 15
5 11
21 46
50 42
66 1
54 90
69 98
33 83
45 27
25 9
11 35
60 83
35 96
52 70
4 5
21 16
19 41
48 62
21 4
72 65
91 39
98 30
50 66
49 99
47 60
74 87
32 58
99 42
23 38
83 24
49 93
52 85
6 78
41 20
11 100
58 77
82 10
88 70
17 55
15 94
34 70
25 89
82 29
49 20
76 38
11 62
59 96
5 17
40 8
42 95
100 24
44 82
98 83
32 86
25 54
56 24
21 27
48 3
74 9
9 41
41 45
59 27
11 95
73 3
6 33
70 38
12 38
25 17
3 62
71 95
96 44
16 76
18 52
13 86
6 88
76 1
91 66
53 71
84 20
95 17
16 87
90 11
90 87
22 69
3 41
22 25
60 44
51 15
33 89
17 34
94 96
66 35
9 59
70 71
81 71
38 67
97 48
57 9
92 4
14 36
67 86
19 83
57 56
64 66
64 98
50 36
75 2
15 12
92 2
66 58
28 8
83 84
80 77
30 41
64 81
92 55
85 88
26 59
92 29
7 79
15 25
63 88
50 70
12 46
17 2
26 24
87 66
87 81
46 92
2 96
43 37
73 5
96 42
11 97
71 17
85 15
10 81
96 24
5 88
67 78
19 35
99 63
89 82
34 8
23 64
14 16
69 80
8 7
63 74
32 61
75 34
55 52
26 50
61 22
63 54
33 29
48 90
38 71
64 7
13 10
77 88
61 16
22 100
75 63
82 26
18 3
95 4
63 77
64 65
70 96
48 67
24 72
12 6
81 39
14 58
82 6
84 16
71 19
70 97
98 93
97 72
93 92
94 50
90 72
100 12
76 84
51 60
87 5
52 67
69 57
23 82
72 60
21 49
30 10
7 91
48 34
15 59
54 48
79 54
11 68
61 87
58 11
81 47
51 18
48 95
41 22
98 81
89 99
68 67
21 58
100 39
91 47
9 89
96 38
62 57
79 73
15 88
65 98
60 100
28 57
58 53
93 20
91 56
20 52
93 37
53 18
54 97
74 43
58 88
36 98
63 24
60 95
6 23
53 26
33 5
14 8
7 92
98 22
19 85
75 70
93 56
73 80
82 94
87 97
67 15
32 70
59 62
54 94
17 77
20 16
25 39
15 21
32 1
82 55
68 99
23 54
21 5
89 46
31 59
67 60
98 45
24 39
49 62
68 16
96 43
43 53
7 57
37 18
57 78
35 72
72 57
37 55
72 99
81 97
75 26
80 5
7 83
10 80
14 94
39 95
28 11
82 14
80 12
57 93
6 52
12 71
94 64
19 42
92 36
59 78
13 46
56 99
29 94
76 17
41 97
57 13
65 57
35 81
53 44
49 13
80 83
40 68
66 49
17 46
39 98
12 26
56 87
98 31
81 21
17 43
33 74
44 24
14 11
18 96
16 86
86 5
35 44
44 30
13 50
93 90
2 53
19 33
53 32
74 69
52 22
25 80
18 98
90 27
6 55
81 88
26 62
73 7
28 89
52 1
25 10
13 54
38 87
1 96
1 54
12 93
86 8
81 92
40 64
27 7
11 44
3 83
27 13
62 21
66 41
63 34
94 48
38 81
40 36
68 50
22 76
14 38
28 40
31 97
67 73
31 13
28 43
53 94
81 9
59 3
40 33
15 23
16 56
33 96
20 36
2 48
99 38
40 24
98 28
37 50
40 76
77 32
25 66
78 60
12 64
76 70
25 100
51 34
29 97
71 6
9 61
16 88
12 40
9 23
87 19
11 17
19 51
16 37
67 92
87 26
52 63
1 61
23 59
22 33
47 41
55 84
56 75
99 55
81 99
99 60
18 16
80 17
33 58
52 43
59 98
4 14
78 63
60 55
15 86
50 47
82 7
74 93
91 58
9 48
83 56
64 46
63 2
10 12
29 31
40 93
70 73
99 33
21 38
66 16
23 29
88 12
76 79
41 29
46 25
96 27
46 56
84 12
67 63
30 47
62 18
58 35
97 24
51 73
36 72
8 66
44 36
93 100
95 32
85 100
31 93
61 59
57 67
64 28
96 12
4 49
4 43
11 67
83 18
81 17
2 57
42 84
25 49
98 33
55 56
66 70
67 46
48 73
90 66
53 27
63 64
88 61
55 76
51 87
34 99
2 56
66 45
54 100
21 91
93 55
44 42
81 44
22 12
25 61
8 56
67 55
49 98
13 44
12 2
91 49
66 26
19 64
70 29
83 12
62 47
30 32
51 29
51 5
80 47
25 52
68 25
22 49
69 87
58 43
61 18
50 9
62 94
18 95
76 10
79 99
55 26
82 17
23 43
35 57
45 30
3 7
1 29
20 26
36 70
48 32
93 88
59 68
92 75
77 12
86 72
24 87
53 28
78 28
8 69
89 36
79 16
75 66
71 7
33 85
56 41
17 63
28 99
21 32
75 85
55 16
67 58
79 27
33 20
73 45
23 30
8 55
95 46
5 28
19 47
35 71
12 34
28 82
14 77
81 59
86 42
72 37
83 50
11 55
24 67
75 22
35 39
9 20
35 93
26 5
21 70
67 76
60 8
46 55
4 73
29 73
71 91
50 81
7 6
43 99
82 30
37 2
30 85
73 82
92 60
71 69
55 79
81 86
38 27
19 6
91 15
95 15
14 18
21 23
33 49
40 39
93 43
30 92
13 42
52 48
51 70
73 96
56 4
36 34
38 47
10 5
85 62
5 19
78 38
82 57
49 14
8 18
43 32
46 60
86 73
80 96
99 91
87 22
32 69
9 78
74 64
13 17
67 95
58 59
34 79
37 77
74 81
49 92
36 49
51 58
24 80
12 60
93 72
38 75
13 83
27 2
100 65
33 18
16 33
69 44
75 88
31 8
62 90
56 88
65 58
59 79
30 14
61 44
78 55
11 16
56 26
72 87
90 49
37 49
10 73
20 80
18 50
75 97
46 69
99 22
24 99
72 26
15 30
97 36
94 36
84 59
15 74
81 22
66 17
98 84
66 89
43 38
32 78
39 55
6 29
18 11
43 98
79 78
99 64
82 88
71 28
61 98
51 13
59 37
45 53
80 2
57 55
42 75
94 84
80 44
63 97
26 100
52 59
76 73
3 58
1 38
20 96
47 51
19 56
9 87
13 84
16 5
43 100
47 24
60 62
50 27
32 16
30 93
66 93
55 23
12 66
37 87
63 25
89 88
59 76
2 33
76 69
14 68
63 49
64 51
6 80
52 12
34 47
75 1
68 93
21 20
60 84
67 30
49 100
37 10
54 22
19 50
32 44
8 35
49 96
19 80
50 31
51 62
64 52
40 48
16 78
65 31
63 9
46 96
81 20
72 17
54 60
75 83
35 16
9 49
8 3
68 77
92 27
85 41
42 48
54 58
16 98
60 5
27 83
42 77
89 52
68 15
57 52
90 12
21 6
23 56
36 8
52 49
6 18
48 76
47 35
27 37
80 92
84 97
92 62
18 13
16 77
53 57
76 3
13 28
76 68
38 11
8 79
45 47
99 54
82 47
99 44
60 82
86 84
64 44
69 37
14 28
45 59
69 35
35 73
48 16
10 11
76 58
97 89
91 31
12 95
92 43
90 69
28 1
16 41
54 59
84 4
91 67
32 64
4 64
45 61
38 22
49 82
23 74
42 81
10 17
54 49
98 44
50 20
17 54
13 95
15 50
31 6
97 55
6 3
7 20
61 42
98 60
42 88
71 73
48 77
49 73
71 90
4 3
52 58
30 56
24 14
41 6
57 22
98 72
66 40
80 62
98 27
72 42
70 60
68 82
80 88
7 99
66 92
8 48
62 84
16 95
65 44
72 27
40 92
84 74
7 54
91 63
1 100
20 63
5 61
3 12
33 69
88 99
12 73
6 47
62 96
41 10
49 47
9 26
22 34
16 27
84 6
24 28
65 85
14 61
63 72
27 68
77 79
6 8
42 30
17 19
70 81
38 88
41 54
79 43
81 77
25 28
89 5
19 37
99 98
17 3
20 71
59 77
65 25
24 32
92 42
100 59
61 85
11 32
89 13
53 5
91 100
76 8
50 3
28 34
14 81
89 26
72 6
16 91
41 37
31 51
96 11
27 5
23 60
92 56
99 10
32 71
44 14
22 20
5 63
28 20
20 13
45 76
45 82
29 4
12 59
57 88
70 55
91 46
37 52
74 31
98 91
88 71
33 90
83 58
33 36
47 78
17 64
69 51
62 4
57 100
21 36
82 80
83 67
77 73
24 10
20 43
28 17
42 55
90 43
68 22
33 47
75 18
67 62
62 95
48 92
16 50
88 84
86 50
72 74
24 78
10 86
4 19
35 17
26 46
98 23
79 21
64 13
64 35
20 94
27 46
19 36
46 65
50 74
19 20
11 87
41 57
100 32
61 52
38 53
45 15
29 48
29 78
41 32
12 23
56 21
2 7
36 96
17 36
19 44
72 41
12 28
5 77
49 26
30 43
61 70
71 89
54 75
66 76
82 33
56 6
19 69
11 72
19 77
60 39
31 82
89 75
20 73
32 33
79 15
17 68
92 61
92 58
42 37
35 65
73 62
26 69
15 44
51 10
22 2
27 17
1 56
27 35
18 59
85 96
52 92
24 59
10 95
10 74
56 47
97 39
78 22
50 82
4 45
60 74
38 52
94 22
24 90
65 82
40 15
88 31
35 42
65 27
30 1
48 10
2 85
4 51
19 67
86 49
50 2
80 91
86 27
98 89
34 1
17 6
43 70
47 43
42 31
37 21
87 13
68 84
88 90
74 52
54 4
89 19
22 93
84 8
29 62
43 77
34 85
44 4
28 86
71 96
26 38
69 5
19 82
71 25
97 35
22 64
18 67
98 29
76 61
40 53
19 9
78 93
4 50
58 27
62 61
47 87
88 30
54 73
76 27
57 44
77 95
30 16
93 63
71 26
64 16
5 83
74 1
12 48
39 29
25 38
56 32
8 59
95 74
46 31
65 15
10 20
68 80
47 53
37 56
77 39
52 60
24 84
61 12
17 24
92 21
89 63
50 24
54 31
7 59
3 66
3 26
42 74
64 10
4 40
60 97
94 49
44 83
60 7
24 36
2 39
33 41
11 34
29 50
8 65
73 88
90 52
82 5
14 79
22 5
18 27
68 47
68 43
42 22
12 70
41 91
7 35
4 69
42 4
96 8
11 85
22 29
71 2
42 60
7 56
61 30
94 91
60 14
94 6
85 7
62 50
62 38
68 90
22 44
30 51
89 2
76 87
27 93
10 61
56 25
40 42
31 38
64 11
8 24
78 40
35 45
62 93
95 1
18 38
36 23
32 83
71 16
21 13
45 68
32 87
43 15
70 54
83 53
13 16
65 73
54 81
23 91
89 15
21 25
14 26
63 1
75 73
23 77
63 65
97 58
66 46
41 89
51 40
25 20
41 80
66 96
90 80
29 58
84 78
37 3
70 10
58 71
65 52
5 34
54 86
57 48
21 64
48 30
91 13
9 65
78 92
65 36
99 50
19 95
44 17
39 74
27 100
21 66
19 60
83 51
4 87
16 70
23 73
29 26
87 75
71 14
97 71
5 15
54 28
97 69
69 99
81 80
86 65
3 97
91 24
81 31
80 84
57 40
80 43
50 45
79 50
55 75
20 64
40 25
97 53
77 36
77 4
16 96
85 98
12 54
83 90
65 37
11 75
45 52
67 37
43 5
96 60
31 32
77 25
82 79
90 82
34 94
15 100
44 38
58 12
96 53
86 97
42 91
68 65
1 71
12 35
43 71
40 18
8 83
23 44
77 65
11 91
80 56
97 4
82 11
35 28
10 9
83 79
3 52
32 26
61 75
46 3
85 78
53 35
91 74
30 40
52 51
53 34
48 81
23 3
55 27
15 92
85 44
76 100
77 34
73 38
23 90
53 63
36 61
13 37
47 88
33 61
79 26
98 54
66 98
85 55
15 53
7 40
12 45
97 6
89 29
57 80
63 12
3 74
93 67
99 16
56 89
83 9
79 18
98 100
56 84
96 4
29 60
84 93
63 23
6 48
47 48
40 84
36 87
31 39
33 26
21 18
16 47
29 21
23 33
14 19
13 88
14 98
70 19
90 94
55 29
14 57
49 45
60 43
88 96
30 53
83 96
95 35
15 34
55 4
39 41
92 35
84 87
17 93
37 82
33 21
52 13
57 23
79 44
30 84
83 59
56 74
99 100
94 73
93 58
88 86
48 7
94 99
96 23
70 59
84 73
87 94
44 100
17 14
44 90
97 57
69 52
76 94
28 75
69 27
85 6
46 88
18 90
23 95
23 67
49 74
16 44
100 10
93 85
11 13
100 3
44 28
20 24
13 2
56 44
26 8
48 91
64 42
48 18
66 24
9 21
61 46
64 85
26 68
57 87
9 77
84 10
89 60
56 9
6 83
6 40
71 62
41 60
11 92
24 31
7 41
30 38
2 18
60 11
77 46
99 83
9 71
64 61
89 77
48 24
14 83
22 89
35 76
30 39
26 65
99 26
60 91
18 10
90 25
27 33
78 11
75 51
75 59
4 7
85 43
84 32
3 92
21 17
98 55
81 83
7 97
83 31
68 66
18 92
40 26
43 6
51 97
7 34
91 43
49 30
100 58
6 67
26 2
38 85
2 30
76 80
70 56
52 96
13 67
3 29
72 43
49 27
56 76
61 78
40 71
58 15
70 67
83 39
79 96
65 38
66 19
55 95
81 56
62 83
66 67
43 39
20 89
18 26
100 96
95 20
54 21
49 59
43 36
12 39
86 99
49 46
41 24
58 94
27 85
80 32
57 21
23 46
10 55
74 4
55 21
77 47
45 3
12 20
74 58
57 39
22 30
85 14
5 31
14 50
70 83
78 89
80 29
92 8
55 58
68 31
82 69
79 84
49 16
46 86
10 69
2 45
73 89
40 99
48 14
69 21
29 24
13 3
54 67
13 77
34 54
66 37
94 4
72 62
55 35
27 62
15 61
89 31
77 61
14 87
49 44
70 80
68 29
27 25
59 13
78 46
35 36
93 42
17 87
20 6
42 46
95 53
52 80
45 16
77 41
64 95
92 45
94 7
5 84
79 11
2 9
56 13
53 31
56 85
61 50
64 91
74 26
46 72
32 66
92 10
86 29
81 79
45 29
85 72
17 32
56 54
78 4
67 99
70 27
74 89
19 73
86 57
85 16
93 45
84 99
45 19
37 30
27 51
6 45
60 3
32 35
24 11
64 45
69 47
54 36
100 47
98 7
66 43
6 25
74 73
60 24
41 79
99 87
31 71
40 11
3 25
81 72
34 29
80 97
52 98
71 29
39 70
25 57
16 57
2 19
64 59
86 61
87 98
39 1
34 31
38 2
33 100
5 94
53 61
91 40
83 78
7 87
10 49
67 21
93 61
51 36
31 43
41 50
24 7
50 49
29 53
84 64
33 51
14 54
98 19
41 100
9 96
30 33
97 98
38 89
14 9
83 54
95 7
63 37
74 16
62 63
10 71
11 61
93 16
92 76
74 94
59 40
10 87
64 5
63 16
60 18
9 64
52 7
12 17
36 22
32 6
26 51
43 62
12 97
95 6
34 45
33 42
86 22
37 60
80 3
47 37
100 81
8 71
83 17
51 21
54 42
10 77
8 52
73 24
34 90
95 57
72 19
17 16
87 49
31 37
46 73
93 69
98 57
46 71
18 97
17 41
70 30
43 41
69 61
82 92
81 33
49 1
93 33
76 14
45 20
78 25
71 56
7 63
84 67
90 91
76 30
40 49
43 8
73 57
19 11
78 98
51 53
1 24
92 71
52 28
60 71
1 44
53 85
77 52
50 55
5 36
29 32
71 48
9 7
33 52
55 63
83 2
68 32
8 5
43 16
68 21
81 4
37 61
57 3
3 72
10 4
45 24
2 42
79 60
14 93
97 62
91 88
1 48
67 81
31 75
16 9
49 58
78 54
99 61
51 57
9 15
87 95
70 9
48 33
88 100
60 73
13 60
88 22
16 52
11 39
66 20
68 18
48 64
79 92
43 95
1 41
76 13
15 32
26 48
40 16
44 54
86 62
83 34
14 97
91 36
31 2
72 38
38 77
21 84
34 42
11 89
51 88
46 40
65 97
43 3
56 3
95 56
78 99
30 25
63 60
80 54
97 27
89 32
41 75
20 59
68 41
77 100
50 95
46 4
84 65
49 23
43 65
75 12
75 25
66 74
61 55
13 99
21 76
63 22
31 47
5 13
7 76
68 51
59 2
38 55
13 66
38 32
63 19
23 76
15 80
91 78
59 67
78 100
22 23
24 53
66 51
63 57
23 17
44 55
97 1
92 90
70 8
25 26
39 94
41 51
77 96
92 14
67 88
84 71
1 72
28 46
73 83
40 5
52 73
67 82
71 24
42 90
72 22
32 93
66 18
33 11
55 91
17 56
60 65
38 45
92 57
98 70
27 73
68 70
35 84
31 52
61 79
57 43
94 79
8 2
84 85
10 79
59 91
18 77
84 34
36 67
65 50
74 40
86 98
47 79
82 77
59 60
9 35
8 33
12 79
26 63
21 48
15 13
86 17
7 51
75 93
61 3
92 72
99 46
67 31
15 11
95 94
71 80
28 100
30 96
96 41
75 4
55 49
33 28
78 23
11 98
2 95
35 13
70 79
25 19
13 40
47 75
35 99
29 28
18 15
82 63
46 54
19 99
1 17
36 80
48 20
29 9
97 56
97 79
78 36
49 56
40 89
90 96
37 86
91 37
11 83
49 11
68 38
67 64
93 73
95 8
28 30
9 44
92 13
77 27
93 76
30 90
30 13
63 29
13 68
56 53
77 29
90 31
62 30
28 59
39 73
67 25
1 94
64 47
75 57
94 86
27 32
60 26
94 51
37 96
14 15
98 67
89 10
39 42
41 82
55 88
42 59
47 55
90 37
84 19
39 75
22 11
7 46
73 55
26 64
66 86
53 81
10 75
95 90
28 97
68 64
41 23
88 21
41 49
58 24
64 90
99 77
32 39
95 99
81 89
15 90
39 33
75 78
86 91
100 4
78 53
2 70
61 91
99 71
61 73
5 41
2 90
19 22
49 89
69 85
54 39
35 77
56 33
23 65
66 84
94 27
52 53
27 43
4 57
9 33
15 93
9 22
44 88
74 24
71 64
22 48
79 65
77 87
93 80
79 4
32 51
98 38
65 95
32 75
44 3
94 60
92 98
77 20
63 79
8 4
15 10
5 30
26 61
11 46
93 6
86 70
54 50
28 69
22 37
75 65
15 63
35 31
6 46
60 38
82 61
64 73
13 8
97 83
53 46
15 42
24 82
18 36
29 90
55 59
15 39
29 47
60 20
82 75
51 77
11 86
61 19
100 21
10 43
38 83
88 78
2 34
32 91
35 52
68 28
81 69
10 32
7 49
29 13
3 87
14 21
24 21
87 46
14 75
92 65
16 75
67 79
59 30
20 79
41 55
34 6
62 88
84 100
14 64
98 79
85 89
90 16
40 3
36 69
9 8
43 75
82 34
12 30
6 73
93 86
47 52
81 52
37 95
11 51
25 44
74 96
25 84
28 61
51 71
4 72
17 18
62 1
79 90
34 59
80 46
64 36
33 37
94 32
67 43
73 56
22 67
47 98
81 8
29 40
65 42
62 81
29 42
58 16
5 3
46 75
92 70
37 70
62 70
51 3
7 50
35 46
21 61
72 59
86 14
87 63
87 1
86 3
25 29
14 74
39 5
45 17
96 56
26 91
45 43
63 27
66 83
83 95
61 38
26 35
99 20
53 50
79 40
43 22
93 46
49 79
84 14
68 30
11 88
47 54
83 42
3 1
82 39
36 30
46 83
5 98
96 26
80 8
1 47
92 32
18 35
91 51
94 77
37 98
85 79
55 19
32 90
93 79
88 39
11 36
76 82
15 31
33 54
60 22
5 48
89 35
90 74
2 11
100 35
10 14
100 46
29 17
42 16
6 59
51 2
24 4
70 87
61 72
91 70
82 48
58 70
73 37
72 14
35 74
7 17
37 51
38 36
67 42
81 82
78 31
49 70
23 81
14 25
44 37
78 35
57 91
54 52
46 16
72 71
98 41
37 78
25 99
21 73
35 67
68 37
69 70
64 70
39 16
95 52
10 7
46 84
77 93
97 66
32 49
67 20
36 46
79 39
60 90
54 8
8 42
95 66
82 84
21 53
59 82
17 9
16 24
37 36
40 22
14 91
15 37
23 66
57 77
14 7
75 79
79 23
25 81
81 49
79 24
79 1
55 54
91 73
50 100
99 9
41 26
37 11
81 24
21 80
10 28
74 75
94 56
35 91
18 89
68 48
6 98
24 27
73 26
7 96
55 68
7 78
56 58
8 77
7 16
62 10
49 17
57 33
55 48
6 91
48 93
54 30
64 60
69 50
18 70
76 81
80 60
11 70
27 20
71 50
97 34
85 67
4 98
28 91
43 87
18 93
51 55
22 50
3 39
13 4
10 6
63 68
92 39
62 53
4 37
81 58
54 77
45 7
96 65
82 100
10 40
45 84
20 72
31 33
75 58
88 14
8 63
68 60
34 3
13 85
65 99
62 34
29 8
88 79
29 18
19 7
20 91
38 51
84 95
50 48
20 74
78 52
87 80
67 27
85 86
43 94
85 48
48 83
5 55
63 51
47 17
8 32
64 100
96 39
83 72
85 37
5 71
38 42
100 71
50 96
46 15
54 19
4 99
61 57
7 28
6 61
62 82
73 28
25 79
100 66
38 29
65 16
19 74
22 59
57 32
47 66
68 75
61 90
51 96
75 40
35 15
33 66
30 50
65 90
15 69
70 44
32 42
4 39
30 95
82 83
51 39
70 24
86 79
37 34
63 70
38 13
94 78
67 47
31 1
61 39
67 97
71 94
42 69
15 33
82 46
35 5
67 71
20 3
1 45
97 44
87 41
52 46
75 98
14 78
69 60
47 46
57 45
52 29
78 44
96 78
63 76
93 50
31 27
70 57
69 30
100 13
14 27
64 31
23 31
43 25
12 9
91 93
26 45
92 85
60 16
63 48
68 71
94 80
34 95
85 32
95 36
76 75
35 54
97 8
83 40
45 46
72 79
48 72
44 45
84 18
30 78
85 8
69 83
11 71
91 69
34 58
42 66
27 95
2 23
99 53
95 98
41 83
2 60
18 45
40 65
59 1
55 89
11 54
13 90
11 50
82 9
57 54
93 99
73 72
71 63
84 23
65 5
48 19
92 96
80 89
73 69
94 24
6 22
73 43
12 92
78 1
59 57
5 45
16 26
6 26
76 42
78 56
25 16
96 64
21 87
96 81
45 94
25 76
83 100
82 66
33 12
43 83
15 60
84 72
22 45
63 92
32 98
40 37
90 98
21 95
67 33
39 6
48 61
71 65
54 5
62 87
88 8
58 31
95 86
45 65
18 23
86 69
97 10
99 70
74 85
6 87
23 16
23 50
36 82
79 71
97 40
19 68
31 60
52 15
59 69
99 12
73 58
92 16
26 47
74 51
20 39
16 54
33 70
29 10
19 93
90 50
38 20
97 32
76 52
20 82
60 50
58 40
60 1
72 15
77 49
18 46
36 59
57 47
31 22
7 47
57 12
95 76
27 84
93 11
1 89
30 87
59 41
61 68
67 44
99 75
45 33
27 48
29 35
76 77
5 25
98 46
84 53
96 72
4 35
98 58
44 21
53 14
84 44
75 60
89 51
52 9
93 97
32 59
11 1
61 100
64 54
21 99
63 44
95 58
57 79
100 14
74 70
72 51
31 55
93 54
96 54
2 77
91 79
65 70
73 32
90 10
24 62
95 78
60 58
86 18
13 55
45 70
85 29
24 35
67 17
54 71
7 69
25 70
54 26
78 20
2 49
89 50
46 10
30 73
23 1
57 46
81 5
67 28
30 24
78 76
74 47
74 41
20 47
60 85
35 20
46 2
2 99
80 72
69 38
79 31
70 84
83 30
45 21
44 43
46 70
7 53
27 6
82 32
14 33
26 98
79 29
11 94
81 63
99 51
7 15
71 47
84 49
10 35
71 98
86 58
56 18
95 72
23 88
90 53
59 33
33 38
32 34
13 75
90 46
31 96
4 90
77 69
100 16
38 3
36 99
82 71
42 89
14 45
75 19
9 37
31 26
12 24
52 24
49 3
61 54
23 53
26 42
24 49
94 61
8 68
55 64
9 32
27 26
87 71
44 31
74 45
1 25
81 73
44 2
83 26
66 79
93 87
25 2
100 6
92 23
62 35
91 87
83 87
51 28
48 49
11 7
5 93
19 29
11 9
73 59
52 68
81 84
100 74
18 85
32 65
43 64
9 72
88 3
13 72
56 45
13 62
63 28
18 58
40 95
71 52
43 54
33 86
22 91
86 19
49 6
12 44
69 11
14 80
51 1
3 96
6 89
12 47
90 41
34 80
51 49
23 45
74 2
54 9
92 22
34 64
74 30
82 64
87 55
2 10
82 52
22 71
69 39
45 51
28 3
38 54
95 14
38 63
93 94
26 77
5 97
4 30
19 91
41 88
42 68
43 33
100 63
100 87
30 52
8 15
18 91
34 69
78 5
86 82
28 55
64 57
76 34
42 6
57 20
47 40
5 46
72 58
20 58
7 58
10 21
23 35
29 64
34 88
72 29
17 75
98 53
10 31
10 96
6 99
84 69
88 20
9 13
15 83
99 32
99 5
34 33
34 20
15 2
35 86
3 67
76 43
97 30
20 18
41 53
96 13
98 9
97 26
93 7
90 14
36 81
86 92
5 47
7 61
76 50
13 93
58 39
31 30
18 25
7 75
88 98
20 100
17 53
34 35
96 55
40 19
16 8
2 79
49 8
37 29
74 11
77 7
84 77
59 71
53 42
12 5
33 7
100 53
74 32
38 17
50 8
80 40
50 67
7 32
71 57
74 61
66 44
56 62
19 88
89 12
99 8
74 77
84 58
40 23
63 61
67 4
50 39
92 64
10 59
69 96
48 17
70 89
86 21
76 12
74 79
95 79
25 45
69 66
77 44
68 56
67 8
85 47
61 58
43 50
21 11
14 1
54 6
61 51
10 34
50 44
63 32
85 1
83 16
28 56
73 31
91 12
19 15
72 66
87 82
41 14
51 65
77 30
10 85
88 83
66 54
50 40
10 38
32 67
45 83
7 37
21 78
12 53
4 65
39 84
24 25
83 25
12 13
99 37
37 57
30 99
9 40
90 100
53 92
56 50
41 38
90 40
44 51
27 47
42 7
18 30
80 37
17 26
66 15
27 81
16 15
10 60
97 46
30 7
68 97
48 13
55 80
32 36
4 17
48 87
72 31
59 39
86 87
32 88
29 11
86 7
48 89
57 49
8 87
7 31
62 5
89 100
15 4
47 70
19 1
92 38
24 34
10 52
27 52
43 12
30 9
41 27
5 72
11 84
8 30
58 68
8 91
91 53
33 72
3 69
5 44
6 14
27 78
40 45
81 37
44 93
76 6
50 51
89 43
66 65
43 59
48 99
76 18
96 32
70 22
92 83
20 2
80 11
37 46
37 20
20 17
66 88
89 30
4 76
54 69
56 72
5 50
44 29
38 91
66 31
89 61
92 47
95 3
53 77
21 8
51 90
8 27
36 28
14 51
21 40
85 4
74 17
42 20
20 54
95 92
63 43
80 86
38 59
35 82
43 29
85 36
34 26
80 66
32 37
49 97
80 49
8 23
6 51
81 46
40 55
94 40
56 40
17 51
81 30
34 9
92 97
63 11
38 58
61 27
55 77
14 63
86 25
22 46
98 2
97 38
25 33
84 33
71 66
22 28
84 89
98 56
39 49
100 97
36 86
16 51
9 4
91 17
81 68
85 83
84 57
83 49
18 72
32 79
13 43
68 34
88 35
35 83
47 39
28 38
58 25
77 21
51 42
57 29
81 95
23 69
58 57
86 59
82 53
87 60
3 33
16 69
31 80
97 64
40 87
23 24
53 75
29 36
4 2
1 88
94 89
12 18
9 55
74 18
87 23
8 11
93 47
53 55
34 49
12 98
100 42
93 25
3 64
95 25
87 92
87 29
6 38
17 84
97 59
53 69
31 4
72 8
80 64
100 52
97 20
39 46
18 73
38 9
79 17
15 55
27 82
92 28
44 20
81 90
21 65
39 89
11 41
58 64
31 94
85 39
17 89
80 39
84 31
72 82
83 1
96 82
59 80
59 25
6 77
89 59
1 99
90 21
96 48
16 72
36 12
57 15
27 42
46 48
92 44
45 85
8 37
58 99
91 77
93 70
15 87
7 23
16 6
56 69
56 29
70 90
27 9
48 86
59 29
68 2
8 62
56 63
35 56
35 68
71 44
41 62
13 80
10 44
98 51
100 30
53 70
16 22
29 93
60 25
45 39
63 83
92 19
97 33
88 87
36 100
6 53
38 49
5 91
57 27
47 63
5 32
58 47
15 70
69 40
61 56
73 36
52 56
91 95
75 33
95 45
72 88
25 87
66 9
83 68
93 59
90 3
38 34
27 44
95 26
1 43
77 71
46 33
38 48
30 71
54 62
2 66
78 77
15 6
72 39
5 100
23 4
57 30
17 31
94 8
63 39
3 30
73 50
61 47
16 67
29 83
97 15
4 61
40 86
22 15
38 16
5 95
100 55
73 87
85 46
34 86
1 36
3 22
65 12
7 88
71 83
52 62
41 61
14 65
38 79
24 22
88 27
6 58
65 22
29 5
17 61
62 65
41 81
55 33
43 34
89 86
49 42
86 78
41 40
62 14
47 99
87 18
94 98
32 47
72 2
51 93
5 38
24 64
11 65
2 100
63 50
1 42
94 81
24 85
44 48
40 52
33 63
64 39
90 86
77 50
89 54
15 3
89 7
48 75
80 48
34 92
78 82
85 22
37 1
35 22
37 76
7 13
26 7
46 32
23 97
45 32
84 43
35 94
1 27
76 29
52 91
8 82
63 6
99 15
9 86
11 76
8 93
94 26
37 5
86 41
24 42
36 56
81 65
71 37
94 9
41 65
36 83
41 84
57 36
41 93
78 3
64 72
7 38
39 26
81 78
66 53
42 5
21 47
15 81
73 8
9 47
98 17
24 3
98 68
53 11
56 59
86 47
100 38
71 76
100 37
93 53
59 85
24 9
39 13
75 90
83 65
2 41
11 27
98 76
2 5
17 97
32 72
69 2
32 19
41 92
28 58
79 19
63 3
77 97
97 19
60 28
37 39
91 82
68 4
94 21
31 45
23 85
2 55
50 10
45 90
63 86
34 14
39 23
27 4
36 41
6 57
54 51
91 1
4 18
22 58
56 22
50 12
63 4
69 25
36 71
21 1
51 84
96 67
20 46
87 42
28 18
16 36
55 72
9 97
1 68
76 85
62 42
97 88
20 83
79 80
100 73
27 91
41 76
10 16
85 66
55 14
50 91
62 9
73 2
97 85
47 13
44 86
47 15
50 52
41 71
45 88
93 64
90 78
86 68
53 67
7 55
37 83
50 64
34 41
74 28
50 85
79 35
61 97
42 56
66 63
9 31
6 62
69 18
27 23
65 88
18 22
42 17
43 97
9 68
76 44
2 81
28 32
90 9
53 87
41 44
32 2
52 99
37 58
3 89
15 1
8 64
93 65
42 45
57 10
72 77
6 75
44 6
19 62
68 44
15 56
56 100
57 34
17 22
1 16
79 22
81 32
14 99
5 18
89 27
88 74
70 41
69 68
4 22
94 16
92 73
23 99
42 71
73 68
12 74
34 40
50 84
5 67
43 48
69 31
48 79
39 67
12 37
10 58
28 45
89 93
41 28
15 20
71 23
29 69
39 76
98 62
13 79
8 41
24 38
11 47
11 31
78 18
30 75
7 43
43 40
12 72
7 1
90 58
70 35
2 58
63 30
52 34
94 83
41 58
45 36
88 48
60 88
41 69
74 55
27 30
72 44
10 88
37 35
38 74
92 51
3 94
37 74
78 10
20 30
81 26
86 20
47 18
55 25
40 98
65 30
29 12
44 73
43 81
65 10
25 64
66 56
94 85
63 42
88 59
47 72
10 56
10 54
35 3
91 75
72 40
57 90
49 64
73 97
63 21
68 95
88 37
89 83
81 91
48 60
35 49
6 64
14 59
7 65
10 83
4 58
13 63
78 19
5 57
100 86
2 3
39 93
15 82
94 38
8 61
81 57
93 82
70 100
13 26
78 74
21 50
18 32
34 21
85 26
58 9
41 25
76 15
4 59
2 47
41 12
77 70
39 18
76 2
96 87
65 56
91 85
31 56
26 37
6 24
72 34
55 71
84 92
75 62
53 76
80 33
38 50
86 60
60 9
28 80
58 17
70 1
71 13
77 62
10 93
17 69
75 24
55 66
27 54
21 89
78 17
80 75
76 60
94 63
1 55
23 14
76 51
77 56
71 34
33 24
81 19
88 50
25 50
68 78
40 27
40 1
43 35
69 24
25 62
99 85
97 45
24 61
16 12
52 21
72 25
75 36
81 6
35 63
2 64
2 86
42 23
29 30
14 39
76 62
41 99
53 49
76 46
45 81
93 26
69 43
97 22
42 14
5 58
24 68
48 11
95 47
29 95
31 14
29 99
89 91
13 1
86 6
6 79
44 95
14 37
68 23
27 64
79 9
77 66
34 78
5 14
10 53
50 33
44 7
10 1
42 94
78 69
48 41
36 53
52 11
77 67
52 2
55 86
95 100
32 76
74 92
82 74
33 87
9 45
98 34
62 31
57 19
86 51
45 87
4 12
96 17
78 45
85 21
29 96
87 78
9 6
95 80
94 52
31 28
86 31
23 47
79 62
40 38
53 72
68 7
36 15
51 8
40 73
83 21
64 76
30 94
44 52
81 55
75 9
75 35
99 45
95 70
31 85
75 37
43 2
39 9
44 26
98 42
93 96
39 48
77 64
95 31
9 53
40 20
6 90
64 86
61 60
9 42
65 17
51 35
90 99
16 82
65 3
4 47
56 67
43 82
63 96
25 94
89 45
42 36
38 39
79 68
78 51
73 63
28 26
70 94
23 70
94 44
94 68
18 24
88 52
22 14
89 53
4 82
57 38
85 20
21 22
89 8
55 32
5 85
29 54
3 55
18 100
60 66
65 69
43 56
11 43
44 89
36 6
87 27
88 17
39 52
27 80
46 34
3 47
4 38
78 65
6 2
26 84
88 28
62 2
75 27
34 89
75 49
67 29
89 47
29 91
76 91
21 39
28 83
49 31
33 76
25 34
100 68
69 1
73 41
44 34
83 57
26 86
16 89
39 17
5 75
47 73
38 37
48 15
46 62
95 82
78 62
1 26
64 30
2 28
19 12
18 42
10 98
69 9
51 95
60 56
61 13
87 34
93 9
62 39
39 53
36 90
58 89
66 57
18 64
66 61
61 80
59 11
28 48
95 89
49 5
53 13
19 30
29 2
82 54
81 28
40 14
8 1
7 21
100 72
14 56
5 92
13 41
1 18
87 2
4 93
100 8
69 20
19 52
49 28
10 42
93 60
89 72
3 11
61 49
63 90
71 39
82 12
84 2
55 69
97 25
6 35
65 13
2 91
33 68
5 96
96 75
73 53
76 20
58 42
62 100
26 15
79 45
80 22
5 66
32 25
75 29
85 42
80 98
34 100
76 83
5 74
78 50
26 36
85 87
12 8
17 90
51 59
30 86
43 88
91 54
3 75
54 88
84 90
99 92
41 4
44 62
4 48
8 74
23 58
75 95
86 52
85 28
13 81
92 31
77 83
67 51
46 24
87 28
86 38
1 4
53 64
99 31
94 65
49 78
92 20
68 57
82 56
60 4
32 13
89 87
19 3
93 95
95 73
74 22
59 5
36 4
54 24
