100 4800
49 53
90 22
85 1
60 92
56 31
78 3
10 15
47 66
65 93
22 54
98 66
38 28
40 80
32 90
38 76
25 6
84 44
87 77
83 94
2 18
64 79
77 30
70 54
22 75
9 28
56 6
25 16
55 69
25 7
18 78
20 76
3 39
98 73
85 63
99 92
63 16
91 3
70 62
77 90
80 84
53 2
58 21
20 6
57 70
71 27
37 14
33 77
46 35
18 31
83 75
90 49
60 88
35 72
1 100
9 84
14 80
47 33
47 100
11 54
62 69
35 60
21 95
34 13
36 1
74 19
46 32
19 1
48 12
30 37
57 27
46 62
92 34
38 54
46 49
71 22
59 91
15 76
16 28
61 94
83 93
58 36
59 72
48 23
92 51
95 77
10 52
80 60
37 32
91 57
57 16
66 91
92 86
93 23
42 64
46 66
46 63
38 47
51 86
13 100
53 19
90 26
97 66
83 97
29 88
98 56
11 55
65 3
12 32
44 65
42 49
100 20
8 99
96 64
74 39
24 18
23 72
27 87
53 85
85 16
63 68
61 83
97 38
67 15
89 25
86 11
82 5
47 11
66 93
28 24
70 9
44 77
58 6
95 12
23 75
2 86
28 33
87 14
83 30
50 88
19 31
7 34
70 76
73 70
2 63
59 65
49 47
100 75
73 31
60 68
66 85
10 85
68 69
42 53
94 47
7 33
37 72
96 70
58 74
47 71
27 30
58 1
44 51
61 98
6 53
80 98
29 96
54 30
34 35
32 95
23 13
53 90
55 68
39 58
37 75
100 49
36 49
34 50
21 45
14 96
70 2
25 58
15 96
76 82
71 60
24 1
51 43
46 64
33 42
1 54
96 79
14 66
55 62
70 99
25 78
82 46
32 50
55 72
7 83
28 30
66 56
94 64
48 66
88 17
36 81
87 59
22 15
21 51
84 4
7 64
69 71
10 23
86 5
77 42
22 39
94 93
72 79
17 55
17 5
9 85
23 69
98 60
50 33
95 42
68 14
87 32
53 96
29 26
23 58
28 54
88 58
29 1
72 19
51 58
8 7
19 44
75 69
1 53
99 22
29 67
79 92
17 96
6 36
6 24
27 48
95 7
73 7
85 44
92 54
8 11
19 70
64 13
36 12
89 31
53 64
90 73
4 82
64 23
55 48
30 64
78 52
11 77
89 18
36 33
52 96
8 15
35 83
5 65
48 76
76 42
31 81
17 29
19 88
12 18
87 42
22 79
35 69
1 26
86 15
26 72
31 11
62 33
16 12
95 85
21 72
33 15
6 93
41 16
35 54
8 93
52 43
5 63
6 74
94 56
8 27
93 48
100 99
35 42
6 52
35 53
18 44
15 60
13 24
35 81
65 75
28 76
2 61
76 13
22 13
99 6
1 72
48 68
23 67
83 17
10 61
99 97
35 21
80 82
41 20
47 46
99 96
63 31
3 33
55 88
100 82
25 82
22 5
14 63
95 93
82 7
10 38
6 19
87 31
84 72
42 97
61 87
86 89
40 58
97 31
56 27
4 68
12 66
22 61
96 63
34 84
61 58
98 42
21 77
13 94
2 12
30 97
26 14
73 43
50 28
17 59
50 39
37 97
4 85
75 42
1 38
55 16
96 48
66 63
56 70
11 82
88 62
74 9
55 51
18 76
37 6
61 1
34 90
75 82
55 94
1 10
72 91
52 1
82 72
56 100
15 25
6 78
100 30
83 63
59 32
23 49
20 85
63 49
61 54
33 41
6 61
86 46
28 71
89 87
20 82
83 76
61 76
95 79
92 69
3 5
43 28
59 12
31 58
74 31
88 10
54 20
3 15
38 48
70 31
58 62
93 67
12 44
86 38
27 22
89 2
54 59
19 28
94 59
61 50
50 24
8 77
30 65
53 3
77 79
1 13
28 55
29 66
98 23
72 4
62 26
41 72
15 52
94 20
56 92
93 59
98 96
89 4
56 9
50 78
3 13
7 77
57 52
18 53
13 63
51 97
39 40
15 88
56 25
79 47
81 27
25 19
64 52
9 32
98 54
12 35
40 6
72 16
12 42
32 41
71 12
38 12
20 17
75 64
53 36
82 85
64 54
92 91
89 19
41 45
54 52
85 71
55 27
59 50
36 65
42 15
71 90
38 88
60 70
32 80
58 84
71 50
98 64
24 46
81 38
98 82
22 7
65 37
57 69
53 68
44 98
68 9
80 29
91 6
40 38
15 93
75 34
27 51
21 96
45 76
14 82
10 19
24 94
47 44
64 78
60 31
67 73
86 98
22 94
10 86
18 98
17 79
15 30
75 71
62 53
68 52
14 22
84 70
70 55
38 67
99 49
86 3
81 84
5 52
87 43
53 58
39 23
8 58
17 13
27 15
10 80
88 96
94 31
41 25
51 37
50 26
4 56
73 49
77 46
46 5
88 27
50 79
6 2
47 8
91 68
30 66
49 8
48 13
29 71
82 91
92 45
85 30
78 28
81 41
77 82
99 40
57 63
35 68
82 62
58 4
77 66
7 85
89 94
62 71
40 46
93 7
90 76
6 90
1 43
21 78
14 77
53 44
39 18
95 86
48 2
91 18
42 50
49 81
37 64
29 69
74 4
42 61
8 56
20 61
17 80
62 16
91 54
20 63
5 55
62 15
22 44
73 86
62 38
6 77
30 12
69 50
64 84
64 3
77 12
77 38
94 4
94 78
84 48
80 31
38 57
71 7
2 38
90 10
14 86
51 62
50 19
15 26
17 60
76 37
5 59
58 26
25 94
88 63
97 68
37 89
85 26
87 50
57 83
64 47
24 87
7 87
12 78
55 1
14 24
58 47
92 68
95 66
37 71
57 88
29 33
90 12
5 64
92 70
8 64
41 57
75 53
98 88
38 49
62 3
63 29
5 34
26 94
54 89
87 39
72 18
56 53
69 24
80 71
97 70
16 31
55 18
15 92
71 48
99 18
41 80
6 69
59 95
7 1
38 59
13 42
80 62
62 37
98 83
87 69
57 77
57 55
16 53
35 13
2 22
89 47
56 3
73 74
40 52
80 93
37 82
100 97
74 25
2 97
91 51
25 46
12 83
30 68
84 10
14 46
73 24
22 8
77 3
74 26
40 57
95 63
31 14
75 26
87 66
85 45
56 63
21 99
43 33
93 84
37 2
76 54
9 94
12 67
71 40
9 10
12 37
6 63
50 16
61 34
57 76
43 16
77 20
36 91
78 82
51 72
21 41
30 67
84 2
81 73
61 74
25 35
27 36
60 1
19 69
68 5
3 92
19 15
27 89
43 56
59 74
32 84
44 70
75 28
29 84
92 93
50 47
71 92
48 77
11 16
47 42
67 20
16 78
24 66
45 31
79 88
39 11
31 96
76 67
39 69
22 86
72 97
87 26
7 17
43 47
81 82
91 100
95 37
56 14
32 3
86 77
70 53
3 45
20 98
76 88
27 53
45 36
67 47
58 96
99 4
15 23
10 55
28 88
52 94
89 75
81 52
29 39
44 55
51 45
10 60
50 22
82 15
88 44
55 100
65 95
81 40
91 79
22 80
35 75
78 58
54 2
45 99
72 45
44 26
37 70
86 18
77 89
94 5
56 28
67 54
61 24
70 25
41 67
40 34
36 19
3 40
95 26
90 8
80 75
24 58
69 85
52 33
69 3
78 57
12 76
59 75
60 72
73 3
42 80
4 60
72 40
27 2
44 80
97 88
59 61
16 58
88 37
41 61
50 25
54 7
55 80
20 26
83 58
4 14
11 64
13 58
99 68
48 75
98 17
80 33
2 26
49 91
13 46
18 47
66 100
45 24
9 80
64 40
24 60
57 36
12 17
74 87
28 8
9 20
73 65
47 87
84 35
14 61
21 49
22 65
79 35
64 67
89 5
2 99
87 9
94 100
49 56
32 16
80 57
78 46
6 83
10 96
46 72
34 49
60 95
56 71
100 40
99 62
92 90
10 99
22 88
24 23
72 43
31 27
39 68
74 100
58 17
84 92
90 30
59 18
20 43
17 69
33 79
27 91
72 95
31 37
25 18
4 12
61 39
54 18
37 54
42 20
39 90
65 2
29 54
81 89
61 5
78 96
20 70
73 35
12 58
83 49
70 91
99 27
81 66
23 47
84 36
86 35
12 39
99 25
74 88
98 8
99 37
15 2
56 45
8 55
46 10
34 76
2 55
9 39
85 60
6 34
91 10
89 60
44 39
79 18
49 20
44 54
80 59
96 56
33 37
80 7
45 69
4 33
3 94
42 31
98 55
77 75
31 52
94 15
97 98
51 64
37 56
27 1
32 99
32 72
73 93
95 48
90 13
57 53
28 73
44 30
87 71
38 41
63 8
89 70
23 91
15 24
82 59
35 78
12 13
22 58
28 10
44 24
97 76
65 64
89 13
45 46
91 21
56 11
8 89
13 60
51 18
26 39
52 82
93 89
65 69
71 44
37 19
63 44
38 53
18 71
42 70
88 85
55 31
96 47
34 16
21 86
56 21
94 14
67 14
25 95
41 3
74 90
78 49
95 87
13 74
7 27
63 79
72 22
15 51
85 56
16 23
17 48
100 38
74 23
18 56
7 74
8 81
39 48
32 55
19 8
60 96
24 90
54 4
54 58
33 40
61 67
85 24
5 6
19 43
4 71
84 96
79 7
52 79
48 88
21 32
23 56
49 31
27 26
19 60
61 86
79 27
9 65
13 2
46 23
48 14
20 51
2 25
5 41
70 34
44 56
98 49
43 39
4 97
12 60
90 84
74 28
56 1
86 75
74 97
24 77
65 11
69 59
40 44
75 39
44 81
60 41
75 84
85 21
98 21
50 86
82 28
9 15
98 71
75 62
69 38
21 27
29 40
12 47
36 88
29 57
82 43
12 7
29 95
59 84
23 41
48 51
93 3
47 52
73 19
3 27
20 38
83 43
41 51
31 79
4 26
36 80
9 45
73 87
10 5
61 12
99 75
38 15
89 84
68 94
54 94
73 91
53 40
94 99
77 13
35 67
22 1
36 47
16 42
84 7
35 48
61 3
98 53
61 97
70 39
68 84
24 38
50 90
76 8
74 57
35 1
88 73
44 100
57 50
2 17
10 34
97 80
8 60
72 12
46 100
64 1
31 71
63 25
3 2
25 20
3 44
62 59
36 4
13 27
84 71
68 38
68 76
54 68
99 41
52 97
78 73
64 31
40 4
98 31
98 48
95 24
64 41
29 16
7 72
61 23
74 11
39 21
99 72
92 59
17 39
19 38
15 72
77 72
72 38
41 87
49 85
35 26
53 29
65 72
16 75
59 14
34 46
35 39
33 27
31 21
69 31
16 6
30 21
47 82
52 26
92 73
63 42
42 18
40 61
94 8
84 76
33 25
28 61
69 4
32 70
9 71
91 94
96 54
73 11
6 71
40 69
31 1
93 16
83 70
4 5
64 9
99 60
73 18
32 62
55 39
30 19
34 86
7 3
85 78
36 25
100 32
32 82
12 8
10 94
45 28
61 71
59 21
82 74
20 88
100 10
8 51
89 85
91 26
29 70
48 81
78 15
21 19
35 19
80 6
53 48
16 80
92 97
34 57
76 24
15 85
65 80
1 84
41 40
8 100
85 54
79 39
89 61
11 6
32 33
21 93
4 25
17 77
39 96
8 41
84 98
14 47
2 81
98 36
50 17
84 78
52 16
31 6
11 75
57 95
68 70
29 37
76 41
6 10
68 31
49 50
67 53
69 2
97 90
12 9
64 2
100 5
72 96
85 90
48 5
36 5
61 90
40 27
93 96
64 70
73 25
32 66
5 2
23 51
78 70
87 56
85 48
28 95
98 45
32 83
66 51
56 83
23 87
90 66
6 29
92 82
5 15
53 88
60 44
54 42
85 37
48 33
83 18
91 45
49 17
72 31
53 89
95 69
55 21
19 97
48 91
57 2
70 47
12 75
67 80
64 36
80 85
38 84
14 40
69 72
90 54
40 22
99 69
97 5
35 45
16 67
64 44
69 52
39 94
78 65
25 68
78 77
58 69
67 58
52 21
19 56
85 67
92 12
3 22
31 77
59 27
37 34
67 25
10 16
25 34
11 9
12 28
71 54
69 89
62 11
94 92
66 89
96 34
20 37
71 1
66 33
25 52
57 44
88 4
34 14
71 81
53 37
55 6
80 95
76 5
79 45
46 69
29 32
13 44
100 25
78 55
34 9
9 23
21 67
25 10
36 22
42 79
60 84
21 70
69 5
82 56
73 33
13 26
73 14
56 65
100 92
26 65
95 15
45 60
47 41
19 66
95 10
65 55
99 91
34 73
16 86
87 53
47 13
45 11
18 92
78 69
44 66
29 2
73 77
78 8
9 33
10 12
99 44
81 24
93 5
27 35
35 22
96 87
33 26
34 32
89 59
5 85
45 52
67 32
33 1
21 82
33 76
39 95
72 5
28 13
43 3
2 46
93 30
65 54
31 100
69 12
10 11
22 76
59 47
51 53
1 94
5 33
5 98
18 20
67 91
12 80
17 100
82 1
53 11
82 63
100 7
89 82
48 37
54 23
66 1
58 35
98 74
13 59
12 65
28 32
76 93
3 47
56 52
34 74
49 59
10 30
18 48
93 53
19 77
11 78
93 25
24 72
91 76
88 7
83 85
10 14
20 29
32 94
55 84
100 52
15 71
27 86
68 98
67 94
89 21
80 99
39 25
99 65
12 29
33 58
72 17
4 41
69 98
33 98
94 30
47 69
38 33
73 79
75 52
22 68
30 40
19 98
95 40
71 99
31 93
59 10
51 50
89 96
1 96
68 96
77 9
21 71
20 99
22 17
57 33
39 65
28 31
100 73
82 53
1 50
88 95
83 15
89 33
39 7
32 96
99 31
30 55
33 16
71 67
33 71
31 50
83 37
48 82
2 49
15 79
60 81
79 69
63 71
99 63
50 97
65 82
8 88
86 29
25 48
75 74
13 81
67 62
98 24
48 61
71 2
45 8
36 24
5 7
50 12
7 13
42 62
7 97
33 99
69 28
99 24
64 20
82 83
41 46
70 98
1 30
24 47
38 61
59 99
74 43
26 49
100 87
22 85
52 20
72 92
52 71
79 12
72 28
23 28
62 49
16 98
98 6
76 58
2 77
83 66
91 74
78 95
36 31
28 84
71 91
5 27
3 30
49 57
39 41
64 45
88 9
100 68
83 23
52 41
97 57
45 1
86 84
36 78
64 32
28 17
21 53
6 51
29 22
39 33
71 3
33 68
34 11
29 19
21 94
3 28
74 85
67 40
64 14
36 15
21 16
53 55
22 66
7 75
78 32
15 1
24 41
80 39
48 15
14 93
93 9
62 91
25 24
24 78
90 2
87 97
76 94
19 57
60 46
58 42
31 57
76 11
48 50
50 64
96 4
6 3
77 45
50 98
55 14
84 65
76 72
92 16
81 22
58 20
82 57
35 85
21 69
79 11
7 4
12 52
21 87
10 77
86 53
21 42
96 61
11 61
5 24
89 90
74 79
27 70
30 87
4 50
24 48
83 28
7 29
45 54
47 77
74 8
5 60
43 94
43 79
64 92
90 40
6 17
12 40
42 8
4 98
18 70
1 48
7 99
74 47
61 93
58 72
13 85
12 74
23 1
8 30
12 63
48 79
43 7
64 97
6 68
41 100
51 56
64 55
7 81
28 63
89 41
34 3
58 63
87 22
69 56
76 96
64 43
47 80
68 77
67 44
62 47
39 76
54 5
14 65
57 81
79 23
21 54
10 39
45 34
3 96
18 66
26 48
13 8
6 48
80 49
36 16
24 42
55 3
76 40
86 8
76 31
73 26
75 72
63 80
67 95
88 82
54 26
36 7
32 93
38 82
97 54
91 14
60 51
79 67
55 24
64 93
73 66
50 80
70 86
96 74
82 93
6 81
62 96
22 32
7 78
31 62
72 70
97 11
46 28
33 20
83 20
35 70
24 17
23 57
59 2
19 52
59 60
61 57
69 43
62 10
55 12
49 13
47 57
60 66
85 19
34 87
68 72
5 80
67 98
61 52
58 95
58 32
27 95
81 26
18 85
87 65
66 72
26 10
94 35
26 23
87 17
56 62
7 52
44 89
39 100
61 51
58 59
90 19
40 42
55 37
56 48
92 48
39 36
47 17
23 37
26 55
29 58
88 54
80 46
24 57
84 45
9 95
84 6
84 100
55 96
84 25
59 71
70 69
25 75
66 68
64 91
65 60
67 84
24 16
74 46
40 75
50 63
32 86
69 26
85 42
16 61
95 61
86 52
76 86
62 8
50 21
49 71
40 45
15 74
56 30
79 84
45 14
47 27
71 64
19 64
45 66
81 37
30 91
54 24
73 84
16 38
28 22
54 17
13 86
15 81
40 5
25 23
26 25
21 100
83 9
73 62
61 64
49 97
11 80
31 95
38 65
32 65
46 56
83 89
43 90
65 34
76 51
29 85
91 95
74 40
100 85
3 99
74 80
27 20
76 36
13 20
83 55
57 28
10 29
32 79
100 70
25 57
52 50
42 55
7 45
37 73
79 60
21 63
40 59
97 59
42 88
84 5
45 94
4 53
44 25
33 23
75 6
21 18
80 87
59 9
28 85
39 46
82 64
7 89
14 49
47 55
13 95
68 62
97 84
78 34
15 89
68 51
16 87
29 25
80 25
70 24
68 24
36 8
82 30
31 78
91 80
82 39
92 22
11 46
65 91
80 77
90 75
31 24
47 16
43 76
61 69
91 61
61 46
46 99
39 13
66 21
19 96
44 37
56 99
16 8
18 30
69 22
17 9
18 63
58 46
80 37
42 1
42 46
12 93
25 38
80 13
53 80
61 70
4 15
39 93
86 79
87 28
13 29
54 62
96 41
100 4
11 91
86 94
17 95
44 14
100 58
79 30
86 20
48 52
34 22
23 52
98 51
86 65
15 84
4 18
36 93
18 80
44 38
76 100
38 39
18 32
51 82
63 40
44 58
25 3
59 3
15 58
23 5
9 97
15 16
29 81
1 87
78 27
47 39
51 7
15 68
15 47
34 72
84 33
98 75
43 65
93 4
93 26
92 89
9 50
15 18
91 8
52 44
44 72
87 92
6 94
12 84
82 60
5 21
14 13
96 82
89 64
51 2
24 67
58 34
15 7
21 24
35 17
4 30
49 94
90 18
13 50
38 8
17 21
36 37
88 45
53 24
54 73
55 15
49 55
25 77
24 32
75 87
94 98
21 47
82 84
63 92
45 44
90 9
9 63
39 99
74 68
96 16
90 67
59 57
74 44
87 25
81 62
19 20
20 8
54 34
8 75
83 24
31 33
81 16
95 41
42 25
41 93
50 93
40 21
78 56
5 51
49 15
97 13
14 62
8 96
16 14
71 65
91 37
60 23
67 9
25 66
84 37
91 19
35 95
1 14
75 5
44 6
40 9
100 24
89 45
81 25
40 65
57 100
14 21
6 39
10 4
92 75
98 38
51 10
89 3
77 34
60 83
93 40
13 83
2 52
97 6
80 48
31 17
41 53
7 58
52 53
7 61
86 67
70 88
19 81
53 77
39 53
10 56
85 41
48 21
48 43
44 93
17 34
22 49
14 81
46 65
7 6
72 56
96 44
11 93
90 95
84 62
68 67
74 52
92 80
22 9
77 39
53 63
71 66
19 22
36 89
58 80
37 42
62 97
66 2
76 56
5 16
73 22
23 85
2 56
32 40
61 49
2 7
63 1
33 95
2 33
57 37
86 37
74 24
75 70
15 46
49 41
46 16
63 24
70 52
64 39
63 37
92 13
43 89
8 2
17 76
35 88
56 90
70 43
100 77
17 68
92 30
54 25
10 8
26 5
51 34
11 40
85 75
11 18
57 22
31 4
33 14
86 90
59 6
56 68
15 75
16 40
14 99
49 75
51 85
22 52
58 30
26 82
1 93
71 51
59 96
82 40
99 11
71 57
36 92
4 42
62 90
18 36
2 35
17 91
32 63
61 78
3 11
9 37
34 80
90 52
34 39
13 55
71 79
41 54
35 51
40 47
62 77
18 5
69 20
46 21
3 38
64 88
70 46
67 60
81 94
3 31
72 48
94 71
68 78
42 51
37 69
78 39
49 84
92 20
79 34
90 81
82 79
95 8
33 11
86 33
67 17
78 51
48 58
28 27
99 12
6 27
45 62
26 70
12 14
31 86
24 84
5 53
82 34
88 92
4 2
57 58
18 58
83 80
7 21
90 82
22 95
4 87
69 1
97 78
37 10
87 55
20 40
53 83
62 63
96 75
88 94
89 65
97 75
18 75
16 45
91 46
21 79
64 72
95 73
71 23
76 21
99 42
32 53
32 98
61 17
60 25
50 95
39 89
45 55
81 51
20 32
3 58
80 2
11 49
14 97
27 97
53 59
54 48
59 22
99 93
70 23
46 93
54 79
64 35
11 26
30 13
25 45
29 46
66 62
45 65
12 89
38 4
94 34
88 25
89 63
53 12
83 10
36 51
33 55
44 73
92 65
32 27
32 47
66 20
67 31
3 37
83 45
41 50
100 2
21 12
82 95
56 24
46 51
46 53
87 19
42 83
92 44
63 61
67 13
47 76
9 5
60 74
32 48
93 29
45 73
49 4
90 4
41 44
50 83
87 99
45 23
81 53
96 90
46 36
41 78
37 40
98 2
62 98
24 52
67 26
41 11
52 95
54 43
20 2
11 36
31 12
98 39
29 99
42 86
50 45
42 100
11 32
3 57
9 48
77 1
75 78
34 29
10 68
70 41
69 44
19 61
73 75
75 56
68 46
98 34
31 9
75 88
37 18
53 66
3 16
87 29
93 68
95 99
100 45
51 89
57 30
10 27
19 46
18 1
66 64
75 95
9 60
74 38
72 14
38 87
94 33
78 45
94 27
6 35
43 14
63 3
79 70
34 31
64 29
50 15
50 23
99 85
86 4
96 18
22 67
25 11
37 67
62 89
6 70
83 65
35 49
45 30
34 15
29 3
44 35
43 27
43 4
36 2
37 92
42 28
33 30
20 12
64 17
72 13
8 6
5 25
14 11
66 88
19 49
95 64
59 1
38 95
71 42
59 39
70 74
23 31
66 17
31 85
90 70
100 48
37 52
13 96
79 56
75 93
65 81
65 66
50 29
51 1
75 91
87 86
90 44
92 10
73 55
49 77
49 10
52 92
48 16
91 41
51 12
17 93
96 65
12 98
82 36
99 52
25 65
58 98
20 10
23 17
64 80
93 24
59 26
32 49
32 7
11 52
96 71
27 29
51 47
79 4
47 54
1 86
28 94
63 15
7 98
79 65
51 54
50 56
37 15
15 91
16 64
40 19
34 21
98 87
16 66
9 62
34 67
99 82
18 84
43 61
66 9
9 41
98 41
88 93
27 25
16 95
81 77
11 4
30 17
59 36
50 82
72 78
90 55
44 34
39 54
68 73
81 43
1 34
71 46
27 80
15 32
50 66
11 88
83 36
67 74
37 49
79 78
38 29
25 51
85 94
29 82
31 13
37 24
45 67
31 15
21 28
39 42
91 39
73 52
11 50
23 96
75 24
2 92
13 5
18 13
86 71
28 11
34 24
90 29
75 67
81 100
87 35
56 60
81 83
10 54
60 43
73 96
68 83
8 32
47 28
84 85
22 78
69 88
49 79
79 13
94 7
94 72
5 38
61 65
61 77
11 24
37 77
46 48
70 14
60 78
93 81
10 97
35 65
42 81
27 12
48 10
1 62
5 45
96 91
39 83
76 73
89 40
20 59
11 7
13 10
67 72
34 55
33 81
66 94
10 21
11 70
50 18
83 74
17 18
61 8
80 43
81 34
83 90
83 79
2 60
38 96
69 48
67 5
89 97
72 52
81 4
40 60
14 36
100 62
52 13
84 69
60 100
63 59
23 82
67 57
47 86
31 39
32 42
94 79
22 41
59 35
40 54
6 87
84 27
36 72
6 42
38 32
99 90
47 85
10 17
13 65
98 85
89 72
21 2
27 37
5 74
92 8
78 54
88 87
96 11
9 24
8 54
6 13
38 9
74 29
51 73
88 21
8 35
69 33
93 35
41 28
9 96
85 58
4 17
13 43
83 22
18 67
1 47
84 66
4 23
53 84
25 37
66 38
81 96
73 89
75 66
45 20
54 75
92 57
96 95
5 90
59 44
20 97
17 33
44 28
63 91
43 37
46 88
31 29
17 63
63 94
67 87
70 15
89 79
24 19
9 42
70 40
74 62
3 68
64 28
9 8
6 66
30 42
60 26
62 29
41 48
15 13
8 59
97 12
42 27
11 20
38 99
6 32
84 63
96 40
43 6
31 38
28 20
68 16
89 78
74 63
48 30
29 45
6 65
61 35
78 43
73 1
61 47
10 74
23 21
43 97
38 64
5 28
73 69
23 53
86 88
88 12
2 79
46 55
64 15
86 74
2 39
5 99
14 19
64 74
89 32
67 2
21 90
40 13
48 44
1 89
65 33
44 15
67 77
79 97
88 51
17 57
78 42
88 31
63 4
7 26
48 7
73 46
75 21
67 10
66 4
60 76
26 34
88 5
31 47
99 17
98 13
32 4
91 9
30 35
13 21
4 1
33 93
42 41
66 79
11 92
14 2
48 86
10 33
59 64
42 48
45 96
67 69
20 48
29 55
100 80
30 70
69 74
42 10
65 17
23 7
63 81
80 3
3 66
23 99
22 93
13 84
60 21
51 13
45 75
88 41
7 44
4 6
88 39
96 43
87 83
53 17
35 76
52 83
46 96
76 98
3 95
15 41
83 48
4 78
70 13
13 66
25 21
53 72
42 14
73 56
94 38
51 22
81 75
63 19
26 24
76 26
55 63
46 1
31 46
68 8
64 21
86 36
63 7
42 43
35 23
7 57
60 27
42 26
17 41
52 42
27 64
47 37
97 48
25 14
13 53
91 56
47 10
45 63
61 13
8 71
53 97
36 54
77 23
69 10
25 86
49 70
88 100
64 60
7 67
99 74
54 83
72 25
81 80
1 83
63 23
11 59
100 3
74 66
31 90
23 62
10 98
96 77
37 45
78 81
37 39
36 13
88 83
81 69
50 60
28 48
47 6
3 87
60 7
78 76
72 61
50 3
92 24
15 59
49 45
29 83
91 43
87 36
48 65
79 53
22 62
98 11
76 66
38 91
86 12
81 30
67 33
1 20
28 18
76 16
88 2
17 1
14 69
67 49
4 29
97 60
1 81
26 88
23 42
50 67
30 73
28 92
19 71
95 70
41 6
91 24
10 64
27 90
38 17
83 67
97 18
48 67
82 19
27 39
3 52
70 77
9 51
99 19
81 39
47 81
36 3
38 92
80 88
60 63
49 12
61 53
38 80
18 10
48 11
1 57
5 30
82 2
59 33
20 4
18 27
78 1
54 99
31 8
16 94
87 94
36 61
60 32
19 42
36 44
33 85
44 33
81 12
54 80
33 34
67 46
9 25
81 58
97 34
51 14
58 94
15 21
71 45
90 46
50 92
39 24
81 85
6 72
75 14
63 64
51 94
70 22
60 55
40 8
90 58
85 70
73 48
54 81
10 89
76 4
87 37
84 39
6 79
73 10
59 45
74 1
6 88
86 30
50 74
24 43
52 4
55 50
30 22
49 89
2 76
51 17
42 74
74 94
3 35
34 91
19 55
54 31
91 29
17 92
6 76
41 79
64 99
27 17
19 95
65 77
5 11
40 92
9 2
7 50
23 34
70 1
59 23
22 18
57 15
79 20
54 49
64 6
100 27
38 26
75 30
80 90
27 65
33 96
45 4
46 43
40 36
54 86
68 2
55 79
64 76
62 30
6 15
1 41
91 52
35 14
82 67
70 81
90 64
74 77
11 71
87 76
41 59
96 42
84 74
71 25
87 84
58 43
29 5
100 50
5 32
46 97
56 15
44 68
95 76
7 65
8 84
50 81
20 15
40 83
70 71
57 89
43 49
7 66
39 16
5 20
53 60
58 2
52 89
98 1
53 99
28 62
96 57
82 49
61 68
9 73
51 52
3 9
11 66
94 62
27 62
10 45
63 77
73 21
23 95
1 92
9 44
7 46
18 77
80 28
19 13
24 86
5 56
6 96
38 34
68 32
45 80
2 34
53 45
22 84
53 94
73 17
65 74
27 38
14 7
42 57
37 7
31 35
84 20
65 57
77 69
1 5
86 56
34 99
9 100
20 23
7 59
86 23
29 73
73 13
27 52
55 75
52 65
6 89
9 21
23 22
75 1
43 8
42 38
94 11
24 49
28 90
69 16
90 23
53 30
62 83
60 93
12 19
87 2
64 49
54 3
10 63
88 24
33 13
91 97
37 90
39 85
100 34
39 86
25 17
41 2
11 38
60 22
56 67
70 17
38 71
85 12
95 92
83 100
78 48
76 55
99 77
31 5
43 67
57 99
89 95
79 85
31 25
51 38
36 67
12 70
91 44
44 79
53 91
86 55
92 25
81 92
1 90
73 38
69 51
35 62
71 16
39 49
33 56
93 100
74 95
14 41
71 68
75 44
36 21
42 93
69 11
31 43
56 95
79 40
30 29
83 96
74 17
1 99
67 99
40 28
47 92
39 66
52 49
43 50
88 77
16 54
55 91
69 91
43 100
94 37
100 29
97 1
1 68
93 13
73 8
57 84
32 76
29 41
26 17
61 26
89 50
95 53
13 25
78 63
77 51
15 98
98 14
4 44
56 39
58 11
43 26
42 89
42 69
23 68
23 2
28 97
38 55
18 93
31 91
68 12
58 38
46 59
21 65
62 5
36 74
51 4
62 87
73 72
18 81
92 74
15 99
79 46
44 10
9 7
27 24
14 54
61 79
52 63
20 21
88 30
99 76
36 43
33 24
33 90
17 86
26 12
28 81
100 12
86 68
16 79
78 80
50 8
84 43
14 20
55 40
12 96
20 56
3 14
8 33
83 72
19 18
80 73
86 9
44 86
27 82
97 15
25 22
55 74
48 99
84 23
2 16
70 82
48 87
27 66
73 16
83 47
53 8
69 63
86 97
21 22
29 48
35 29
18 6
11 44
9 55
41 84
94 19
71 13
92 9
92 33
11 81
37 58
97 17
81 97
37 22
99 55
68 88
42 44
75 32
80 86
75 41
45 81
35 97
78 10
43 66
91 7
85 91
85 25
98 28
67 66
83 99
20 44
90 3
86 63
16 49
1 88
94 23
45 70
30 72
69 60
93 91
21 61
38 79
24 59
93 37
13 56
45 38
44 50
8 39
65 68
79 14
89 11
70 4
37 46
50 37
58 10
89 67
9 72
22 43
31 92
32 25
10 7
36 41
43 30
50 35
45 27
34 20
60 36
79 99
19 4
35 96
68 75
97 40
30 2
98 29
29 18
72 71
27 23
58 70
10 79
26 68
10 66
87 58
95 2
28 68
36 63
36 96
88 52
74 22
84 54
11 43
81 61
41 94
91 2
47 95
57 90
61 33
56 89
74 49
49 1
86 59
70 16
14 29
76 23
29 92
19 33
98 90
80 19
30 89
29 9
16 17
5 66
62 4
12 24
8 97
16 26
2 42
37 59
69 94
50 36
54 55
1 25
9 36
30 49
34 12
89 100
33 49
95 54
2 1
73 41
44 32
62 12
52 35
96 22
43 15
5 57
76 79
20 50
18 38
82 69
47 65
23 81
44 78
77 32
44 2
95 49
9 98
62 13
53 34
69 80
4 22
34 64
77 59
36 48
13 91
55 25
73 39
68 85
19 3
90 94
31 22
14 38
37 68
93 74
13 4
24 7
14 5
2 10
35 41
52 36
16 30
85 73
59 67
19 16
29 94
39 72
21 6
60 47
41 69
98 91
26 57
8 23
4 57
4 59
42 60
60 48
11 29
94 2
100 54
85 43
73 15
57 12
76 75
80 56
68 43
77 16
72 3
75 31
54 15
92 6
78 38
34 66
40 18
18 41
72 62
61 27
59 98
83 34
90 41
2 11
81 10
3 17
73 40
16 9
36 90
3 18
18 60
6 46
13 45
16 60
26 79
57 43
33 82
68 27
12 22
58 65
9 4
90 60
34 59
42 66
72 90
43 92
19 58
7 38
35 77
25 40
4 95
48 22
99 51
97 58
30 41
68 81
45 39
73 42
92 66
94 65
19 17
2 40
75 19
36 20
39 63
93 27
73 50
68 11
48 31
82 42
2 32
4 48
49 69
63 30
25 79
44 21
82 86
43 2
81 21
8 70
57 48
32 26
33 22
29 21
19 79
87 57
79 5
67 39
71 78
88 16
4 83
98 25
32 39
75 4
30 25
69 36
77 54
6 26
53 10
91 50
82 71
67 1
89 48
55 58
24 29
19 11
17 78
31 61
81 67
74 20
79 29
26 78
53 47
43 35
79 24
75 17
42 17
65 85
8 29
68 13
82 55
80 35
74 76
81 98
53 78
85 17
18 35
70 65
5 81
86 43
58 99
12 41
87 20
75 61
47 7
58 49
15 61
23 97
67 97
41 43
65 98
18 43
91 1
47 20
62 41
74 53
59 16
52 84
85 2
36 26
78 14
46 87
23 78
26 9
10 76
89 99
56 26
11 42
12 46
86 6
33 18
45 15
2 83
67 52
1 6
19 2
82 94
90 87
14 60
90 48
90 51
24 51
66 52
45 82
68 41
98 35
63 72
91 40
95 98
65 29
63 27
50 85
22 91
46 44
20 30
71 55
80 70
10 43
20 39
63 47
66 55
31 26
100 65
76 3
77 97
94 70
53 31
28 51
53 14
7 30
54 9
69 93
7 40
68 59
94 18
29 77
47 5
4 61
61 29
3 84
39 51
19 93
79 80
94 48
55 67
43 12
71 83
73 61
12 87
98 100
4 28
37 8
13 57
47 25
62 52
93 52
9 1
8 85
35 37
74 89
58 66
14 83
56 84
15 39
72 42
28 36
99 61
43 62
28 7
96 97
51 67
47 75
11 84
59 78
27 72
58 71
78 5
53 92
86 28
20 75
83 44
97 63
26 37
63 43
9 89
95 20
18 100
29 42
31 41
18 45
100 6
4 77
23 65
86 62
26 53
7 86
79 51
17 62
46 83
99 36
96 86
69 97
8 72
41 58
57 21
41 66
58 5
24 2
74 33
96 94
60 49
29 60
65 41
97 21
54 82
49 6
94 44
58 77
63 22
69 54
57 32
45 22
51 11
93 63
77 56
44 82
55 43
57 6
9 30
11 12
3 23
62 36
83 77
17 14
51 57
16 90
17 46
66 86
95 44
66 57
7 35
96 28
51 26
63 98
4 8
45 26
58 60
90 88
32 71
8 21
28 99
11 87
49 48
56 54
82 24
48 40
16 89
59 56
35 56
51 100
37 66
86 91
27 98
64 68
73 99
13 54
69 64
97 3
44 23
64 87
22 98
87 93
26 28
76 49
56 38
22 42
36 68
34 62
51 74
3 21
19 54
45 48
71 53
47 56
94 84
69 7
51 84
87 33
73 63
80 94
59 66
74 48
29 47
9 75
47 91
64 85
33 63
76 85
15 90
40 50
69 8
76 1
48 70
62 24
62 61
28 52
76 62
50 77
80 68
73 27
7 55
33 45
19 5
80 20
100 22
66 35
96 69
12 6
20 89
69 25
16 100
97 25
89 68
57 54
84 47
18 69
73 58
26 19
13 75
21 1
94 73
33 46
65 42
78 92
67 65
74 45
57 35
20 46
15 11
50 10
76 50
26 41
72 98
12 23
97 65
27 83
75 79
94 42
88 78
69 9
59 70
87 13
1 40
32 51
76 29
33 35
36 77
62 79
81 76
20 60
3 1
20 16
74 56
88 72
11 72
85 86
13 11
45 42
12 15
33 83
14 100
40 77
12 45
53 76
81 55
20 78
87 45
49 93
23 88
57 93
96 20
20 72
16 91
71 95
24 96
81 20
29 43
25 64
97 94
30 6
68 29
10 75
100 37
97 36
3 81
58 75
80 52
77 84
97 55
43 98
34 95
76 30
49 40
28 91
19 48
22 56
49 88
60 57
85 6
53 22
36 38
21 33
19 39
22 89
59 29
87 60
40 85
27 85
53 7
25 91
24 65
41 37
33 6
48 47
100 64
76 19
81 91
48 59
72 87
89 80
71 73
97 39
54 50
16 22
74 72
82 73
32 30
24 8
80 76
100 26
32 31
97 56
56 40
18 7
4 34
67 27
30 95
48 62
60 75
9 18
74 18
65 90
95 84
95 62
23 38
87 10
99 26
87 15
71 88
1 95
15 40
68 7
63 76
89 26
92 58
58 14
6 23
40 31
65 49
92 55
38 43
6 38
52 34
77 41
43 53
22 82
4 16
45 6
54 63
20 24
41 13
27 77
65 15
31 51
78 87
33 72
42 5
64 57
2 75
54 87
56 58
35 32
72 85
11 1
89 35
77 76
46 98
46 92
32 14
71 97
92 76
49 28
66 15
53 69
30 52
73 2
11 23
41 83
93 45
56 7
91 88
7 70
43 93
32 36
47 19
88 32
18 23
70 36
35 74
43 5
93 10
60 91
9 14
91 12
78 74
3 20
95 45
76 46
40 24
34 85
53 54
42 34
14 95
77 92
90 69
60 33
64 18
82 13
50 46
4 27
22 26
51 63
19 32
83 59
40 66
46 94
26 77
32 92
8 79
45 58
98 40
36 66
70 10
63 100
58 89
77 22
77 91
81 56
9 81
43 23
87 63
35 15
19 83
46 30
4 67
76 52
36 30
5 44
28 14
3 83
3 60
86 81
10 22
85 96
38 83
18 95
59 79
56 88
16 56
58 86
87 82
46 18
96 7
57 18
30 99
34 36
14 50
91 58
12 64
34 30
38 37
83 25
38 90
43 95
82 12
16 35
41 86
32 74
62 39
68 47
26 47
81 87
58 68
58 50
46 38
86 49
62 40
16 44
67 78
78 13
73 97
22 64
49 27
65 4
77 94
96 80
98 93
43 77
95 55
49 66
62 7
17 36
38 30
94 50
6 82
90 45
61 80
47 98
90 100
76 7
12 56
77 85
17 45
16 84
14 23
92 27
13 32
29 56
95 11
33 78
20 57
44 43
62 93
96 26
9 99
6 67
30 84
38 60
4 39
79 87
57 10
60 30
36 100
81 17
57 75
100 72
74 14
9 47
44 27
29 23
9 82
55 56
52 8
3 49
54 46
87 8
34 27
34 89
3 75
42 90
11 21
28 1
27 46
62 44
50 65
49 18
11 57
41 71
93 86
71 76
36 23
73 32
5 95
49 29
4 35
22 20
9 53
19 51
40 43
87 85
16 83
97 29
97 26
51 75
15 53
26 98
10 82
29 36
46 85
7 42
44 87
93 79
16 97
71 43
100 78
5 50
49 87
46 8
38 89
8 25
83 31
9 58
31 30
75 63
86 60
81 46
66 54
74 41
2 96
27 16
44 31
100 71
34 18
33 53
75 46
79 90
36 85
17 15
28 77
34 48
85 97
71 36
28 25
20 31
90 25
8 18
38 22
3 70
59 42
43 32
64 77
66 23
21 43
27 9
8 83
27 96
62 6
6 54
26 66
22 46
93 70
30 47
40 10
96 37
45 61
90 17
70 38
11 63
32 69
87 91
14 57
44 1
85 32
68 18
92 5
47 4
4 46
92 35
95 81
6 9
93 51
20 91
11 22
28 53
54 33
62 65
60 34
71 39
21 26
88 33
83 5
38 85
27 50
10 72
57 68
33 64
5 39
17 82
71 77
78 29
35 91
83 21
14 15
96 92
60 6
39 14
62 19
38 93
55 4
69 76
91 42
96 66
73 5
26 63
84 61
66 8
70 87
17 71
2 31
52 55
2 62
89 14
48 8
41 19
36 42
65 88
86 78
35 24
59 88
94 36
20 55
43 99
37 21
27 41
23 55
99 98
26 64
83 86
76 89
78 93
21 4
82 18
93 20
90 78
68 79
32 56
73 36
86 40
52 87
96 67
90 93
68 34
70 33
28 35
18 62
19 67
19 34
93 77
16 99
59 25
6 73
51 95
64 86
59 76
68 87
8 57
73 59
20 65
23 92
39 60
14 92
82 41
1 65
56 34
76 25
99 84
60 61
34 88
14 18
95 100
36 55
3 51
47 73
60 54
90 63
70 5
27 76
85 11
2 28
45 43
13 9
72 86
28 29
7 49
50 6
3 98
8 65
88 61
79 1
28 15
80 66
35 82
84 21
93 71
32 61
67 11
25 43
71 26
27 19
84 26
63 41
67 3
12 5
42 56
37 79
55 85
37 13
62 50
40 51
53 73
39 52
57 98
61 30
17 84
29 44
69 15
45 68
3 8
96 50
80 51
2 78
51 16
61 92
11 30
34 47
25 61
61 9
56 93
93 28
18 88
68 20
99 78
50 84
36 10
6 28
35 40
21 80
5 91
20 90
82 3
20 53
50 2
58 82
64 48
48 63
3 48
37 4
62 25
94 12
59 100
96 49
92 19
9 79
25 12
49 92
61 66
11 27
75 43
46 95
32 52
32 91
66 69
97 44
38 21
61 82
11 60
5 77
30 78
23 73
22 24
19 100
88 99
89 23
59 55
69 34
47 88
68 21
23 40
76 14
16 7
54 72
78 19
4 73
92 39
37 28
31 10
64 4
17 94
12 54
5 35
68 90
17 32
79 36
5 37
42 92
30 39
13 88
38 13
82 68
26 40
36 95
21 62
82 8
86 99
71 89
7 20
8 34
72 29
35 71
19 23
8 44
100 67
3 4
35 38
62 57
65 18
82 16
79 58
77 98
91 4
92 26
43 9
77 55
97 41
35 90
87 51
24 71
46 52
12 3
10 35
32 54
41 55
52 77
34 71
86 69
8 5
9 78
100 79
82 97
21 74
33 97
60 28
27 58
98 89
71 30
13 69
51 83
89 46
7 92
26 46
72 47
57 85
91 78
71 20
72 80
3 10
68 40
16 37
74 30
28 100
64 83
54 74
75 36
18 16
8 17
56 61
60 94
20 73
30 23
84 88
80 23
17 37
67 92
84 46
70 50
55 35
67 63
62 78
55 22
28 79
37 98
46 9
80 30
59 43
57 39
35 11
65 31
25 96
88 40
26 83
68 42
79 57
100 69
27 75
63 70
64 81
89 55
57 73
20 62
58 93
85 62
91 89
21 92
51 33
30 98
52 29
97 47
100 61
3 24
57 86
8 26
74 16
22 47
78 66
51 49
92 62
66 28
98 92
96 5
68 50
81 79
45 47
61 44
80 4
93 34
74 71
39 28
28 59
90 59
47 35
2 72
91 84
24 80
9 49
52 85
81 72
64 58
60 37
60 73
58 52
16 65
15 29
95 68
31 59
62 60
90 91
26 18
2 47
59 85
3 42
45 97
89 28
80 26
94 40
88 89
14 85
96 100
28 70
67 88
65 53
30 24
30 69
35 36
26 86
51 29
66 99
57 94
73 12
55 61
57 9
41 34
66 82
96 51
73 64
1 37
30 50
45 57
41 10
35 9
12 33
14 88
34 63
38 63
24 89
52 9
15 77
92 41
3 26
41 56
1 32
81 59
80 8
8 67
62 64
40 78
69 27
99 13
66 70
14 27
45 19
97 32
99 81
24 64
65 63
42 84
