100 4800
54 74
62 6
41 72
100 15
69 95
70 9
47 59
76 96
52 57
11 47
55 93
81 91
1 95
47 97
86 60
43 41
92 75
27 64
8 47
15 5
85 51
49 86
13 17
61 28
31 95
2 35
36 85
53 71
12 42
25 32
80 54
3 40
54 71
34 89
40 73
53 38
88 54
9 15
37 90
41 91
37 16
54 21
1 7
40 24
61 26
75 47
49 98
73 58
47 56
56 19
15 36
54 56
49 66
61 68
56 73
12 24
55 53
83 33
86 48
42 79
49 57
93 57
38 17
71 61
78 39
61 30
40 49
43 59
25 50
59 50
60 100
25 38
71 20
7 66
88 42
64 83
68 37
93 68
70 25
98 5
28 10
80 53
67 19
89 55
53 35
15 71
32 52
85 30
78 70
92 49
58 81
19 65
24 22
98 92
61 38
66 42
24 83
62 10
15 65
37 71
81 37
83 96
41 64
19 83
35 23
5 87
24 65
94 67
49 14
16 38
47 1
19 62
95 13
6 46
59 15
34 21
9 98
84 8
18 15
73 16
96 79
95 68
92 95
68 82
59 58
73 53
14 63
77 47
91 65
50 54
21 85
58 57
51 87
18 6
25 26
5 85
73 67
29 80
90 81
30 86
13 91
83 4
50 100
74 50
80 15
9 2
7 2
27 22
47 80
77 92
45 38
25 64
5 68
40 53
27 15
1 96
100 67
80 70
77 21
55 96
66 52
90 70
20 69
82 32
28 88
31 23
5 29
24 1
95 40
25 14
94 73
70 50
1 72
27 24
17 25
81 62
97 18
48 71
99 12
72 73
23 42
92 7
47 25
70 59
98 67
72 20
74 96
59 63
67 37
92 3
96 12
92 55
72 75
94 62
52 84
14 16
4 79
54 81
64 12
80 2
23 2
70 32
29 96
77 82
44 58
74 80
34 41
85 61
2 65
52 10
83 22
8 67
50 63
38 4
22 20
53 59
67 56
17 24
2 61
50 15
96 48
86 82
64 28
25 83
60 54
28 55
75 44
25 93
12 67
47 20
17 61
75 22
58 47
37 78
42 73
76 46
31 56
77 7
55 61
44 21
81 26
56 50
49 2
28 83
52 2
87 59
6 95
26 79
97 74
52 13
93 95
32 41
27 92
15 7
13 44
28 49
66 37
53 31
62 53
92 53
7 9
23 77
91 56
18 45
74 14
16 20
42 26
93 21
82 40
17 75
90 20
40 61
95 60
29 89
28 24
86 56
100 95
72 71
76 8
96 23
54 30
38 28
80 26
100 93
62 79
76 71
66 90
5 25
90 68
76 50
95 94
1 60
26 75
44 47
91 29
77 9
57 50
9 38
42 97
31 84
82 78
70 55
53 4
70 13
33 11
55 9
18 56
91 34
31 79
81 24
76 53
24 38
82 22
83 70
79 51
13 74
81 79
69 79
52 73
41 98
3 97
5 10
87 78
21 70
20 10
80 77
88 46
11 84
3 76
63 93
88 69
9 42
64 44
63 70
82 62
89 12
25 9
63 46
56 62
42 86
77 88
38 74
22 25
74 8
61 57
60 93
88 33
97 70
25 56
66 5
84 1
22 19
20 19
57 46
36 63
19 100
32 100
66 94
54 10
61 35
5 24
39 62
21 4
54 67
84 45
65 45
91 25
80 56
42 19
89 7
91 88
26 68
83 93
78 30
63 82
93 52
65 13
54 90
58 95
40 36
83 86
51 71
29 3
81 12
53 41
86 85
68 29
11 73
34 7
90 59
53 10
58 56
46 44
4 78
34 3
67 92
80 44
72 30
74 83
84 81
86 38
11 74
88 14
26 98
25 97
93 94
11 46
18 55
20 97
62 52
92 31
98 99
4 30
83 23
22 34
12 28
45 59
6 44
24 7
79 68
55 91
38 49
42 47
38 76
47 36
14 54
15 43
6 57
96 63
45 91
45 80
4 87
68 43
73 50
88 50
3 32
29 99
41 94
74 72
55 90
5 1
50 80
44 36
9 48
18 66
55 44
35 87
62 74
13 37
1 30
65 8
77 35
99 41
81 36
82 48
87 95
100 74
85 14
79 67
14 35
40 94
91 64
20 67
84 68
24 39
59 72
87 86
75 97
48 53
27 20
92 78
34 49
49 35
8 25
15 92
84 59
16 28
65 22
7 100
6 20
31 100
87 98
42 7
21 16
79 48
41 35
61 92
91 63
80 94
100 83
6 15
32 71
65 14
5 58
6 27
58 98
91 50
19 81
91 78
51 46
90 80
22 9
54 55
41 84
78 96
13 60
23 26
82 35
86 22
46 47
72 21
93 17
11 30
87 44
47 84
60 25
25 72
50 78
94 24
45 82
85 82
94 16
97 71
57 45
28 100
6 83
6 88
68 52
34 56
95 71
88 97
41 87
63 61
38 43
41 85
64 72
92 69
65 87
28 9
50 20
8 52
84 48
21 25
24 71
1 16
19 12
29 97
12 98
100 3
21 58
96 95
77 91
90 39
79 100
50 10
95 78
74 39
11 52
55 42
81 65
82 4
85 84
37 82
32 77
57 35
74 32
80 24
81 52
61 65
59 11
45 53
9 30
94 27
89 61
22 52
10 35
94 85
45 24
93 69
76 25
24 99
91 92
49 42
43 48
86 91
60 19
51 39
81 39
83 8
55 30
37 50
94 86
37 30
6 1
34 62
19 76
97 54
25 80
95 91
41 77
31 57
74 12
35 85
82 72
82 51
34 5
80 8
53 63
65 96
42 11
81 41
31 68
38 19
93 89
84 7
50 11
31 94
3 15
8 23
43 20
97 78
63 78
90 99
97 59
32 44
29 75
23 28
13 73
44 16
84 49
73 31
35 89
13 86
35 6
23 92
21 97
50 21
42 5
93 78
23 41
11 28
46 40
31 50
27 19
69 11
58 32
26 99
97 72
27 4
25 78
17 7
27 59
65 16
11 94
20 35
85 87
21 1
13 100
58 96
44 79
100 27
54 65
15 85
33 21
35 46
58 91
36 5
33 66
69 91
93 31
46 71
37 61
54 7
72 65
21 43
83 41
41 100
56 78
84 50
53 20
95 8
96 7
36 26
28 58
88 53
28 43
18 88
57 18
49 62
7 90
92 79
80 36
94 60
92 56
69 25
11 70
69 17
59 13
38 13
87 13
88 48
60 32
61 58
75 99
75 10
17 26
74 31
80 22
68 57
83 39
8 5
71 63
35 73
47 60
56 52
55 69
34 6
58 11
82 18
64 99
96 67
16 70
82 24
63 49
67 91
94 69
68 12
64 90
16 27
42 77
62 30
93 59
70 33
72 26
85 52
94 32
76 28
44 49
62 51
74 61
13 90
35 51
2 1
91 15
13 88
86 95
21 68
73 71
52 70
77 8
12 54
49 68
22 30
58 22
83 50
11 20
29 86
20 9
77 1
78 54
95 89
70 77
87 82
48 35
81 49
95 49
86 64
12 18
46 42
59 92
39 56
74 87
96 6
37 3
100 65
7 68
11 49
79 36
30 41
16 4
2 90
92 14
12 57
81 93
44 50
52 75
8 60
26 91
75 11
62 50
88 98
91 22
96 73
75 6
62 15
59 57
83 18
100 88
27 76
61 50
55 85
71 17
11 57
31 90
9 68
72 18
10 86
57 62
35 76
11 18
91 33
16 15
69 9
43 72
26 60
69 68
45 37
25 66
52 88
39 33
94 42
13 6
92 57
32 88
40 12
69 35
77 86
66 19
43 25
13 19
100 97
47 35
30 24
6 21
77 27
86 98
64 1
99 40
4 40
49 3
92 76
22 57
98 93
1 73
63 15
61 48
19 70
46 59
89 19
23 67
42 2
44 54
100 49
48 57
86 44
13 4
92 63
55 63
78 76
24 90
83 88
79 94
2 92
99 35
87 54
61 47
14 97
80 11
20 76
90 9
83 35
64 47
99 62
70 87
79 84
87 14
34 64
14 93
45 77
87 25
70 94
88 24
98 37
92 86
22 92
69 52
4 7
65 37
53 91
50 39
62 32
23 19
99 88
6 58
20 37
42 68
50 51
86 63
76 10
7 82
47 6
20 15
87 8
88 41
42 27
23 46
5 51
7 13
71 36
44 17
9 5
16 91
50 97
14 1
46 89
11 56
46 75
75 88
37 88
25 75
1 93
22 64
61 95
38 47
74 81
64 40
25 28
18 92
35 16
87 94
26 30
89 13
93 49
11 62
55 10
15 87
49 71
15 69
74 10
87 67
18 7
3 61
1 11
51 55
53 39
82 55
3 23
19 37
51 8
48 10
21 28
39 70
14 10
88 65
45 11
35 44
26 59
32 43
68 97
43 8
28 57
64 29
9 19
53 46
16 8
95 53
50 85
6 38
46 20
45 33
1 32
80 13
4 86
26 57
44 76
46 73
51 93
8 41
53 57
52 43
81 35
95 80
55 49
68 53
28 27
4 12
33 37
32 9
79 27
50 87
8 100
96 66
46 91
84 75
58 50
6 49
2 81
30 28
94 25
76 51
72 57
36 16
16 77
89 44
36 3
74 36
12 32
80 40
76 7
23 18
34 71
91 37
39 29
16 98
73 5
80 21
44 27
24 36
98 39
31 33
71 44
37 29
2 86
18 39
8 27
14 60
85 67
89 11
98 34
79 82
22 7
38 70
70 10
42 48
35 39
20 100
17 54
69 49
94 17
40 25
65 41
67 17
68 16
55 94
12 33
12 69
95 67
91 74
9 67
25 29
37 52
36 29
3 53
9 76
76 1
47 7
8 78
62 85
18 89
5 60
4 3
64 74
71 28
59 51
54 57
33 58
66 8
29 70
26 62
53 11
88 90
34 55
96 20
2 44
81 89
37 25
45 55
5 82
81 61
13 26
48 100
62 18
33 89
99 53
43 86
69 42
77 64
53 9
96 49
90 6
81 31
17 81
83 5
10 83
20 52
27 78
6 85
67 68
89 8
4 91
88 64
71 56
59 69
20 40
41 3
48 20
7 27
50 6
67 97
24 60
33 90
29 38
3 75
38 63
36 95
15 45
21 55
73 88
65 48
48 49
5 88
22 45
12 71
69 18
80 37
25 31
97 52
47 95
89 69
90 47
75 36
5 63
11 5
30 91
89 68
98 64
35 62
87 40
30 47
59 41
26 34
73 86
22 38
91 49
38 90
71 2
58 68
33 5
14 77
39 54
28 17
14 37
52 86
55 11
40 91
93 82
20 58
17 87
67 71
89 73
28 85
83 12
1 17
41 73
96 85
29 45
82 25
65 23
31 66
8 86
17 23
20 62
21 5
3 87
89 99
4 99
84 55
44 95
75 58
9 40
66 15
62 68
63 32
17 100
31 20
89 100
53 16
34 80
66 27
84 62
44 28
47 93
31 78
57 9
43 30
52 95
18 20
99 48
24 91
48 64
13 31
66 43
34 96
9 37
15 67
32 97
59 36
56 57
54 15
100 30
11 35
78 3
98 68
4 20
23 37
11 25
50 33
26 12
34 73
92 97
58 89
80 64
75 81
83 27
61 46
46 64
75 21
93 97
78 18
16 64
77 62
94 84
35 71
11 13
71 38
10 4
48 33
21 76
74 70
71 80
20 64
20 2
14 9
71 74
7 51
89 32
2 66
25 16
55 7
55 1
24 23
93 74
59 20
22 42
16 43
94 4
88 16
75 86
60 15
68 80
30 21
87 60
24 61
71 31
70 79
39 77
50 27
12 77
23 38
34 10
46 78
65 33
17 86
97 37
83 85
34 40
87 27
67 61
4 8
84 23
63 90
44 12
51 92
95 79
82 97
53 94
77 65
5 59
94 46
40 16
75 38
75 18
34 61
72 42
97 7
53 26
39 3
58 31
74 47
25 12
69 34
39 64
83 59
75 66
57 85
99 38
69 30
9 1
58 17
26 28
43 27
59 48
39 92
66 82
96 2
15 89
22 50
32 38
2 91
35 56
16 46
65 99
42 43
61 69
81 27
54 49
73 19
74 17
55 3
27 86
12 55
31 85
63 73
24 26
78 72
19 24
74 48
94 35
51 42
33 67
21 18
7 44
5 57
2 73
44 74
54 77
74 89
33 52
9 82
52 21
94 92
12 78
26 29
20 98
97 39
22 94
85 22
88 44
49 8
11 100
61 93
18 61
84 24
91 35
99 59
62 25
99 68
25 86
72 3
75 41
91 72
35 70
32 40
64 71
35 29
79 43
70 54
67 6
92 1
51 89
12 53
11 54
98 43
33 22
59 98
23 43
83 90
57 73
78 7
66 53
28 86
16 29
39 63
100 76
36 68
9 93
5 31
58 82
92 99
98 47
35 12
47 73
80 65
21 64
3 48
30 46
87 16
72 86
3 82
80 46
99 28
2 69
10 56
18 16
9 88
7 65
45 30
77 34
69 78
43 19
61 64
81 76
88 35
73 39
60 11
66 39
9 23
24 15
87 68
26 58
7 38
98 56
6 11
44 62
11 10
3 31
10 13
42 17
50 36
20 60
41 58
35 50
89 30
7 71
70 56
21 24
29 84
41 22
13 56
55 56
16 17
90 74
37 21
98 79
88 61
85 72
75 70
22 10
15 26
94 26
2 68
42 15
98 53
98 90
81 51
30 16
67 40
99 95
15 25
54 32
50 17
14 84
58 34
28 29
84 83
15 31
12 79
70 100
15 90
49 31
46 62
13 21
50 24
29 85
3 90
83 26
63 60
9 74
35 18
2 28
68 19
21 59
97 85
16 84
64 53
74 68
91 66
45 32
17 53
16 79
52 51
20 24
51 21
30 50
11 66
42 1
14 19
3 74
7 39
77 31
37 46
39 26
80 32
80 81
88 45
79 57
81 72
16 11
62 14
54 66
34 2
78 94
96 75
74 20
29 69
5 39
79 23
98 14
54 72
30 44
9 49
78 26
26 82
63 2
12 61
83 42
58 30
25 52
14 6
5 91
97 46
19 31
43 14
10 78
12 39
62 4
88 7
66 12
41 10
46 72
25 39
76 80
63 47
5 13
14 52
91 44
29 7
3 35
48 77
68 17
13 3
86 59
30 64
90 93
35 78
8 1
58 42
6 66
14 27
6 16
15 82
25 88
53 2
16 100
33 7
46 55
50 65
43 93
43 61
51 9
48 90
7 3
69 39
24 86
85 33
8 90
24 13
70 18
3 77
98 55
80 92
18 36
68 39
66 83
23 91
65 67
48 28
91 57
80 48
32 59
85 44
80 41
40 50
19 30
3 38
21 86
32 56
43 9
36 19
48 19
73 28
76 77
71 5
48 98
3 46
57 87
73 59
83 72
69 99
57 75
7 50
6 69
11 31
67 31
64 82
65 74
70 96
15 86
1 26
71 27
19 45
80 59
18 87
97 43
9 80
66 23
23 39
82 92
37 73
59 61
51 75
29 65
33 54
26 73
83 92
62 59
59 94
86 5
19 94
43 76
55 14
97 49
78 68
100 51
40 69
89 40
98 27
13 93
3 2
9 58
12 21
41 51
70 69
48 11
39 79
1 39
89 21
18 49
20 93
38 18
1 10
51 25
41 28
37 62
29 88
3 58
43 11
58 93
80 88
23 52
73 44
23 6
74 79
99 5
95 38
16 26
4 46
70 89
57 25
68 83
26 41
16 96
51 18
72 15
71 93
70 28
92 73
28 98
68 22
6 94
59 81
12 52
34 67
84 28
16 22
17 19
71 19
10 25
22 93
29 74
8 40
77 72
38 54
63 100
76 98
94 97
45 17
31 27
63 67
1 67
53 37
90 69
24 8
24 62
91 7
6 52
3 89
57 21
51 95
49 87
19 64
10 29
77 68
33 43
31 32
85 47
64 43
28 46
70 48
17 35
8 30
76 2
59 22
49 37
6 25
47 76
72 17
8 10
48 46
41 92
57 30
9 41
39 44
19 72
59 6
68 45
74 26
35 13
38 55
18 32
22 77
23 40
44 82
31 47
18 30
13 8
36 28
54 52
15 22
19 1
18 76
74 53
48 67
60 30
81 92
9 71
42 100
34 44
73 9
89 10
69 80
31 64
45 41
14 61
21 41
87 47
88 10
28 42
94 88
63 75
10 100
73 76
76 74
47 99
99 80
12 87
34 8
71 40
28 52
44 10
51 28
91 99
15 73
54 46
67 4
8 68
58 79
26 54
72 66
20 41
2 16
86 69
13 96
96 80
79 49
63 44
4 49
55 22
31 36
31 28
89 91
54 22
26 27
61 8
81 46
16 19
52 17
47 51
44 97
82 11
91 38
61 13
76 11
35 90
43 4
9 10
41 11
13 99
54 48
10 30
100 37
31 40
16 41
82 50
71 86
78 51
13 64
86 6
20 85
7 67
90 23
23 22
48 25
32 16
39 46
94 82
54 20
49 46
65 10
27 75
95 73
96 25
73 74
82 69
98 25
47 55
39 82
1 74
81 100
23 13
54 13
88 66
41 31
72 28
56 48
27 88
41 82
71 57
75 12
52 58
100 34
27 61
57 99
95 50
81 55
72 31
74 28
64 9
21 26
22 74
65 73
11 3
93 32
43 2
48 21
99 79
39 100
59 10
31 39
45 42
59 42
39 65
14 2
98 89
29 87
46 86
49 7
73 64
65 49
39 52
3 14
60 37
58 88
28 97
39 84
42 98
8 54
35 22
67 75
62 69
82 38
45 99
36 2
23 86
86 41
88 15
26 50
74 69
14 41
79 28
23 44
15 95
82 28
2 78
27 18
86 97
54 73
23 36
32 27
3 69
71 59
37 44
7 94
13 49
8 81
1 52
78 44
7 60
48 16
78 14
96 88
80 57
16 60
67 90
81 56
89 26
10 87
34 94
9 11
66 84
41 46
35 5
15 84
64 76
58 29
58 39
85 81
5 79
29 92
36 20
41 68
31 22
43 46
34 72
26 40
76 82
99 1
13 97
47 83
53 56
63 37
32 79
3 21
13 72
10 43
63 42
23 75
33 35
57 16
65 53
88 63
96 81
60 88
61 39
13 71
4 93
90 26
62 83
58 14
56 22
69 75
76 68
72 93
28 53
39 95
92 84
48 18
4 18
8 29
95 11
90 28
50 52
8 31
15 78
61 83
55 37
87 71
20 13
28 63
75 83
71 78
24 10
57 34
79 77
47 19
83 95
29 15
76 54
100 12
16 93
1 27
53 18
18 29
21 19
76 33
26 88
69 87
4 34
10 91
13 85
45 67
95 48
92 16
59 9
96 38
58 49
14 8
41 63
11 67
11 23
46 17
88 79
71 14
17 92
53 1
96 28
84 90
20 82
92 32
78 85
27 45
69 58
74 57
56 96
24 14
64 49
82 89
28 37
27 54
3 52
72 56
37 93
4 26
25 44
40 45
86 14
92 93
75 7
49 90
90 51
44 48
39 4
37 7
61 6
18 47
94 45
79 45
75 73
13 53
35 37
53 58
76 79
46 1
46 36
92 24
85 39
73 60
73 93
19 57
75 82
90 87
5 97
51 40
95 56
15 52
62 63
47 62
67 81
37 26
84 56
62 98
67 80
4 77
39 8
84 3
93 75
66 40
4 29
38 2
70 81
24 68
6 82
27 29
34 75
25 89
94 68
35 64
67 62
84 96
61 80
2 60
56 75
53 93
47 9
94 48
34 33
12 84
22 1
2 62
56 89
53 43
98 80
73 100
63 19
20 26
19 98
26 44
77 94
84 54
30 48
4 68
100 84
40 11
18 3
87 32
81 30
43 57
58 4
47 54
60 35
65 52
18 37
62 42
17 5
39 47
75 45
54 79
80 55
5 77
73 69
20 55
11 21
47 13
10 82
41 62
95 23
26 87
22 5
29 71
51 23
45 31
10 17
56 24
18 81
62 91
28 7
77 97
48 75
58 99
66 92
99 96
87 39
78 38
61 52
64 81
26 19
8 91
10 84
51 24
66 95
53 25
68 34
60 59
2 59
31 82
39 93
86 31
66 55
71 23
44 15
59 78
26 8
68 63
52 34
5 20
49 1
11 8
19 75
84 69
31 30
43 13
89 23
20 12
2 47
22 40
98 1
21 39
9 35
20 79
87 52
68 100
24 43
55 78
2 32
35 84
57 98
41 38
21 99
35 63
97 17
72 2
90 40
65 95
81 28
71 100
36 38
98 6
4 19
12 38
63 89
59 12
55 72
11 63
49 60
22 67
10 7
72 58
78 79
55 13
55 97
86 88
47 67
29 19
46 96
34 15
54 4
8 48
29 76
70 76
70 41
2 22
92 9
19 11
33 98
35 68
71 94
59 24
44 8
96 77
61 20
73 20
67 89
58 45
95 64
74 52
52 4
56 30
84 27
96 37
60 38
11 86
71 70
10 93
11 29
61 4
32 14
70 2
33 63
66 100
17 20
36 41
46 5
17 90
8 99
99 50
78 28
43 100
3 5
78 83
70 73
17 41
3 1
100 44
88 67
88 71
45 4
94 14
37 92
50 71
45 1
18 94
20 42
87 79
84 38
24 96
89 52
15 99
2 88
81 33
89 66
14 100
2 46
21 46
73 27
12 85
6 24
89 85
68 44
77 95
82 57
45 12
50 13
96 93
27 51
11 27
66 74
49 72
8 42
16 72
66 59
70 61
40 42
65 57
49 16
31 1
86 99
9 61
60 9
16 24
90 85
99 77
33 1
98 21
70 99
2 15
10 40
74 51
65 94
66 21
1 56
33 24
61 44
93 3
27 69
97 15
100 24
42 70
10 90
58 46
17 98
61 19
77 36
56 23
83 20
67 53
62 97
76 57
86 58
60 90
79 1
97 81
67 26
7 5
26 45
84 61
57 44
92 85
54 86
84 86
89 53
5 76
33 80
46 12
69 41
26 100
94 72
97 38
73 12
47 72
64 24
72 76
67 18
97 23
72 48
84 13
77 50
33 32
16 51
29 77
31 21
28 62
30 65
18 8
63 84
38 42
63 51
8 22
18 46
17 47
33 82
25 34
85 95
33 69
85 45
31 38
82 60
39 76
89 39
65 63
92 48
17 22
79 6
83 46
71 18
24 95
96 68
21 20
81 98
73 85
44 43
51 44
35 59
3 88
93 41
47 92
17 76
74 85
64 58
64 23
79 34
74 99
68 10
72 45
67 49
18 43
17 62
77 83
91 82
66 87
44 84
77 17
38 93
17 37
33 73
63 95
87 73
26 66
10 31
48 69
1 59
95 3
60 84
11 2
76 58
41 40
65 56
95 84
71 39
18 24
38 44
11 65
62 1
58 90
53 24
39 9
4 2
49 19
78 32
10 45
12 30
85 65
15 4
80 10
66 28
95 97
67 93
47 70
99 18
38 33
88 11
65 18
63 99
30 77
2 41
68 25
98 46
74 46
49 45
73 84
51 53
54 28
47 34
97 36
43 62
82 99
93 18
81 25
82 56
43 95
76 56
54 61
20 3
89 37
14 33
37 56
26 76
23 85
22 46
58 38
72 70
9 27
75 91
32 29
29 62
41 54
99 32
84 98
48 32
97 1
43 7
69 10
98 11
23 21
33 79
62 12
81 9
11 83
12 72
8 20
53 33
97 9
35 31
35 15
7 99
30 40
7 56
6 29
74 67
43 17
51 10
20 84
45 54
42 50
50 69
26 84
3 91
84 6
44 29
51 83
36 87
11 38
40 15
42 14
77 15
28 6
73 77
95 16
92 96
60 45
51 45
76 59
36 54
80 66
17 36
10 12
79 59
30 74
17 30
74 55
15 75
54 95
63 74
8 57
91 76
26 48
41 96
16 74
81 94
82 54
31 60
94 20
30 71
56 74
71 75
82 17
50 47
92 42
11 39
89 43
36 91
71 85
47 48
78 62
100 21
15 10
41 56
28 80
82 42
62 90
96 18
71 41
82 21
22 60
58 10
83 3
96 97
96 40
54 23
3 44
92 100
35 74
86 68
7 6
18 31
26 85
52 7
75 33
53 85
53 50
86 61
62 71
78 47
71 11
83 43
14 72
50 94
48 39
12 51
27 57
64 75
20 80
22 26
75 8
37 43
6 70
27 91
90 34
83 91
16 59
85 49
52 98
55 99
64 56
82 43
12 34
90 29
32 64
91 59
100 5
87 22
66 38
19 33
10 85
33 13
54 40
44 18
44 65
64 65
48 66
29 22
5 27
82 23
48 38
6 53
24 69
54 5
4 23
9 85
26 32
46 60
19 99
41 97
87 45
84 51
63 26
71 22
51 43
71 4
13 42
18 85
7 58
47 27
95 21
12 56
16 3
50 38
6 9
97 24
21 7
79 9
9 16
95 34
88 30
27 46
65 86
9 52
5 93
35 40
7 79
91 71
3 65
56 5
25 2
73 97
93 85
6 39
92 87
8 9
20 91
34 39
58 51
29 13
80 91
37 32
5 61
89 17
13 62
5 44
14 56
10 61
97 65
45 9
57 36
10 3
68 30
95 28
86 50
50 48
52 16
21 61
48 51
78 21
77 66
2 19
99 44
51 80
42 85
37 57
40 74
27 33
13 78
89 84
80 1
21 79
34 93
42 90
25 73
88 72
60 68
27 12
36 22
58 67
46 10
94 8
24 85
87 11
97 99
69 31
100 64
5 26
31 14
75 43
83 40
91 17
1 20
99 66
54 2
16 63
6 48
14 13
54 9
45 43
96 17
89 80
45 95
98 73
30 75
100 45
73 66
11 7
94 28
47 91
38 39
66 50
67 29
18 17
65 79
98 100
69 100
36 9
28 32
7 70
30 63
30 97
60 66
16 83
22 97
87 33
88 8
24 63
10 71
77 61
17 85
3 12
85 38
22 44
40 39
18 41
51 38
27 68
59 89
93 35
26 96
80 42
46 77
32 10
76 41
45 76
55 17
79 85
50 43
95 26
58 27
32 49
79 72
36 51
25 33
17 64
7 80
73 8
69 71
64 68
22 12
69 19
96 33
62 80
39 10
55 76
77 40
83 79
80 63
6 10
41 50
57 1
41 66
57 23
93 86
17 27
66 9
29 34
91 100
91 21
73 78
20 78
92 35
76 85
74 78
51 99
71 42
59 34
13 75
23 12
44 77
38 67
7 20
52 40
39 59
66 17
95 27
46 19
45 3
6 31
67 44
55 43
30 96
37 75
39 60
29 81
7 46
42 25
36 69
69 53
95 37
80 72
16 39
2 100
28 67
73 82
79 60
70 26
52 96
48 40
82 81
42 10
10 57
55 87
15 55
86 35
98 31
52 72
62 33
48 34
20 68
4 33
47 3
27 96
21 2
54 94
67 46
30 53
74 21
62 23
4 65
16 54
83 36
89 54
45 64
59 19
84 82
24 78
62 38
1 81
22 66
87 75
99 2
8 71
6 97
23 70
70 3
37 84
1 66
71 33
20 66
14 91
62 36
38 65
89 1
78 42
85 64
67 14
63 83
34 17
10 36
40 100
86 39
41 1
78 1
64 63
59 95
36 35
66 10
85 99
62 5
92 5
8 53
88 84
82 52
51 6
26 3
70 27
98 77
27 36
98 51
4 51
52 53
93 99
40 29
79 56
61 23
86 53
48 7
28 59
17 4
37 5
50 46
81 73
12 13
75 42
4 60
4 24
98 61
46 26
38 5
5 18
46 87
92 6
32 51
89 6
5 23
81 21
8 85
5 14
17 40
56 85
30 90
26 93
47 28
6 8
90 92
46 25
96 50
47 22
93 70
3 57
34 16
10 27
45 21
80 30
87 58
98 91
42 35
82 29
57 97
17 59
94 47
20 77
74 7
78 66
40 44
98 50
71 92
94 3
10 97
46 38
94 76
100 99
90 73
94 91
91 1
40 78
18 10
91 52
88 76
59 85
78 99
23 78
40 81
98 94
8 19
69 77
13 2
27 49
77 100
36 34
45 61
42 81
36 6
7 87
55 88
7 19
48 91
4 48
37 70
43 22
99 71
84 97
39 45
68 33
13 66
18 28
33 36
29 93
11 72
21 32
90 71
100 57
99 60
2 50
63 34
72 5
100 46
40 70
34 31
43 88
31 7
96 86
6 17
43 73
29 43
34 78
33 29
53 21
48 27
93 8
6 55
34 83
44 94
81 43
59 18
86 12
20 51
54 92
53 32
71 6
47 26
92 33
97 79
96 8
36 1
27 30
43 39
56 2
50 12
15 68
19 77
15 8
33 17
5 84
50 4
21 36
31 37
88 78
76 89
58 18
100 23
66 98
23 88
43 87
19 97
56 61
40 86
51 14
37 58
88 49
34 28
54 1
12 1
74 45
78 90
72 69
23 94
3 17
43 65
31 99
56 59
71 43
43 54
37 79
56 99
26 6
83 56
98 32
5 4
4 74
15 11
7 64
22 61
98 10
28 19
5 41
78 41
95 55
31 75
70 14
75 65
52 5
70 20
15 98
76 67
82 30
51 54
9 50
8 55
43 84
47 23
82 90
29 83
65 34
89 20
55 5
31 4
43 35
1 35
56 43
12 76
15 19
50 55
80 27
7 45
92 34
75 95
22 4
32 57
81 57
100 38
76 66
66 69
63 17
41 33
12 65
68 32
91 68
93 80
50 68
91 19
25 18
60 48
81 11
45 86
57 4
95 90
39 28
70 60
31 55
9 13
53 14
5 53
60 21
20 30
43 78
11 96
7 26
18 50
19 18
44 98
42 4
56 87
33 15
59 40
70 46
76 37
48 78
58 36
64 69
94 37
64 89
45 62
72 39
80 19
16 50
40 38
90 50
75 35
45 34
78 80
45 20
31 63
58 25
97 35
62 48
88 39
15 53
91 9
85 75
93 88
27 85
3 22
86 70
33 6
89 2
53 82
94 64
96 31
72 36
75 61
100 94
8 64
73 36
16 89
79 24
51 60
47 79
43 1
7 85
25 99
47 10
65 60
13 34
5 6
52 46
33 94
30 49
36 88
79 2
49 80
72 40
51 64
92 25
20 56
94 74
48 55
67 2
3 98
93 45
41 7
28 14
14 11
24 3
37 6
57 60
42 16
96 42
48 73
65 69
67 42
55 19
77 2
79 13
86 66
87 20
24 87
65 6
61 11
88 17
57 89
14 69
43 60
31 70
56 45
80 58
22 76
55 4
62 70
19 32
56 16
24 77
52 27
60 58
56 38
17 99
70 17
19 35
74 86
64 26
49 29
70 65
84 18
57 20
32 34
22 28
58 23
25 65
20 28
90 53
11 91
15 79
81 22
43 80
57 15
87 84
45 5
2 75
20 38
4 59
17 60
97 83
51 69
42 18
74 82
5 64
8 33
88 62
10 94
50 64
93 79
2 8
75 76
63 6
13 83
84 67
24 42
94 43
35 30
47 66
92 72
58 84
52 63
33 42
75 14
81 69
93 65
2 83
11 36
64 4
30 52
7 23
69 96
9 96
84 99
30 95
66 16
70 43
13 48
41 55
36 39
17 9
14 59
85 63
7 12
18 40
38 26
49 21
37 69
84 71
70 85
4 56
83 94
49 74
97 61
59 31
66 32
4 75
37 11
98 8
95 82
28 87
35 27
47 24
57 47
87 88
55 39
38 87
29 30
52 80
3 79
46 29
86 79
57 63
99 52
7 93
83 45
32 15
48 58
44 4
3 62
66 64
14 50
91 32
97 31
40 97
49 78
98 65
27 74
4 85
52 71
67 82
68 38
26 35
51 70
41 25
100 29
20 88
31 48
31 88
21 73
23 68
16 62
78 100
82 16
77 59
80 79
50 29
3 54
14 48
52 49
92 36
30 98
39 49
61 42
39 67
23 50
39 30
37 24
41 27
16 47
68 55
86 9
28 60
62 21
75 53
34 30
44 14
56 6
60 61
52 59
31 51
34 54
62 100
55 16
3 96
8 58
42 64
90 46
52 45
83 21
38 72
40 55
32 86
92 52
70 53
70 45
73 4
33 74
7 30
81 87
13 40
67 60
10 38
63 77
89 83
45 63
96 32
21 17
96 51
52 67
3 59
57 70
14 81
60 23
70 98
70 24
47 45
12 60
14 83
57 24
11 78
38 21
22 99
67 24
94 12
60 81
100 54
19 90
83 67
83 38
82 36
45 36
88 22
50 60
48 45
42 52
87 1
23 10
38 27
53 29
59 8
77 85
25 55
93 66
46 84
18 26
58 19
72 95
81 86
79 11
55 52
90 12
11 85
15 12
58 65
68 3
6 54
60 62
30 79
39 99
61 15
34 97
77 87
92 30
60 53
100 80
17 84
16 75
56 26
31 9
39 32
19 34
60 98
41 44
2 82
33 97
12 43
69 13
92 70
83 52
15 37
93 54
36 67
17 15
3 25
36 98
31 65
52 77
77 67
95 20
82 83
1 34
75 78
38 79
46 56
88 85
50 19
93 11
13 1
43 77
89 72
94 61
95 19
58 97
66 65
100 86
89 79
64 54
99 10
9 18
79 64
77 56
4 92
60 42
2 30
84 21
60 76
30 3
32 83
6 4
27 34
47 53
100 53
29 14
75 90
45 71
34 60
19 84
56 49
56 51
46 82
10 19
45 96
45 97
1 75
37 86
15 51
2 18
22 63
72 96
49 41
91 60
16 33
78 33
51 17
55 33
97 56
77 18
21 27
79 50
90 11
88 59
3 42
6 76
62 7
51 67
82 19
19 6
2 40
18 34
88 21
58 55
4 97
10 96
52 76
37 74
64 59
30 13
61 31
81 66
44 42
33 72
93 15
3 51
22 53
41 19
32 65
72 87
35 96
79 46
76 61
28 65
32 24
19 93
52 48
28 77
99 73
10 26
17 39
84 2
91 51
16 67
42 31
4 76
87 9
89 4
79 63
84 25
85 58
68 51
14 30
45 66
55 59
34 76
89 49
22 62
94 63
13 36
46 92
77 38
40 37
39 41
49 73
19 52
29 98
52 100
21 29
43 31
99 42
65 83
99 67
72 29
60 18
57 88
78 36
3 81
67 78
92 44
92 45
66 36
9 99
29 47
56 29
68 75
23 45
33 49
39 96
69 63
57 38
78 19
11 51
60 92
40 43
53 19
56 9
95 74
33 95
87 91
54 35
32 35
76 16
78 86
76 97
74 43
3 27
43 26
87 80
29 41
65 42
6 43
14 38
30 73
53 81
30 36
26 65
31 52
76 86
47 32
81 38
51 37
24 29
75 40
41 6
83 58
5 19
85 3
76 84
9 83
19 25
11 32
69 23
61 49
38 88
66 97
19 44
81 4
97 90
60 27
89 45
44 69
9 94
74 18
13 51
5 28
25 23
34 23
80 23
78 89
87 61
54 18
23 63
68 40
47 4
77 53
78 57
25 7
49 59
73 29
64 70
3 63
18 22
83 1
36 52
27 53
28 33
56 60
23 29
81 15
65 35
27 99
90 14
69 47
82 27
88 4
81 32
22 73
59 82
96 59
45 8
81 78
97 16
62 27
6 99
10 81
19 74
56 68
93 30
73 68
65 51
9 21
88 51
83 44
46 9
90 36
26 9
52 79
80 85
92 13
56 100
85 91
16 80
27 56
54 58
27 63
72 4
82 49
25 100
80 4
4 36
11 34
27 25
75 89
42 93
25 71
80 35
75 55
67 32
100 85
71 79
22 95
7 61
87 34
38 69
89 9
79 10
2 24
42 56
48 68
20 86
69 98
9 44
69 46
74 59
25 13
89 90
29 54
19 51
36 12
90 16
78 22
93 24
69 16
75 49
8 69
56 36
78 61
37 85
65 40
23 53
67 66
41 67
35 72
96 22
36 89
40 60
5 30
54 42
6 40
14 64
48 24
92 64
37 47
10 73
7 36
49 25
7 73
60 75
10 77
20 14
90 100
24 44
68 11
62 61
90 91
57 66
83 54
25 4
50 49
10 37
72 90
37 72
51 33
8 12
78 65
87 6
83 49
4 95
79 14
71 55
89 92
96 94
85 68
6 72
54 31
86 34
2 29
49 20
87 83
33 56
23 33
71 98
76 32
6 60
63 21
65 90
48 17
36 49
27 40
3 28
77 6
76 42
88 74
26 14
59 33
81 99
20 29
72 10
39 2
30 84
61 36
98 7
50 92
83 17
66 58
7 16
22 84
89 87
13 32
16 23
89 24
87 30
65 9
14 96
1 70
89 96
2 27
95 29
48 89
44 81
50 5
53 42
77 11
5 95
77 71
90 57
29 12
54 96
18 80
77 33
66 44
76 95
60 71
14 82
32 20
64 36
63 4
67 86
40 63
5 67
1 37
95 81
72 68
22 37
67 13
64 15
86 89
36 55
64 18
88 1
21 71
24 25
36 8
63 18
81 23
94 57
99 94
47 65
52 47
41 48
76 14
62 31
31 76
40 88
42 39
44 59
76 23
46 93
2 51
10 92
23 14
95 70
4 100
70 66
76 62
37 2
11 44
64 96
47 82
50 72
40 14
45 46
78 64
51 57
52 24
41 37
60 36
34 43
6 22
73 6
8 46
13 57
19 3
29 66
12 80
59 30
14 73
81 47
54 91
48 12
92 58
33 44
98 74
2 98
5 78
54 19
3 86
5 49
46 31
41 42
88 47
22 11
28 56
92 38
4 37
36 96
97 64
32 23
34 99
7 40
69 28
51 29
25 61
80 75
76 87
83 31
36 42
3 67
37 42
29 61
89 50
5 70
36 86
43 69
78 77
97 11
61 51
24 66
82 12
97 26
57 86
97 91
72 24
52 60
57 83
4 32
94 89
15 23
97 12
78 9
89 60
85 60
12 41
79 19
38 89
16 78
89 22
13 98
85 19
35 52
66 34
12 6
61 73
49 70
29 63
55 100
13 68
83 99
68 88
28 50
63 98
64 10
38 35
86 33
91 84
77 51
63 81
1 61
96 15
83 55
68 1
93 40
81 5
70 91
80 97
46 13
64 84
15 94
66 3
94 90
64 62
21 56
21 15
89 88
6 3
40 5
25 77
45 98
65 1
88 82
5 94
96 62
76 83
54 98
13 63
69 54
22 39
57 41
2 10
9 29
29 1
15 13
33 18
100 61
55 65
30 67
46 34
39 15
57 64
47 12
62 86
19 88
55 79
92 21
76 15
84 93
22 21
55 64
47 21
29 94
53 84
23 72
24 74
18 1
43 96
58 78
80 31
60 97
33 60
93 27
75 62
45 13
64 87
98 95
27 67
95 32
48 81
34 37
96 57
85 40
35 34
15 48
32 5
76 90
43 47
74 23
58 35
58 16
37 38
15 49
35 25
91 73
66 4
30 83
32 72
99 46
42 32
12 58
75 77
57 29
42 95
36 99
59 37
36 94
97 51
53 96
77 89
44 70
49 23
1 23
32 6
27 72
37 8
40 92
32 46
24 34
10 49
92 74
83 15
24 35
63 20
71 65
97 98
65 76
100 33
64 3
14 15
62 8
27 39
26 86
55 32
57 2
69 4
1 82
46 14
16 5
84 70
35 45
42 87
70 58
57 39
14 4
87 21
48 76
53 34
95 17
2 87
3 60
88 92
25 30
66 62
84 65
31 26
66 79
20 81
98 4
20 23
22 98
71 68
37 36
56 88
35 98
48 93
13 22
37 39
18 90
2 95
22 32
28 92
26 11
85 66
5 90
65 46
70 36
45 28
55 2
35 66
18 79
22 70
79 75
16 31
30 70
81 16
76 13
92 8
84 9
84 57
44 93
59 38
97 2
23 99
39 75
45 6
45 78
67 72
80 17
85 54
17 12
83 7
1 48
20 39
52 78
92 19
64 33
69 1
100 35
83 81
55 27
26 33
36 53
99 76
74 58
20 99
41 52
18 13
10 60
27 89
1 86
95 7
39 14
7 57
31 29
57 17
78 6
81 7
61 66
1 15
64 2
1 58
80 82
80 38
3 50
99 61
8 3
97 89
99 49
25 79
79 91
64 67
67 69
57 42
56 93
54 63
70 68
12 9
34 88
91 96
91 18
47 14
21 96
42 29
98 83
17 78
9 95
34 81
73 51
2 93
32 90
58 40
65 21
24 9
62 9
97 63
46 68
100 1
82 100
13 16
76 63
56 63
20 34
8 35
59 67
33 93
14 12
81 68
85 48
97 69
12 37
2 94
52 18
12 31
84 77
96 44
75 20
37 99
32 36
1 63
73 17
2 12
12 92
75 94
43 5
53 7
96 5
77 74
91 12
38 64
98 24
56 40
100 47
96 98
47 89
5 80
96 60
14 89
36 84
28 15
59 54
2 6
29 17
32 85
44 45
48 23
93 87
42 34
77 81
84 42
83 37
51 30
60 44
40 62
16 71
73 38
40 84
31 17
26 77
47 5
36 93
4 1
58 63
2 74
44 20
67 25
90 61
49 94
22 100
79 29
41 47
56 90
68 47
87 97
35 28
83 71
91 31
52 44
89 42
54 62
63 48
72 9
61 16
86 51
20 25
12 70
22 48
51 49
14 17
75 9
77 49
59 75
4 9
55 62
25 1
60 83
82 61
66 46
57 67
94 38
40 98
5 65
99 30
8 72
23 93
23 30
5 74
4 35
45 25
8 17
77 55
33 47
22 51
98 82
31 24
70 88
84 72
94 56
49 53
69 83
81 45
22 79
13 39
49 24
77 90
41 74
43 90
70 8
100 6
1 94
50 67
14 68
81 71
6 42
69 22
41 95
39 80
7 32
29 59
48 36
5 12
62 92
13 41
49 76
90 79
72 51
50 8
33 9
28 75
75 98
27 13
40 79
81 88
9 63
40 28
66 30
98 38
44 90
25 54
42 91
49 17
63 66
27 23
77 60
78 84
67 35
18 86
25 59
39 94
72 60
76 36
59 65
2 33
2 26
50 81
11 4
85 1
2 85
23 73
76 30
71 82
74 34
100 87
73 24
57 95
74 42
38 52
12 16
2 17
52 90
74 25
63 72
20 33
100 36
53 79
72 22
51 34
45 69
91 93
44 72
19 39
8 63
13 77
40 19
58 43
2 45
14 80
56 15
60 78
9 100
87 31
89 31
17 79
71 1
99 72
60 64
54 24
93 77
48 29
92 20
75 32
68 18
28 68
57 69
97 27
97 53
10 21
63 7
48 87
69 85
90 21
55 23
88 95
18 73
90 41
94 13
65 17
51 94
77 58
60 69
21 69
7 14
89 62
81 6
67 55
16 10
92 11
57 77
18 100
20 65
95 35
82 65
93 12
4 41
45 90
89 65
68 66
53 61
57 40
85 98
92 68
70 67
87 53
18 95
64 11
53 54
50 34
72 53
78 29
47 15
61 72
18 98
84 33
78 98
93 6
54 99
62 93
24 46
48 5
30 32
57 33
58 100
40 1
70 4
82 34
15 58
10 95
23 98
27 37
55 73
92 65
64 6
38 8
17 32
55 57
82 13
61 33
71 58
86 7
24 55
66 71
10 67
25 90
87 19
74 75
34 9
8 56
43 36
25 36
63 43
89 28
16 99
100 72
29 55
13 58
19 86
46 95
80 86
43 85
77 37
96 71
53 78
1 28
30 94
14 18
91 39
87 23
38 1
3 71
12 63
26 51
6 30
24 76
84 80
46 15
34 70
7 8
43 49
69 56
15 38
79 73
56 66
69 7
96 82
38 30
40 21
60 55
68 65
54 75
2 48
33 99
53 44
64 52
32 84
90 27
55 86
44 56
99 14
63 87
73 62
53 83
64 93
5 89
59 7
8 82
50 45
47 40
85 34
99 3
