994
4194316 666894337
4194280 918552577
4194312 155189249
4194333 935329793
8388595 377487361
4194298 918552577
33554440 167772161
67108873 469762049
4194288 918552577
67108879 469762049
16777193 754974721
8388587 897581057
4194276 918552577
4194333 113246209
4194275 138412033
4194279 943718401
4194324 985661441
4194315 163577857
4194324 985661441
4194323 985661441
4194313 155189249
67108844 469762049
4194333 138412033
4194312 985661441
8388612 897581057
4194333 985661441
4194290 683671553
16777227 754974721
4194275 683671553
4194325 104857601
4194285 683671553
4194321 943718401
4194305 985661441
8388599 880803841
4194274 230686721
4194326 163577857
4194293 683671553
16777200 754974721
4194275 985661441
16777189 754974721
8388630 377487361
4194303 666894337
4194321 943718401
8388601 998244353
4194295 683671553
8388631 998244353
4194296 918552577
4194312 155189249
4194276 104857601
4194309 155189249
4194314 138412033
8388611 897581057
4194290 163577857
4194304 683671553
67108887 469762049
67108891 469762049
8388602 897581057
4194299 985661441
16777213 754974721
4194288 918552577
4194301 163577857
4194295 104857601
8388632 897581057
16777228 754974721
4194332 138412033
16777191 754974721
8388634 645922817
4194321 163577857
33554460 167772161
4194310 113246209
4194292 666894337
4194330 138412033
4194306 230686721
4194305 985661441
8388626 645922817
8388628 377487361
4194331 104857601
8388603 377487361
4194330 985661441
4194290 683671553
4194333 230686721
4194319 163577857
8388616 880803841
4194328 666894337
4194327 985661441
4194281 163577857
4194318 935329793
4194274 230686721
67108844 469762049
8388607 897581057
4194312 113246209
4194290 155189249
8388587 880803841
4194317 138412033
4194324 104857601
8388589 595591169
33554415 167772161
4194320 985661441
8388587 897581057
4194312 138412033
4194296 155189249
4194278 113246209
4194281 155189249
8388591 645922817
8388631 595591169
4194291 935329793
8388600 897581057
8388585 897581057
8388613 645922817
4194316 104857601
4194284 113246209
8388597 998244353
8388599 645922817
4194274 104857601
8388611 645922817
8388589 897581057
8388582 998244353
4194319 104857601
8388586 595591169
4194322 415236097
4194275 138412033
16777228 754974721
4194309 666894337
8388609 998244353
8388635 880803841
8388636 377487361
4194314 155189249
4194283 935329793
4194296 943718401
33554414 167772161
4194285 155189249
67108856 469762049
4194321 666894337
8388598 880803841
8388600 897581057
8388618 595591169
4194308 918552577
4194326 415236097
4194283 104857601
16777186 754974721
4194295 935329793
16777214 754974721
8388636 595591169
4194305 683671553
67108886 469762049
4194279 104857601
16777212 754974721
4194304 943718401
8388621 645922817
4194318 113246209
4194291 104857601
4194280 155189249
4194279 155189249
4194321 155189249
4194322 138412033
67108869 469762049
4194308 230686721
8388592 998244353
33554416 167772161
4194285 230686721
4194285 943718401
4194305 163577857
16777236 754974721
4194289 163577857
4194315 943718401
8388636 880803841
4194327 113246209
33554414 167772161
67108887 469762049
4194314 683671553
4194327 935329793
4194301 230686721
4194322 943718401
4194276 415236097
4194309 113246209
4194326 683671553
8388630 645922817
4194328 104857601
8388629 897581057
8388616 377487361
8388618 595591169
4194318 113246209
4194305 935329793
8388614 998244353
4194276 666894337
8388608 897581057
4194317 230686721
8388586 645922817
16777206 754974721
4194306 918552577
4194327 935329793
33554449 167772161
8388608 880803841
8388633 998244353
8388631 998244353
4194291 683671553
4194306 415236097
8388618 645922817
4194332 918552577
4194327 943718401
4194331 415236097
4194323 683671553
8388600 897581057
4194328 230686721
4194331 163577857
4194304 138412033
4194286 138412033
4194328 155189249
67108847 469762049
4194331 138412033
4194315 683671553
4194316 104857601
4194296 230686721
4194327 935329793
4194292 155189249
4194297 683671553
8388619 880803841
4194328 683671553
4194285 138412033
4194276 113246209
67108841 469762049
8388600 998244353
4194315 415236097
4194329 918552577
4194315 104857601
67108866 469762049
8388616 645922817
4194331 918552577
16777194 754974721
33554422 167772161
4194333 230686721
4194305 918552577
4194276 415236097
4194321 935329793
4194310 155189249
4194313 155189249
4194304 666894337
4194309 918552577
4194285 415236097
8388628 897581057
4194325 985661441
8388610 897581057
4194319 683671553
4194330 918552577
4194286 104857601
4194289 163577857
8388624 897581057
4194314 683671553
8388630 595591169
67108864 469762049
4194293 155189249
67108847 469762049
8388617 880803841
8388603 897581057
4194316 138412033
4194315 104857601
8388608 897581057
4194316 138412033
8388634 645922817
4194287 935329793
4194307 104857601
8388598 645922817
4194291 104857601
67108888 469762049
8388621 645922817
4194284 138412033
8388633 377487361
4194310 155189249
4194307 163577857
33554447 167772161
4194317 163577857
4194332 113246209
4194312 163577857
8388582 880803841
4194331 985661441
4194329 935329793
8388618 595591169
4194305 155189249
33554432 167772161
4194275 985661441
8388634 998244353
8388610 377487361
4194323 415236097
33554459 167772161
8388606 897581057
4194304 985661441
4194319 138412033
4194318 666894337
8388617 897581057
4194295 935329793
8388609 998244353
4194324 918552577
8388602 897581057
4194308 155189249
8388615 645922817
8388623 595591169
33554444 167772161
8388609 645922817
4194313 985661441
16777213 754974721
4194330 666894337
8388630 645922817
4194297 935329793
4194285 230686721
33554408 167772161
4194304 138412033
8388584 595591169
4194277 104857601
4194287 918552577
4194305 943718401
4194326 943718401
4194285 415236097
8388611 595591169
4194301 155189249
4194289 918552577
8388592 880803841
4194291 935329793
4194277 230686721
8388622 645922817
8388601 645922817
16777212 754974721
4194306 943718401
4194313 683671553
4194298 666894337
4194321 155189249
8388578 377487361
4194331 163577857
67108836 469762049
4194292 415236097
4194322 985661441
8388582 880803841
4194300 935329793
4194302 415236097
33554421 167772161
8388627 897581057
4194283 943718401
4194301 666894337
33554402 167772161
8388578 998244353
4194289 918552577
67108840 469762049
4194282 163577857
8388613 998244353
67108857 469762049
4194306 113246209
8388636 595591169
8388625 880803841
4194278 918552577
4194282 666894337
4194291 163577857
8388634 998244353
67108870 469762049
4194275 943718401
8388587 377487361
33554425 167772161
8388594 595591169
4194293 985661441
8388626 645922817
8388621 880803841
16777190 754974721
4194301 985661441
8388608 998244353
4194324 104857601
67108885 469762049
4194300 138412033
4194326 230686721
4194294 985661441
4194302 415236097
4194331 155189249
4194278 104857601
67108878 469762049
8388579 880803841
4194283 163577857
16777244 754974721
67108889 469762049
4194289 943718401
4194309 415236097
8388585 998244353
4194285 935329793
4194281 230686721
4194318 666894337
8388582 377487361
4194323 230686721
4194279 230686721
4194320 230686721
8388617 897581057
4194327 683671553
4194326 666894337
33554454 167772161
67108870 469762049
8388607 998244353
4194333 104857601
8388602 645922817
8388615 645922817
4194324 415236097
4194290 683671553
8388614 998244353
4194292 138412033
4194314 683671553
4194306 113246209
8388594 645922817
8388586 377487361
4194318 104857601
4194278 683671553
4194282 104857601
33554431 167772161
4194310 935329793
8388606 377487361
4194293 943718401
4194302 985661441
4194279 918552577
33554417 167772161
4194323 155189249
4194283 415236097
4194325 104857601
4194326 138412033
4194329 918552577
8388580 377487361
8388618 645922817
4194307 138412033
8388604 595591169
8388624 377487361
4194323 230686721
4194293 163577857
4194285 113246209
4194279 985661441
8388620 377487361
4194305 163577857
4194329 415236097
33554411 167772161
4194278 666894337
16777227 754974721
4194294 666894337
33554459 167772161
4194287 415236097
67108893 469762049
8388583 377487361
4194323 155189249
8388624 880803841
33554445 167772161
4194318 415236097
8388613 998244353
4194333 163577857
8388582 897581057
4194321 155189249
4194328 155189249
4194288 683671553
4194306 918552577
67108876 469762049
4194316 230686721
4194298 943718401
33554445 167772161
8388623 998244353
4194295 113246209
8388623 897581057
4194298 230686721
4194301 104857601
8388592 897581057
16777201 754974721
4194284 138412033
4194326 918552577
4194282 415236097
8388624 998244353
4194277 985661441
8388607 880803841
67108866 469762049
8388618 998244353
4194310 138412033
4194321 415236097
4194328 985661441
8388619 897581057
4194320 935329793
4194317 113246209
4194313 415236097
4194325 935329793
4194312 113246209
4194288 935329793
8388590 645922817
8388609 645922817
8388634 645922817
4194319 666894337
16777233 754974721
4194279 155189249
4194320 163577857
33554407 167772161
4194318 683671553
8388636 880803841
67108884 469762049
4194282 935329793
33554410 167772161
4194331 683671553
8388616 645922817
4194295 415236097
4194287 113246209
4194287 230686721
4194332 415236097
4194321 138412033
33554413 167772161
4194293 985661441
4194308 415236097
4194283 155189249
16777226 754974721
4194279 935329793
4194276 163577857
4194284 985661441
4194309 163577857
4194286 415236097
4194307 666894337
4194300 985661441
4194313 935329793
16777242 754974721
8388620 595591169
67108868 469762049
4194319 918552577
67108857 469762049
4194301 683671553
8388584 880803841
67108863 469762049
4194315 138412033
4194310 104857601
8388591 880803841
8388590 377487361
8388622 880803841
4194330 155189249
4194317 155189249
8388637 998244353
8388626 998244353
4194304 104857601
4194292 138412033
8388582 595591169
33554425 167772161
4194307 155189249
67108851 469762049
4194305 155189249
8388624 595591169
67108838 469762049
8388592 880803841
4194307 163577857
4194275 935329793
4194295 918552577
67108877 469762049
4194286 683671553
4194284 415236097
4194322 104857601
4194333 415236097
4194290 918552577
67108863 469762049
67108834 469762049
67108891 469762049
8388580 377487361
33554446 167772161
8388590 377487361
4194314 683671553
4194322 113246209
4194282 415236097
16777228 754974721
8388601 998244353
4194324 985661441
4194323 138412033
8388637 897581057
67108844 469762049
4194279 683671553
8388583 880803841
4194322 985661441
4194311 138412033
33554429 167772161
4194294 230686721
67108880 469762049
4194313 985661441
16777230 754974721
33554422 167772161
4194320 415236097
33554402 167772161
4194283 163577857
4194275 918552577
4194326 985661441
4194328 163577857
4194274 935329793
8388603 880803841
4194300 230686721
4194274 163577857
8388583 377487361
4194287 113246209
8388615 377487361
8388626 897581057
4194307 683671553
4194291 163577857
4194324 935329793
8388589 377487361
8388624 998244353
4194281 683671553
4194308 985661441
16777201 754974721
4194297 163577857
4194297 935329793
4194307 943718401
4194333 138412033
16777218 754974721
4194321 113246209
4194311 943718401
8388592 880803841
8388621 880803841
4194277 683671553
8388601 880803841
4194277 138412033
4194289 935329793
8388615 880803841
4194318 138412033
67108875 469762049
4194295 230686721
33554460 167772161
4194283 113246209
8388606 880803841
8388594 880803841
8388616 897581057
4194309 113246209
16777239 754974721
8388593 897581057
4194301 138412033
8388616 998244353
4194283 113246209
4194280 230686721
8388603 645922817
8388623 897581057
8388623 998244353
4194333 683671553
16777216 754974721
8388621 880803841
4194308 683671553
4194328 104857601
8388621 595591169
4194300 943718401
4194287 138412033
8388610 897581057
8388578 377487361
4194292 666894337
4194333 415236097
4194301 918552577
4194293 113246209
8388596 645922817
4194323 415236097
67108852 469762049
16777194 754974721
4194303 163577857
4194307 666894337
4194299 155189249
4194331 666894337
4194280 113246209
4194304 683671553
16777192 754974721
16777228 754974721
4194274 943718401
4194285 683671553
16777226 754974721
8388631 377487361
8388611 897581057
4194290 918552577
4194309 935329793
8388601 880803841
4194279 138412033
4194307 155189249
4194279 918552577
4194294 113246209
8388605 595591169
8388611 998244353
4194288 155189249
4194315 943718401
67108880 469762049
4194274 666894337
4194293 415236097
33554411 167772161
4194275 113246209
8388585 880803841
8388599 645922817
4194313 918552577
4194285 666894337
4194313 935329793
4194292 683671553
4194282 155189249
4194288 935329793
4194315 943718401
4194320 918552577
8388600 645922817
4194332 415236097
4194312 683671553
4194317 683671553
4194316 918552577
8388584 377487361
8388626 897581057
4194291 163577857
8388622 377487361
4194283 138412033
8388596 645922817
8388599 645922817
8388620 645922817
8388635 595591169
8388628 595591169
4194314 666894337
4194310 230686721
4194321 230686721
8388588 897581057
8388594 377487361
4194290 666894337
4194282 935329793
8388635 880803841
4194327 113246209
16777224 754974721
4194311 138412033
4194332 163577857
8388607 645922817
4194306 415236097
8388596 880803841
16777199 754974721
4194330 113246209
8388589 998244353
4194288 138412033
16777189 754974721
16777237 754974721
4194289 113246209
4194322 415236097
4194291 935329793
4194305 985661441
4194292 104857601
8388600 897581057
8388602 998244353
4194304 230686721
33554407 167772161
4194303 918552577
4194303 918552577
67108838 469762049
8388598 377487361
16777211 754974721
8388627 998244353
4194296 113246209
4194330 104857601
4194331 985661441
4194303 155189249
67108868 469762049
4194281 113246209
4194278 138412033
16777224 754974721
4194286 918552577
8388584 998244353
4194298 230686721
4194296 163577857
16777188 754974721
4194323 985661441
4194292 943718401
67108882 469762049
8388585 377487361
8388624 377487361
8388613 998244353
4194325 985661441
4194320 104857601
4194303 163577857
4194322 985661441
4194292 666894337
4194290 163577857
8388606 880803841
4194287 935329793
4194314 104857601
4194311 155189249
8388590 595591169
8388618 595591169
4194275 113246209
4194304 138412033
8388635 377487361
4194300 943718401
4194311 943718401
4194318 415236097
4194327 163577857
33554438 167772161
8388629 998244353
8388627 880803841
67108890 469762049
8388597 897581057
67108873 469762049
4194331 163577857
4194330 155189249
4194330 666894337
4194292 935329793
8388591 377487361
4194304 230686721
8388581 897581057
4194300 985661441
8388581 897581057
8388620 645922817
67108856 469762049
4194304 230686721
8388597 377487361
4194319 104857601
8388604 880803841
67108850 469762049
4194312 943718401
4194312 666894337
4194274 163577857
4194276 666894337
33554420 167772161
8388581 880803841
4194283 113246209
4194293 138412033
4194309 138412033
8388626 998244353
4194320 985661441
4194320 935329793
67108836 469762049
8388626 897581057
4194293 163577857
33554408 167772161
4194275 415236097
16777190 754974721
4194276 943718401
8388604 377487361
4194326 985661441
4194320 113246209
4194330 683671553
67108880 469762049
4194278 415236097
33554409 167772161
8388588 880803841
8388592 377487361
4194305 918552577
4194325 683671553
33554431 167772161
8388619 880803841
4194283 683671553
4194322 943718401
8388583 897581057
4194301 415236097
4194321 415236097
4194281 935329793
4194303 985661441
4194295 230686721
8388605 645922817
4194294 415236097
4194330 683671553
8388627 998244353
67108859 469762049
8388578 595591169
4194286 935329793
4194320 230686721
4194284 935329793
4194319 104857601
8388584 377487361
4194296 666894337
67108862 469762049
4194282 138412033
67108844 469762049
4194293 943718401
8388629 645922817
4194295 104857601
4194297 104857601
33554426 167772161
4194330 163577857
4194308 935329793
4194290 985661441
33554434 167772161
4194315 666894337
4194302 163577857
4194305 985661441
8388628 880803841
16777216 754974721
4194297 163577857
8388635 595591169
4194327 415236097
4194294 155189249
33554406 167772161
4194297 113246209
8388579 377487361
8388610 645922817
33554416 167772161
67108876 469762049
8388621 595591169
33554442 167772161
4194313 113246209
4194280 666894337
4194326 666894337
4194315 415236097
8388617 880803841
4194291 943718401
4194311 113246209
4194276 163577857
4194323 666894337
4194290 155189249
4194281 666894337
4194320 415236097
4194324 935329793
4194314 985661441
4194301 943718401
4194287 155189249
8388634 645922817
4194296 666894337
4194328 155189249
8388607 645922817
4194278 113246209
67108889 469762049
8388599 595591169
4194308 666894337
4194324 163577857
16777193 754974721
8388604 377487361
4194283 113246209
8388598 595591169
4194302 666894337
67108858 469762049
4194297 918552577
4194312 683671553
4194282 666894337
4194280 104857601
8388604 595591169
4194280 138412033
4194275 918552577
8388622 998244353
8388632 377487361
33554459 167772161
8388581 595591169
67108852 469762049
4194307 943718401
8388625 595591169
8388580 377487361
4194325 943718401
4194277 138412033
8388588 998244353
4194304 163577857
8388605 595591169
4194291 163577857
8388580 377487361
4194323 155189249
4194325 155189249
4194299 163577857
8388607 377487361
8388626 998244353
8388630 377487361
4194308 918552577
4194301 155189249
4194322 683671553
4194285 918552577
4194318 230686721
4194332 113246209
8388636 998244353
16777227 754974721
33554419 167772161
4194321 163577857
67108880 469762049
8388618 595591169
8388610 880803841
4194320 155189249
4194305 415236097
4194329 138412033
4194331 683671553
4194307 163577857
4194330 935329793
8388590 645922817
4194316 138412033
4194306 943718401
8388605 897581057
4194291 138412033
4194288 113246209
4194279 138412033
4194319 935329793
4194307 943718401
67108882 469762049
4194279 163577857
4194305 985661441
4194297 683671553
67108879 469762049
33554450 167772161
67108851 469762049
8388633 897581057
4194327 985661441
4194298 683671553
4194327 918552577
4194312 104857601
4194303 985661441
8388603 897581057
33554415 167772161
16777203 754974721
8388608 998244353
4194279 104857601
8388582 998244353
4194323 415236097
4194316 935329793
4194294 155189249
4194293 918552577
8388601 880803841
4194283 935329793
4194290 918552577
16777211 754974721
8388606 595591169
8388579 880803841
4194312 918552577
16777240 754974721
8388587 880803841
4194283 935329793
