995
473520694 253280371
22412872 929281537
950641840 14679733
974033464 510534119
216359549 710310509
607409000 912859463
123268115 269509013
369577644 955475207
961960462 272426857
366909797 140652737
463288301 580056209
385520799 726915271
217330300 705991301
455539594 191341603
409426556 438248177
650745638 893547583
764359227 24879367
221442383 309830483
886812763 912961703
282747849 391513999
319854741 15084911
516501510 54155159
63955748 299427269
441901355 155496221
213785394 655541671
378276018 100605053
106628667 958841029
865276701 97900769
249634774 627213277
370710013 919470767
681085199 36386549
578695241 269089477
255773715 732410411
339950218 162832889
599489172 945096797
47061665 623528999
472526193 898129021
831141226 146625707
603848080 802077691
947118101 337612439
505431706 118654099
578291977 225560537
283771771 985096009
542921987 233833811
261032148 299574559
973688307 597019883
490250864 838904153
209835331 74031703
253368068 897131449
398231464 961048091
782752951 641707481
745591922 197660789
153642768 329971969
691822268 630309499
309194726 706283737
657826892 516559777
890532618 739744711
361872933 982792243
886320351 627841091
405353264 959124317
774801940 609155429
293652211 178751119
799001703 53830201
178990165 929819581
198984916 468077917
543515432 838859167
230795146 4065059
409320021 329054171
846131033 72878759
193772033 923099041
510187519 546593923
60564275 83875031
68251688 106617359
105920940 356227493
284580924 367710347
6695985 123827897
778228915 425834009
572660450 944862889
393201397 856994209
336981809 518410201
196385021 667661053
864348442 966961
364556172 682693163
990899449 924924073
944772509 779645231
883817099 121930019
308629270 674592053
614483064 156800551
226981876 201670867
636430326 819053173
933905399 970758121
495273013 781491301
891908719 636548291
285978776 226647679
444026154 141101033
556809465 409037087
639478003 544219913
628594406 762357397
864427527 656891233
922623014 385445597
311824332 85341889
260749975 496786561
257180135 390560297
223370859 543244103
970648738 560562787
172833924 522560449
618536164 520368347
109998295 344457103
826989295 11949671
345569028 823993141
196296019 405488477
370293926 403132357
684060746 615242713
964799707 704805271
110071300 607766339
347538888 201857749
800888474 955255817
603053789 95381773
40368529 622592687
554224870 696161969
261515517 114082589
138243972 684983879
106568521 480898087
939415719 469333321
643693708 6845177
913719537 703085401
74240123 590801353
310501463 196761101
962728786 908274581
408934793 899793563
84733388 460563863
495807766 22142023
614064244 123667967
46183949 664714949
64302973 857893319
228700800 518591923
538708984 416910653
490332670 422218169
997047574 364972063
985650994 525176761
717621249 96066703
802882837 841896721
164149699 583411177
743381871 355302179
267649215 820841423
761474160 986459069
442424637 992208377
468762772 98236049
942537389 862066291
210016165 423097679
489142240 490843651
309272695 572801191
123257614 391625881
259354780 459734501
669311898 208714621
484101634 669616483
476443570 39720911
517981848 561568661
644987914 195192083
722401071 229245383
28464458 545390707
588389559 837447049
137474784 554066977
56448303 928613717
172754142 838498109
921684567 146068079
838784123 801928873
600404056 174867313
425626651 226441217
984963412 33890413
3751559 497118857
869371622 555109397
506361492 660607793
734277278 417424729
311698813 796256303
421960528 326295199
877780220 32226787
629351395 500234597
729543853 154100533
695009701 455718191
993930456 734332283
571420990 985095581
191324981 16568281
369466089 829754129
100300533 813813827
85592520 906845783
34476534 347778517
140631469 768331723
81257168 867496109
450136994 304295711
821272155 755748893
363156379 319181257
287031465 587122567
728393231 158762683
171071973 736431511
466808213 731683261
905905362 327761341
720448074 541167607
753997202 195410519
799514874 606925213
812022351 784256149
877546892 544621687
320517420 311521367
44813952 316024481
684262647 550339379
88774720 102342217
392908918 128778829
431313537 78530849
267848769 598674841
776051834 305131223
762940784 268437383
945232439 401899273
316144207 360547423
417475468 342212909
852522695 717064657
383439528 981451129
662090639 761107999
923743445 781211027
874086499 929974763
277758407 131526181
313314759 609199531
401681444 82661167
965881527 750724771
561720179 928268611
219659528 59796889
949698765 49125311
557298267 33440777
723824059 958987501
74084726 780333311
612520671 878810609
668296184 180715883
233199785 915934247
686840379 132665189
387310301 847969021
467287443 822724549
806074898 265102511
800735160 22924511
175255242 547542101
378239718 48095339
750408438 704941163
410560750 832004081
460590479 782364211
397795123 496836413
578672689 45689447
894976764 627855461
310712576 235145759
459262418 234714343
663338739 362277079
783002039 33997619
984974871 96659089
947014990 100571753
6386891 884953211
520785441 310601801
776420164 937640507
657838391 981472511
158546553 368798359
435417334 120016661
628234116 403669601
516906265 210855791
164142873 12755683
838284897 729327661
245567080 613673491
634763199 930594443
571671385 508463317
752818183 728860309
350049553 183527207
320162176 645935813
194390603 300108989
615184509 716339861
959267715 372272321
79460866 661630283
967400030 869908187
136012192 793227467
371898629 863907617
91193322 48540887
914263070 88247363
355797936 424095289
418332685 245563489
931371445 492769481
846604465 635736653
374842978 573687403
832838280 131377769
961393094 553674311
659959016 295239407
907345335 242613751
351457407 63822371
764778774 870542609
682380561 797989579
661864035 819505607
109951699 29991337
394652543 950653021
453459150 684167027
122773526 931644191
467244543 414789149
737978402 651102563
878869873 695753453
623801249 310351189
937683129 409385147
669250596 377317861
260884643 606866321
345661543 899568779
15929483 827789779
481010166 701049677
414027294 113603513
727714524 161387089
612227949 598582769
487093556 792198881
485909237 439046527
872081539 940852193
312663847 815275243
190040202 765488527
576828239 619653673
28737819 508590517
661706580 943579009
544641825 201094897
253154964 554477167
946328268 379371331
203591829 752313031
679010153 940710301
413479698 380606299
399465337 926311273
415028428 467174119
74955325 811375177
776243930 754443929
382843778 688525307
519762359 328863641
915975046 897898301
444155208 515163553
970179331 117164767
872588071 41230639
785975116 358459813
564675371 163019371
611269214 182020847
289174579 374506901
61348095 586097857
319515943 337345597
40556015 320584469
427924900 522073351
355705416 907076869
618265762 214600819
78070996 170265737
41890458 158285843
524212538 567010657
377137103 659442887
916891974 692411033
819466252 827365723
821290609 527285153
684619620 820464263
388099982 979253047
751595633 221039879
366065851 725871841
716077894 545610293
537553984 837603803
782554526 33568207
382620779 96094589
480368119 992757509
730571612 545383561
245479657 735097261
29701558 283131551
450534611 747695491
117027973 737717257
789383283 843781843
612872982 22621933
619206322 76214239
815490242 225714331
986612620 253709861
849018873 761435707
881622781 857813399
196557788 996937439
719327181 255850369
981302433 672872227
170305176 187104209
478989729 933803531
112173133 175879243
54049182 877577761
993049749 877736737
747447317 136147267
922896063 883938233
627699895 362621143
260451822 273609257
30087484 46740203
573115910 855697861
414464419 966848359
413280559 25195747
236819964 545044517
581031173 603898517
991062191 253276003
585399621 315473203
189758331 771579959
554463112 349933099
472556018 124096337
319196217 866480003
753561996 691122143
390621053 576223073
952869023 8545279
139940805 619402733
91818809 575966159
116936054 303000077
686784360 513031817
440174255 872460557
738257327 386352847
949823212 923497741
760465516 93362327
914216615 642691801
847034540 945339503
683481031 654687101
592056396 330525527
854218833 379257311
914405583 236338439
642569781 997418089
37175633 856284461
463951786 482372279
304572746 317082377
751066114 152491043
782974097 80641987
270174939 424984643
892296259 887179841
754222264 635991847
351143309 210006149
982218469 330798161
670625044 813753349
914541762 10647557
555226181 993469111
718235369 42758321
867367964 53424611
615002241 525386129
872460129 361273469
347845437 651699721
873532801 102785471
828481490 731519279
901121456 937685071
60820385 849444751
955060022 424341377
6623546 92754173
114120225 192214709
770966842 263596841
390075009 557580301
142821150 767668697
852982768 202679273
158310561 760291549
641428361 346125173
108633062 892284433
266100663 736480057
611036958 5922883
713420088 122824057
397050877 780699103
91295871 225064417
778541093 748089101
635890201 679202059
836418771 129934477
134049453 656884223
547557327 233848397
748245203 359553037
137781795 237043799
175605473 243191197
467203283 157882789
536036900 422806333
833759749 480139867
455178737 296923117
735140754 522301921
171782625 67991321
142790233 25831303
886279072 163745801
127651729 804267601
308745838 529749001
341277192 651439021
528492713 839103329
176698822 468104453
107837993 628699739
679564622 140829461
486128215 507425543
681734947 481679413
220152969 176224691
542087664 836657999
567693519 157908089
906874038 717839641
776018797 718080821
188527411 660446543
209746829 966747829
599118105 249038063
800809225 853514993
297292511 202480651
488942593 643510193
349807173 780004399
953001090 147894247
941588480 924101183
41222790 165873497
566910276 502565771
756954527 266171963
204806820 565507273
368893292 183341707
175206642 703254583
289925004 202915891
980290465 296908613
632119857 441784127
913745625 108213311
960633389 142784021
242377466 711419273
558974605 808567789
133623734 954951947
985043555 964424917
872963986 410036167
325914429 533468203
416262350 899693437
636105968 109510301
100375205 910621241
869362659 804399703
606900401 446639077
980217002 450140891
326504584 567460147
36868845 161651461
327184540 353862053
825049354 571416227
443076938 674838623
781827807 276726551
168397993 966677119
13977131 734932309
574876694 261499643
18526429 895382489
909856137 33128897
745557087 12916069
609757168 360080209
60855854 168624919
407153487 484249501
95033297 745567447
961273213 948701119
923787013 935424211
904071377 113779063
432743511 594849707
461091906 431682851
533607769 681106759
874417321 323550691
965233415 679147097
246363793 694092143
850306964 975807227
253698283 781966501
74216150 586676639
367839631 210016451
862115387 957411031
900401618 603848207
695945359 831633067
994106330 23189923
715151837 291461293
29911900 525426287
739571969 633230561
776815974 6283177
76145630 62860477
788012319 190998109
241331731 186860381
741700424 382254997
757890579 790320833
267170694 105931237
577521521 477551101
49098579 901240309
675619999 417535903
351307762 222037577
6350965 780198641
793323033 189176681
524228639 450800353
904667991 169497893
959401179 304211473
500396652 264748079
816569778 713705093
24813059 19051079
99412701 858513449
652772297 100038011
895192019 497355389
126536778 759776789
466540919 253267753
775655954 783575279
439288179 121636553
599674085 348750277
957611261 50017549
425697397 206411651
771827666 499028851
261612219 436495237
101560643 429220751
99078758 840537319
958122087 577426211
996097121 18066467
517915194 782989237
460606136 909398579
38797562 420791687
677993025 396333997
653752571 81713063
441641160 55777873
765130679 586297769
832156931 521366143
328227451 672311543
557257299 634354379
911140262 545421859
1950722 589473061
50654805 445820131
63838197 103688551
527368460 924766343
538415050 860707453
36400163 861721057
14701624 506334727
734708652 332489441
577090655 551514181
972598446 638806759
111684014 857240563
971070116 883177499
148955841 39752201
654066121 442658569
693268460 717781853
277091082 832522331
657521528 811043833
410952965 986851937
532759114 469355321
142820631 7046201
168985808 163978453
258401768 904714523
758595735 337714567
262781910 464221283
195952004 304573609
529451608 512273063
892935849 735007139
48272895 412733311
104143333 903438713
434728981 206769527
6035193 725622763
175415946 101146531
608942097 140329349
747991422 167550473
414490460 684252911
440462051 768458771
755515991 938733899
658321792 300442903
465340541 11071961
25708614 631127219
113020229 639404189
142947502 248951323
743332813 573810761
283006166 901824239
921795713 898916987
307869927 869802421
784129719 954270283
102448710 404271401
647897745 817879031
346932418 63636031
232701868 703765399
458825431 341731937
889727004 818174867
987109525 153121951
841706007 429798989
36504880 665922791
458313841 426690661
183245036 573001483
986629623 639847601
958060029 474685837
701686042 835397131
659763667 618561803
388029358 67169257
385370813 175388203
996802432 584960969
362086894 12214051
608165561 234718699
440819413 359175281
996290272 983833619
904532106 613912603
653108478 134508109
88977404 680373307
369700445 704894599
493327583 657145261
581282720 591798943
233064858 533418817
119122771 732802457
375359746 123704309
639340016 941569907
49744071 150619589
409139942 872435251
750662314 507564773
370340164 701552323
529813013 733513621
878992995 78586229
231841854 226655399
156628107 917188817
948503285 40010213
573020853 699988577
146766388 762520663
470937296 615426127
848317934 382589773
935505604 782914241
316848585 971102947
940182812 114691273
132031425 913599821
394637989 126076399
343882881 680900963
103782896 348212437
473625619 778263011
443452040 771057949
399141968 321728203
269214547 94384949
379626990 443776273
829587897 326505379
216286741 606077023
345584201 11072221
950884791 254055187
51133852 655307557
876581508 636240811
350669242 99587951
17151027 284553029
488158828 590104477
645061012 118767911
370646315 733340737
389166710 118822369
804431431 268455169
38236182 992950141
122807844 288446407
11937805 32220817
457813295 212310667
825693867 188517503
805438433 632851907
788016618 817702777
704570448 905120683
419124639 771005321
188809738 228778139
98143915 346027609
810720655 856136053
562800212 439530341
206528572 339858037
621707514 673874791
164618756 58330799
703153865 775355719
320912704 259797619
593138318 404429381
199487689 657409387
825973027 509606723
166766799 802888861
965978919 723095759
179787880 116388619
788499407 701744957
644451972 876615167
408106676 40232971
273722716 57034843
455835597 276782417
19124515 69424087
596949502 590954339
711466602 952514363
771257886 720972937
116427137 251506043
569886570 661551641
499704756 640097477
645230634 152011661
992381138 630848489
496971117 843272711
626489806 24588407
135782578 720093067
954277966 868129747
871429146 684712151
381859465 298786751
899621924 116735393
889700788 804854173
816750057 701742707
639151698 323989657
740605535 352394789
754764583 674503897
453166248 938287781
446790192 31541893
491679198 570450823
424523759 82031891
78712477 676629673
209521931 996448153
591886903 458348383
1268939 887981533
689174580 970214587
191619651 769240553
576712481 272786099
484447203 621228791
377442553 987661111
319568843 153205747
488073301 840592069
137142061 327971009
416017087 828199657
16541851 970943537
947220681 990995377
626229630 701388341
409348112 783147971
507297754 307327729
710848415 774379457
884845330 306323179
773270969 520535453
151722461 310648159
209991554 248441269
685653424 579397391
30599805 5893859
545723433 607268293
727277201 62975881
840378463 639080003
888794364 709497883
142782796 49850701
51684765 365819537
108033755 199672763
667332522 529501523
177108510 509356217
673786404 968068063
365193996 367184387
956213530 472835347
976603266 357871541
628336769 732400351
147533829 950507809
995180419 6535549
679120842 249082957
566020224 617534627
800185703 133473187
974669627 508125473
779913676 401267621
928909090 251093597
65413510 256924747
716824214 293937283
230542699 587002349
477568911 700849483
676176720 793970819
632551239 648367847
243873320 593754697
600591509 878477221
444629111 221300921
611574954 617263567
25434702 256860767
936511975 909229579
380050340 588288053
47945553 424317007
665793662 436306813
316972614 887864177
110200344 624875513
510046091 741240937
657683725 277709879
265926082 249380359
143285668 690782611
213010940 797639611
729844653 36026339
639505395 141483179
117707129 411750589
709760312 985781471
685904413 302802443
948580134 217955299
791211265 25258879
817122787 435513641
993555987 742789337
997653078 85300297
764543471 637819159
565489850 341617789
149891849 449037319
895875829 871922411
552762693 231057889
245414093 260284237
926321581 643577327
27055343 769931783
399937468 180341647
785236594 669229843
345594725 498383761
571956911 593041727
426858677 843614461
660767843 893982119
417276045 908298329
544607724 136826759
307859952 813700367
321076839 694334401
711412609 906607783
661783051 429892637
714362650 826009259
451248953 130155673
169505143 634119263
97187026 611945251
455988686 436142039
307651859 657280567
312948808 703693979
853573544 550442891
72102882 811833787
868358479 153544229
398653481 719934923
746078985 273862177
174859967 448535911
741957453 543142049
801616764 337787237
699284463 408730571
920792960 273763619
870011043 803319493
588056984 766434143
590897640 161048561
916385878 226455473
974078529 403767583
415770892 27239063
226932020 311709163
70063515 629352487
96238880 922331503
919920370 228491693
336863537 672626861
738457771 488369561
804239705 466287863
925996968 896993957
25457065 667803403
289466532 331769441
821554150 21917699
977687678 210680053
908881136 251549491
307462281 644939543
95555222 564643087
635546599 130426151
709976317 795280333
890332739 408252617
280680755 953751103
385910304 139621871
542388408 52048769
951068352 171309499
231260907 659584969
165374450 784207447
732340877 639491603
201660895 751719901
325980079 863013259
320407838 491704399
622631243 88650011
180254006 908937499
448498902 36472159
801558233 998810851
786081317 173347919
368735696 851749739
614994207 406047071
47004434 50596621
451270498 971508767
762834726 866829697
517228011 386261893
127450640 796641431
380222538 893649593
247848831 420787181
857842440 939773281
350877641 747546889
974873490 571116619
42516898 539564219
162079489 545348329
217632684 270394031
573813265 372902581
616153501 923653657
158592707 142820749
488329097 296601259
858899188 749255851
567469802 649300199
731314532 504026741
91834248 770635081
632931581 219766801
746555169 449484397
675574475 623096039
443198375 757281397
53883275 804628831
953128430 132209417
687405934 250107331
270910985 36506179
889556100 710554561
299951247 281493551
955315083 188957759
72770931 125805271
646813666 280022221
991841625 322725827
609124840 233134177
415400282 630975973
760335515 449060629
222445781 346552897
826916844 204127961
427102620 318730583
683067511 995162059
562022868 333820561
473731863 212195689
561839672 807876697
799334242 897989219
758373023 103166243
626297415 635018543
512824026 30985541
312342547 823708877
664340285 51112673
540031690 276972869
782481367 270945373
132759362 394723859
839344613 354611149
177165388 789442649
125521534 63867257
581709090 174187843
302717333 641330947
908317957 10000819
118967032 700394117
187162838 247097117
124631346 676232119
663178790 236240413
736313061 764059999
116474047 654497083
451689983 716156633
909894830 598964089
265374008 117766381
211933267 278991341
811391660 770346817
348096341 521789309
432673311 278597897
623179755 560281517
414728372 128988661
380171243 190444547
