996
10 663637729
13 176192587
13 492543617
20 422088187
9 387895903
2 526282189
9 241515523
18 360333781
12 557774411
1 498019261
2 962072827
4 772702837
18 348214799
22 173754019
8 468869771
8 793364519
8 542380567
21 744918899
2 417325171
20 35286947
6 308455663
13 961473847
18 578561363
15 127078481
6 460224563
22 459513421
15 187988923
7 982924699
1 230587349
25 912440509
4 419391373
22 321595117
24 25490383
13 671184233
17 293813053
2 552120251
12 105380893
2 620409953
19 802086997
24 459631253
1 424894733
9 596117033
24 604704223
23 304045037
2 84364109
3 753546841
24 614069977
9 136219247
14 996478591
14 277586399
23 651516839
6 219088427
14 416997829
19 417909599
19 25973471
21 980566949
2 883291501
2 933901303
15 321349253
21 547415563
9 669847357
22 663866443
10 246469411
6 569478011
11 999572929
25 767861779
2 267913517
11 466791709
24 602927261
16 586123
21 349593341
20 506880679
18 65544749
11 696929117
16 910486103
3 841143383
3 651388109
9 570834623
18 222199591
21 503637791
7 195003863
7 597701179
16 780410363
11 247670503
17 665486957
14 247111339
6 55757729
3 731082907
3 963213497
20 464943419
23 774712801
3 328846799
20 629584471
10 858770603
5 746806331
11 208411331
11 236775373
17 746567957
2 60832991
9 354354269
23 333142519
5 171557173
8 4094239
6 798160091
22 253757807
25 134207977
11 944802203
15 234798563
24 741568187
18 704613047
7 151458191
21 900420239
6 160232269
14 518527721
15 240315121
7 72292613
22 354865723
7 547292309
8 119069407
25 846492827
20 117019649
23 130351967
7 904720591
3 332922209
8 146707789
23 181675607
17 662185609
2 281166923
18 763348907
13 181006897
7 677494943
24 367504693
19 180242879
21 798390209
19 372703693
24 803858849
13 425187079
19 600700187
18 113057027
18 306341951
13 320809427
20 545196479
3 127438621
24 283321993
9 773426447
7 880711849
6 639146633
4 41641427
22 148747243
5 468062171
2 820691401
17 595000877
20 498281587
1 252910793
17 676357663
25 628470169
11 49134977
7 1972169
1 917992769
19 673725253
10 64539407
14 208726741
12 686641049
12 180191567
11 351207287
15 281225129
3 441343333
22 193843943
3 969326203
22 443252813
15 2179297
9 922909103
24 682811803
16 751993433
25 887856341
6 202388839
21 486893359
15 410328689
7 82856651
2 201695363
17 347887231
6 224020217
4 24240583
22 120631403
12 904133939
18 506479433
15 397370621
11 852912913
21 91780477
8 110501201
13 926823577
4 110583049
23 947025049
13 294928981
3 736815323
15 615784181
22 445018403
6 401297191
8 516756271
2 102977419
16 970453699
16 138186193
23 635178319
19 62084977
6 981033871
13 329102843
1 241716887
9 189213257
1 311923237
7 675385699
2 135125719
19 775156589
15 146867639
9 679329659
16 361598981
5 865345967
4 721299889
16 228150437
11 832377437
14 914932093
12 962480501
16 254441101
15 600719593
16 942307207
18 35581219
5 909751397
23 74401991
2 615011063
19 69562027
17 636063683
1 963406091
15 373719553
10 143418151
13 503189821
12 765960907
11 695274641
14 946657303
12 561406259
21 2895377
10 59022059
3 966707923
9 405773957
20 569180023
16 731141387
9 916488029
24 862732181
25 673591273
2 317235407
8 800486573
6 976780907
24 98736881
2 11063959
16 906244777
16 417451469
23 104272939
21 618619349
25 886159451
10 278519807
1 635949341
20 943637789
15 90139513
10 155129209
20 764582677
25 729971531
21 39323611
23 138513839
15 649807531
12 950555167
3 327463781
7 824224273
3 496277671
13 699698011
16 608236781
1 429312727
3 493507153
19 1104589
19 464956117
16 606398731
20 811075921
8 778533697
21 983096197
21 723155317
20 882454057
9 535633121
23 714433249
11 688524589
21 744892997
14 948072173
9 447902237
25 289297871
19 667384741
12 10142189
18 539566171
10 739056649
19 619829227
15 953572447
25 79830979
9 182096363
16 874127497
25 386453861
10 715617139
13 304493279
18 213405089
2 771529211
15 992661511
16 515118151
3 357022397
14 290849627
15 776861887
4 581196589
19 350003341
13 123440509
22 719171041
10 803080381
6 49569959
24 193472969
2 704353361
4 224933873
3 852393881
15 456397001
12 250755643
17 400444511
24 688803901
8 422980319
9 696417433
18 309129529
10 925350581
19 871903919
11 965694053
1 193536971
19 943336957
14 253085549
17 637967119
1 646918381
19 184382621
23 987469019
15 947165977
15 501734069
10 495042173
20 935560877
7 63666517
18 263434909
8 414019079
1 658253021
17 586769341
12 389075989
24 566824337
23 42009853
5 410950301
15 96365611
1 681181933
10 714228863
15 580667447
20 6037621
24 287308649
11 492550631
24 166554373
10 549237433
24 192014869
22 87070811
3 17814899
14 75844403
24 147436021
1 92893093
1 942029173
11 883772689
20 521437309
7 155768923
25 959225389
6 250933637
6 208116437
18 86774257
2 941511553
17 594549829
12 740959039
20 692857723
22 56067863
24 72139141
24 730073359
20 126512987
16 576969047
17 24894923
3 581005573
24 859956961
5 80167051
13 773066209
20 483627671
24 849354071
8 739409071
17 839907953
1 857792773
10 338123717
13 439207007
10 759492061
23 366432169
20 247019527
13 702648173
7 168774301
21 957937663
9 552294577
21 206830229
8 165729143
6 334150391
10 911080349
10 15591551
2 114919963
11 557702191
11 98213683
16 923071309
5 618145733
24 203229991
10 284320511
10 527205611
15 132440549
4 962582497
12 821187749
23 1374101
9 63513209
15 343044203
9 707778469
10 907751203
25 342871103
14 591634613
8 673778279
24 981038777
4 441788651
2 30438581
11 923910191
3 177446977
21 57371477
5 564810209
16 722321087
1 798601339
22 651938951
6 939585457
6 594671227
1 156909041
8 960096953
10 982515991
11 297053093
9 974833597
24 816141563
10 7848259
12 461003681
12 614740097
22 597421163
1 788310421
19 61123591
18 476107787
18 906141617
20 489393691
5 545024489
12 847138109
21 78341429
23 386791901
19 342565607
25 554351387
22 333627407
21 196461959
3 897216941
3 264845107
8 860494087
3 15378371
10 436862743
19 466841747
1 95969227
4 165611959
25 806691917
22 645038489
21 450144767
13 272295809
10 412468019
24 11982703
1 163327037
19 692298163
1 522655907
4 8908063
3 891659191
9 374939503
21 91677281
25 785327987
12 755266339
1 315747277
21 554479249
4 621093719
10 927174329
10 660353591
21 178943837
3 54647491
8 800268589
12 589609303
25 154001843
10 814856659
5 666348679
23 153536239
5 240213469
23 372928753
17 5450441
12 652510349
10 695677699
17 292449541
10 320732441
2 705737033
3 71632493
1 644606603
4 960859967
11 93283829
11 617787683
9 895734143
5 414012043
9 284376661
9 313649429
25 279983267
9 803228999
16 690559031
23 449197241
9 354508961
4 886353067
15 882295307
9 710681737
8 201751181
16 52568657
2 803627437
6 767266081
12 354172433
23 389078203
11 69969469
6 572246513
7 673066109
16 152233931
4 606371803
21 48478511
12 678638293
13 972481457
16 385828741
15 556787003
16 479368627
12 618847169
17 92007673
25 207667657
10 123693643
8 778079189
11 979377671
2 522493009
1 921788011
25 573934391
21 27399989
4 139255057
8 193156099
16 208085833
10 775750361
21 400771747
23 203328263
8 117787141
24 541597333
19 300929773
25 397471909
2 168200471
22 361656637
7 448889087
16 62922011
12 198163087
11 84800473
4 24346547
23 942787981
17 694090759
24 145083371
24 782258989
25 513507881
23 87617429
9 366005051
20 786825913
18 670463467
18 514557713
17 992633773
20 828410929
16 255064267
1 95788741
25 417842143
5 517812319
7 14992781
9 440291809
15 962884421
17 46892017
8 541676021
12 763324957
1 268776073
17 753444793
16 599248553
21 860492407
14 102446657
1 204238751
19 938337217
16 62661451
9 919859543
19 571574203
18 565008211
12 617627137
6 941489873
10 12205121
18 271367113
15 26019793
3 375071861
3 809867263
16 26700811
15 80046019
15 24816161
10 352284971
9 508761481
22 446962037
8 212046193
6 437792521
13 428548697
12 695105251
14 853219837
13 909089543
6 313994563
23 13288027
21 223096583
25 788155829
10 726531103
11 364853701
1 665344783
22 324044879
9 370628779
23 554559983
4 216624493
17 664825471
5 499073593
24 237697403
22 64214057
3 227265013
25 823541471
25 80424193
10 401795293
6 57030319
15 72363311
1 364755089
22 478112681
3 623651491
24 827126869
24 510266093
8 699120803
11 420590207
20 807180463
17 154580819
9 836743967
10 543193087
2 366546547
20 456408839
4 876928069
7 770986063
7 820831969
2 865826483
14 20846653
7 512142643
2 200483519
4 620092777
9 342478973
15 690897433
19 311722211
22 317208607
1 437010397
18 99158711
9 732001099
4 569705503
2 772465381
20 112548983
12 639466687
14 289967131
18 596659571
15 403131877
13 520749503
24 6100561
15 663235159
10 7605229
8 617832307
3 704380541
9 808902949
22 239799559
16 740746099
19 117105419
24 756475319
20 776452393
6 356171507
3 38661509
1 582937321
23 643160471
13 674567147
20 55256381
17 28422101
8 37914659
10 785263783
14 918992759
17 62601967
12 46158533
6 97836259
25 673551163
10 195829363
18 972721049
4 573678979
4 375568129
16 165222263
5 283340347
19 587339759
19 743592853
14 685281349
10 920509309
7 390059597
21 526814557
18 449392519
7 816720829
19 376006991
25 114383501
11 491464187
12 260248973
10 166273097
20 612441943
15 905689061
13 905882567
6 26153357
8 901140791
13 402697619
6 619748111
13 101309497
2 166596137
17 172810723
21 933527509
24 467272093
9 621335101
14 419077819
6 600095497
14 517529161
2 190671599
13 530105489
24 962908061
11 662643431
4 268820239
17 542939707
13 726888661
13 528898163
12 620387447
19 906570517
9 792200413
19 749822921
5 829882951
23 94886563
14 185499803
6 162059207
25 669308609
17 147487511
19 963806069
10 838160633
7 521243461
20 211351073
15 472936253
7 415528493
10 615362887
16 721454029
10 563781131
13 110309509
13 101968211
11 693685367
14 171656759
22 277673023
10 842756627
7 603444197
22 763428229
9 562186237
3 804014021
16 130293029
19 141877711
13 769879003
6 782696443
22 47558737
6 150809179
23 178420019
21 238063039
11 338574811
11 611248733
25 150683153
25 870756547
3 606632669
14 790892909
17 624675473
6 751454063
4 423510653
1 182236217
15 597091783
17 765627281
2 717869069
7 811142677
8 480574609
22 898012013
9 279679649
21 751302863
1 357219439
19 328474283
5 803377103
5 577046689
1 553171063
19 807011357
1 552912443
6 950521657
8 918947297
24 629115587
3 351096923
14 507079879
22 239175179
15 923614693
22 91225483
19 423872699
8 193081831
23 421869593
2 836924729
13 420730577
2 393512467
10 999022201
12 161217521
4 916529179
7 496492949
23 213926099
2 581263853
21 52648919
11 242258111
6 538534091
12 437087081
23 85680643
1 387948851
3 100937237
5 102303547
25 863457121
2 901267967
7 193570301
20 447767647
13 541342649
3 350657413
18 749562637
15 15467479
24 326711743
18 263741251
6 546098227
15 108446603
9 82010497
22 77203261
21 109440311
25 683371957
21 573858253
6 101365811
21 322626839
6 201896293
10 637638817
22 211501909
23 125531941
18 167852497
13 621039179
13 973613603
4 931306447
21 16689259
5 642136249
12 191503331
11 177292523
10 271744493
23 271558369
21 584342279
12 59845783
23 957135679
9 678419821
3 543205721
9 502781827
5 994598963
24 6417263
10 835465457
10 930737723
15 847516517
23 316947373
5 553517267
25 373722079
23 475569007
21 408991783
9 824048261
19 2706637
20 103827043
25 871757267
22 855647257
19 693058997
1 958768829
10 469730441
2 405752071
14 314945047
25 341573171
9 398376551
9 978100181
18 856369903
9 838154269
8 323882621
21 34552337
11 315408403
3 633876587
6 14649377
23 9530363
15 27468611
4 212810711
8 363097183
1 152826061
12 932647867
1 268491791
15 371757041
4 262288669
9 58294549
16 601542313
22 242674997
7 500376671
21 959533891
25 105207049
23 160461121
18 222517007
22 998988077
14 27983489
5 426136913
9 790507111
13 462822149
15 135320657
19 546118277
23 230002483
10 770747849
14 109746419
11 638570773
16 566712589
16 465009841
4 235293467
6 714412073
22 358050697
16 266486707
3 989423059
16 531940597
10 92405837
17 769033373
11 947721743
3 15084907
2 178234733
10 770181229
20 14204447
4 919355483
6 953648411
8 89818523
6 918647563
6 847156139
4 729395101
22 954673763
24 332786117
22 55768373
11 401425667
22 491719903
5 857007733
18 399157219
4 753899801
22 577201201
16 886572769
1 565881683
5 302826847
6 614705647
14 6184669
17 704761523
18 727284589
25 287345321
6 604801
5 229442321
10 137564689
24 336529993
3 80653921
17 114041861
8 132839017
3 538141049
13 714031751
22 124495109
15 885207013
3 154490629
22 727522181
2 8100709
10 761967433
3 277628573
8 626478521
7 96429911
9 394167247
7 364024747
1 509751377
10 28031771
18 178340993
11 245734891
15 437123693
15 954082417
5 218622241
24 194169271
8 506487721
17 70137299
