997
55 230218853
93 157248211
25 351983077
26 230982121
34 268118959
69 358939787
59 144128749
76 192667537
14 397371703
59 325195999
56 134631173
78 317399581
99 267181063
53 309402127
85 153519479
31 220270943
28 284069857
3 221321713
33 187315543
85 135835859
35 159035609
88 247899293
26 108928109
36 333507487
54 362349343
44 324762233
61 257890609
96 213714101
23 322946219
35 133379633
44 157203569
92 392638853
39 167802533
61 357078377
90 202496993
54 263031491
61 265241131
24 323953327
6 227153351
85 111352933
89 110843479
35 195206237
100 172943741
93 273670021
70 181013363
60 345317743
58 152986901
73 119886209
99 362235253
64 255679421
73 297827839
7 349450183
47 306365429
5 126056291
41 167479771
33 139942441
58 149007373
28 107502859
41 284931019
75 322682597
68 151291247
66 238628227
30 178856989
73 188145821
74 289948507
42 262820401
56 341823241
59 172519861
82 140053457
77 336880309
8 358902911
30 106107307
97 364746637
52 271330909
7 365226427
28 383418743
73 382455433
13 377478011
42 311187881
25 231637319
68 242439097
68 256765727
13 105607729
58 141579941
81 293532377
13 247553521
71 151345031
17 339834191
44 206319583
20 304622993
24 334172231
63 329746451
57 264399493
31 392650703
21 161040493
94 102909047
44 389377829
20 374772571
84 370832779
18 313393747
15 151950563
65 182456101
8 116049979
18 211033079
63 280075363
54 343283093
67 344180951
61 203597171
62 113933923
94 113748511
35 345173531
23 298653503
15 278742241
38 179769691
26 194929139
37 159172493
30 244103033
36 267485137
17 104470921
24 295887937
99 299873989
29 316318837
63 290266997
3 206803229
59 159753749
15 306815567
100 334680701
27 399927419
93 251147921
25 278302663
88 324333809
86 212560693
24 200298169
9 307744867
7 363470033
70 331599997
15 356389021
92 308932831
55 340368163
22 375678157
100 108757783
68 367792921
58 106459643
39 233973967
63 158843339
66 399917641
14 188973787
6 121669043
73 129466903
3 389111291
3 363863147
13 304550039
72 195855523
28 187006753
5 360169991
33 351020081
53 177486019
54 325084273
31 164550857
8 151973333
48 255203083
83 219928057
63 366593921
20 223285889
55 378151351
48 124691057
99 353859269
20 261665713
21 294156977
59 325148177
72 295708729
43 251454251
45 268504619
40 138719753
57 290958779
40 147273557
66 132243611
40 326801941
8 341880613
5 388364563
82 196320809
16 111390857
69 376247863
42 236181277
34 233218001
13 323892427
75 381355363
49 282588623
52 175436221
27 348634919
16 138298939
49 227605597
61 329720597
100 137919421
11 311364413
34 135094703
88 240770939
12 270410059
46 240426163
11 154351409
19 254529889
20 301501847
91 139140577
6 320025553
8 250851833
65 102487699
83 253277867
94 180923789
91 346117459
39 248266397
3 398816543
94 261711001
31 393575641
80 319237231
98 197655023
12 315925067
76 297826411
42 224624501
81 114307471
13 320893829
82 361764209
8 292483253
36 196306303
12 193970383
98 368180717
83 373696691
43 267748319
3 288528059
43 151613491
96 312604771
24 355325021
94 179908879
60 134021681
97 304182367
69 386704007
93 139653959
95 299166869
58 398493877
66 290197627
61 204158993
32 117769789
90 295733279
45 101138581
35 376364809
93 210687073
67 345161441
59 191290717
79 105855899
25 147335767
74 340331521
95 312939623
74 293088199
50 189874141
70 354417967
78 108185419
41 305282353
61 364741943
96 367206467
15 312982409
38 111698317
77 239801039
81 316365857
44 316580279
94 356767681
26 255255703
92 234798563
5 229862257
60 335600063
93 359315701
80 121728379
42 211266001
63 274290727
40 236530331
65 153583993
52 258547973
11 286879469
3 347373079
12 151966069
26 262713179
20 383688379
39 148218167
36 257648999
22 201037349
97 213702077
70 358227977
80 102798743
92 290501747
8 299002721
93 223898443
34 115175989
82 202047667
36 102417127
62 177848647
63 393906061
99 103179689
48 168337651
73 161855611
65 165009079
54 324026393
27 202872979
3 356493749
22 191539123
55 300177583
46 220102231
14 281980781
74 119538079
3 368460793
5 254308651
13 271578607
6 161285797
87 392596903
58 260802317
70 196121239
47 182505293
3 105901349
73 391907309
48 340025057
64 177723097
15 318203563
61 279547273
5 323774239
88 337472651
45 369272663
5 322609957
88 190817287
25 258067763
61 187044833
42 348542443
43 239059841
23 210069217
87 337126841
34 361270979
20 315063677
14 200122061
95 326863409
95 231871879
99 209122723
27 214014329
6 299524319
64 133903489
60 195902579
75 181645679
6 358143493
66 261269521
22 324025417
6 246694439
70 103138229
90 350495441
73 145058713
43 250777543
26 305498429
31 383415899
13 387841423
75 282678817
32 187374373
16 317006119
20 169702957
33 217209259
45 194969623
69 308904797
74 162665521
4 108713989
43 196667623
20 174788827
11 186802873
20 373455391
21 157910839
63 328384523
15 321580559
66 176038339
71 265854877
29 106691177
84 224678983
13 304363093
30 176781089
69 324268247
98 269922941
96 377595077
33 162151867
65 112977593
88 308824189
95 224843753
64 165452471
64 327348503
27 157287527
99 226966351
72 165486023
36 312108239
91 380326181
37 293831107
75 127574977
80 220088009
16 256391713
79 249699797
73 236438107
88 314656847
10 249516287
45 127229227
59 215654633
64 278465909
93 379307143
36 366283457
35 139748509
7 190484999
35 210362627
79 323368631
69 266650759
38 176824169
64 125063357
32 333272647
61 247769183
87 200961749
17 377980637
4 142940813
58 329396699
95 316858093
19 350209421
85 355074443
34 365151439
75 294038219
97 249701003
79 250949513
89 376239287
94 175462961
46 117789839
11 225561113
71 156793577
80 199894523
4 256003997
75 340451849
25 387345557
72 301032341
17 356505599
71 280276013
34 146747099
34 374772527
45 368097949
100 362020297
47 186386281
44 177183719
82 287738471
43 274541251
54 364897759
95 332920183
40 174228487
16 348712367
45 330972091
4 396877669
69 152552551
63 139524493
40 306300283
23 176736227
69 312777797
39 164778293
78 129306127
70 215839381
60 137661863
59 304630303
52 315524977
80 211563797
73 360416429
89 301950823
56 142690963
73 385403699
7 153396059
42 373560359
44 347328791
31 143007199
3 372191629
75 131614669
65 152070343
42 389595461
9 356318771
42 333853613
8 150105313
14 298231039
83 134799869
87 281123911
34 103550659
81 370668449
65 248586161
98 303683603
89 348539407
95 315033421
49 142273801
29 209475797
54 195780191
57 378121279
13 375945631
64 390235213
69 151504139
11 378132101
41 171545531
18 139938341
79 226077307
7 159341107
21 278738483
17 226123819
25 213793273
65 279019757
52 155012899
77 175085167
97 172787071
94 236788847
40 124104473
15 121116397
44 185391221
88 159569063
18 323138323
65 352474189
29 138041713
98 160115387
20 344318563
55 158950007
68 178227293
85 310603093
88 142419089
81 377101441
93 159349303
7 175941581
100 129169987
21 380663389
26 228819761
65 119070761
74 363076481
58 225527039
15 147298933
12 378724519
29 317923967
20 365788901
51 334086631
52 136078451
44 244475323
98 252447761
25 180659957
16 367892293
88 362297447
38 376664941
70 166606061
11 170267011
73 113559221
83 175028519
58 316425359
97 127683967
52 196144987
15 176026189
84 317699231
25 126733039
85 191657251
19 197200999
68 162344209
34 284243527
21 349732081
19 177197729
69 290022991
62 323815721
69 252389239
40 296724697
93 121841371
75 251842991
46 298628191
17 216228323
12 206360537
18 390467453
22 372808783
64 187612727
72 111912677
93 294531311
75 244133213
7 183978827
50 326322673
70 159706681
11 241317581
46 158759353
44 397438697
31 212891309
44 126000817
17 287980349
12 264707059
12 387182641
66 144172759
95 120397841
6 153743987
100 101371471
5 111929681
67 398268121
97 144195347
97 227913919
42 200562863
50 377148341
12 232098683
80 211173959
39 322040143
96 116356997
91 348217607
29 349401967
82 209348801
12 389559281
40 119622179
3 241627151
86 186191329
64 294049121
65 248550151
83 219203681
96 264764671
13 252868949
30 314991379
19 388569989
28 312349249
9 249819863
53 230724077
15 230993831
99 120065381
47 209687867
10 249133697
28 340612669
46 223857941
99 205176541
80 115046999
98 348906617
95 345942959
57 374106683
52 116629831
9 133006123
66 210734897
30 364858801
95 231665321
28 188162423
49 163285063
95 324055397
37 399783721
88 173552969
4 388768739
79 340429169
99 115343677
36 173789717
41 382636393
96 269385931
46 229513139
57 216772021
85 256277633
19 183090937
39 348936641
72 298311641
28 253925531
43 360643399
48 186102767
28 244499963
11 391256009
88 396261163
49 221894447
27 317162401
30 389892439
51 211387283
26 345749527
48 162112333
96 315407663
38 149895371
97 194355739
79 328366651
21 132053329
79 369733409
3 323395253
59 104570449
74 209778949
97 272667511
48 289142857
86 154349009
18 201097361
99 340558991
33 322995047
49 226759703
66 276966259
66 376142227
59 376916681
99 328562747
73 116840579
57 297754547
93 323857049
17 225762073
28 332754173
18 234644959
12 152255549
26 188379497
20 297408247
80 233091049
61 251079557
70 383410723
75 388791659
39 150201173
5 242334091
52 351947111
77 290742919
82 327305711
66 110466859
69 167936213
50 328435357
42 143866493
25 190070267
21 130792213
22 264208369
11 201266657
35 326650787
21 368119337
47 306900107
63 148742249
59 258881033
69 226326853
42 345743339
54 271686403
96 393096959
61 264810209
23 270728719
70 263234177
20 136133017
50 328750531
89 370650061
69 140806661
51 282645353
41 249054763
69 318237301
66 160171951
94 171825389
25 164378869
59 304764437
5 394602227
63 103668911
100 107988577
63 322247099
88 398146717
89 221762881
15 235005703
42 197559833
93 347303699
99 279232367
93 255727663
10 309199687
7 340194857
5 344048407
45 203295181
76 390206237
57 382675897
64 326283877
47 266839787
99 342424457
80 390872597
83 102514387
14 216759761
89 318749941
53 198003121
99 157718081
78 124888991
55 101779247
5 300836647
74 230061257
21 161779147
13 372608081
22 260562899
20 118009163
95 240452851
48 303228469
62 188471929
13 377589683
70 144232679
21 193610341
60 282974611
66 324006257
12 388859591
76 185693323
64 368735867
12 369700801
5 180674129
71 364378381
96 216553789
16 305318393
42 133938289
50 205355147
13 228996961
80 335539331
21 385679089
59 227427379
40 224259389
15 117076273
86 334620733
54 262154017
11 170337067
16 214802713
18 252929251
5 224308361
92 319197479
58 364004281
89 250011409
62 153315931
54 233308091
74 368928583
12 317632589
71 312876251
39 345356629
46 379146871
87 292450217
50 205753253
17 322698037
68 266435899
29 177171419
68 255408359
68 190660453
39 295749253
89 357587207
83 167891077
96 332231057
72 149667029
12 188679347
16 354483319
82 195793343
55 269576269
92 198625187
22 200918651
34 203675209
51 343985287
23 138319697
88 114193421
33 316120033
26 331509949
90 214398671
17 177854021
10 198357119
51 150849161
30 263561581
97 337255337
67 357449843
61 280256467
45 394096981
60 128538433
59 309831061
57 175414727
78 221783923
36 133972583
36 200120567
16 200971403
47 246681139
71 378976253
80 241681211
37 166181221
76 205056647
27 311740313
64 222006929
81 114183337
11 225774119
24 112724797
56 371408069
5 351152993
60 209169811
10 306288617
55 347733031
8 240639281
38 345897367
3 116441999
64 338535191
52 345669179
85 204942713
61 268079507
89 365740303
32 130194979
28 145225231
85 393398323
56 396842269
93 382202179
16 360130739
35 329969777
76 160509691
92 343472399
16 279704767
58 120144751
84 264291871
58 282598231
33 120759893
85 156865777
27 233000533
6 183336509
3 236873569
71 250601363
45 375143323
14 282644239
16 244754347
66 397621019
61 204365719
35 143512277
83 138755447
14 299966617
44 308574913
59 364911551
54 380115401
56 259304483
35 218325791
58 316814207
15 128102003
11 264991369
76 308483687
84 128909701
54 262023947
78 278905301
92 392569909
13 257229149
95 320689549
71 308536489
55 355880867
90 120867337
94 312165563
69 181139729
38 308045987
48 395150929
26 349350751
8 192454631
62 357973051
79 325583737
96 163432769
100 359274767
47 135236149
33 307521587
30 330152909
89 335797853
94 212170997
59 114205307
88 366799487
41 312883463
24 381423253
14 197582941
84 209981899
90 165499489
79 307615943
51 379504381
15 126065011
21 203749159
60 228908413
91 275794193
73 255099857
66 159581441
20 301436207
88 303942557
15 206965669
3 111488021
13 296662651
61 339310733
51 226284749
36 152522927
97 293375581
75 310838449
44 194743709
19 299347241
81 345049349
81 134980961
45 114262817
56 183309601
46 343375069
12 250627051
79 319835407
49 209060351
28 333559903
64 247726993
97 250034377
75 160129997
15 200535761
98 189051619
64 122397503
26 174645071
79 392552399
72 392559553
94 383600051
81 186246833
57 333059833
42 321277081
79 279350329
96 300251377
40 338507821
11 399986663
61 195931889
55 262444547
5 223259131
29 204640477
37 122042419
42 274171897
12 126497209
17 236349749
30 115280437
44 341275379
96 190896053
4 359871223
85 202449109
87 260903479
53 220390307
40 327673603
81 293729629
70 347192977
73 190571827
63 193657483
3 199365581
37 263407037
