998
1073040 925892609
2073882 786432001
1039228 745537537
556649 638058497
1041176 919601153
525497 391643137
528314 328728577
4231961 935329793
67125306 469762049
486008 885522433
4153871 163577857
33525198 167772161
541418 710410241
489446 416808961
563600 100139009
494560 83361793
2122859 899678209
563278 675807233
508454 191365121
1090222 605028353
1006569 883949569
492693 813170689
4155091 415236097
495271 487063553
510284 699924481
8352984 998244353
541980 637009921
564704 842530817
528339 234356737
487449 958922753
527180 254279681
506076 769130497
1007620 28311553
1032141 925892609
535245 329777153
1038453 359661569
556489 37224449
506227 518520833
1031398 361758721
516660 77070337
532772 391643137
2068632 648019969
1007682 447741953
1051884 605028353
518851 894959617
1022004 972029953
561228 555220993
498163 240648193
1016627 925892609
2100268 383778817
565694 810024961
486352 254279681
1033612 28311553
4157793 683671553
1046713 347078657
1036042 101711873
543344 555220993
8382952 377487361
1015232 101711873
1040861 359661569
2127250 639631361
529134 178782209
503043 219676673
492717 234356737
1054024 28311553
502619 760741889
508285 638058497
2086073 459276289
501284 487063553
2118692 23068673
510707 608698369
1007231 468713473
1029023 907018241
534850 68681729
2060100 211812353
1046445 101711873
546601 825753601
524256 844627969
543882 438829057
1075841 605028353
2109054 710934529
527250 37224449
516512 424148993
4197955 230686721
1025581 581959681
2068943 576716801
484529 215482369
4227521 155189249
1034146 919601153
525450 36175873
2097563 824180737
546144 619184129
530457 570949633
503580 117964801
2073067 459276289
505220 820510721
542714 458752001
500874 810024961
564924 555220993
501427 608698369
558087 759693313
2096108 786432001
498107 21495809
67081354 469762049
1041453 718274561
525715 438829057
483648 637009921
543133 885522433
2097758 635437057
531568 386400257
4172850 138412033
506724 416808961
2098790 270532609
557846 244842497
8417886 595591169
537161 885522433
2123766 799014913
487210 703070209
4227392 138412033
523844 37224449
1058566 141557761
521800 734527489
1068223 361758721
509670 879230977
1068668 359661569
1067047 101711873
2086142 69206017
1066883 158334977
2122298 274726913
489506 351797249
541486 619184129
513783 518520833
564955 760741889
4185051 918552577
4167854 415236097
1066920 972029953
530621 438829057
2055243 132120577
1047600 925892609
1030868 399507457
488116 103284737
541297 329777153
506834 958922753
488654 995622913
561089 5767169
1076730 919601153
501620 234356737
4159380 666894337
487374 438829057
2100639 975175681
1029987 447741953
1047110 120586241
509719 946339841
1058649 581959681
1079806 907018241
557192 660078593
494148 951582721
4185609 985661441
1020300 246415361
493662 549978113
1023406 204472321
560705 675807233
1017083 468713473
2113625 950009857
512525 621281281
542691 83361793
4183025 415236097
1065173 399507457
4181721 935329793
2077423 715128833
8391165 377487361
539834 699924481
528887 404226049
546906 951582721
4203212 104857601
528769 810024961
8421427 377487361
512788 5767169
487628 329777153
2087892 597688321
1006985 605028353
1066140 919601153
2074218 186646529
1086781 802160641
561164 178782209
2077841 639631361
4224767 943718401
555124 518520833
502320 234356737
2069217 899678209
1071955 862978049
485423 839385089
534626 395837441
1036779 850395137
510381 386400257
33559566 167772161
1045945 158334977
558757 14155777
2073420 710934529
521488 14155777
556180 842530817
508121 611844097
1038864 399507457
1048681 976224257
540971 404226049
2100763 136314881
505730 386400257
8403561 998244353
527338 191365121
1015732 290455553
1014459 70254593
1007413 399507457
490953 958922753
543868 842530817
4230260 666894337
552574 844627969
2132127 169869313
526997 760741889
562240 759693313
531353 487063553
1028102 70254593
1078625 833617921
493827 637009921
485722 498597889
503080 215482369
1061120 120586241
511762 458752001
536745 93847553
4211630 113246209
2077033 648019969
498144 710410241
4198093 163577857
1034542 862978049
2087108 136314881
548027 570949633
505642 36175873
553862 888668161
514160 946339841
1085818 290455553
4215338 104857601
4167770 985661441
1043766 447741953
1042360 359661569
1060295 70254593
1008042 468713473
2124144 387973121
4171232 683671553
2128385 132120577
4152803 138412033
4190571 163577857
67122360 469762049
519850 433586177
509177 77070337
2092312 899678209
1052588 605028353
1085049 447741953
4193814 163577857
1041118 311427073
2083838 274726913
485512 191365121
1051355 976224257
565544 540540929
2104753 710934529
524715 760741889
4230267 113246209
488923 178782209
488115 433586177
553305 842530817
2133757 899678209
2130435 459276289
4186303 230686721
4190618 113246209
1068091 925892609
504399 608698369
2098495 249561089
2071422 710934529
485494 117964801
1039742 818937857
1010706 605028353
512191 564658177
1072206 409993217
1074934 204472321
562725 879230977
2079967 975175681
2118690 962592769
538744 555220993
489551 191365121
4196545 985661441
532950 191365121
1071399 147849217
538325 703070209
520735 68681729
1057134 141557761
4185766 415236097
1024245 940572673
2097969 270532609
2134652 962592769
498154 894959617
2056651 387973121
2124217 576716801
500926 619184129
552779 660078593
2102906 597688321
529823 894959617
2118009 576716801
2093758 635437057
524502 619184129
2105178 648019969
533579 178782209
1043734 655360001
1008489 833617921
519718 775421953
2056213 136314881
1018914 26214401
533851 93847553
2120761 383778817
1017127 290455553
2104859 597688321
2057240 740294657
1010887 13631489
1038954 862978049
526025 763887617
2110019 597688321
529754 433586177
2085195 199229441
512175 29884417
486483 737673217
1013999 330301441
544525 395837441
562458 329777153
4162827 104857601
495220 328728577
504748 329777153
503559 524812289
502575 699924481
1054393 919601153
519104 5767169
513181 391643137
1083505 770703361
1073498 13631489
543280 29884417
1089300 605028353
1070385 802160641
1012058 330301441
4221350 104857601
503653 894959617
530639 540540929
551251 638058497
525424 555220993
527175 737673217
496048 14155777
2138939 111149057
1056610 147849217
1055902 818937857
1009638 468713473
1022951 818937857
1030264 221249537
2091905 710934529
4153897 666894337
491632 14155777
496847 117964801
1035957 493879297
512110 710410241
2097364 597688321
519027 29884417
553933 549978113
4232340 935329793
505466 391643137
508860 760741889
2092968 962592769
2096912 387973121
548404 775421953
520647 605552641
4232715 155189249
526387 178782209
4205952 138412033
1089010 347078657
2124876 459276289
518005 391643137
555623 328728577
2094921 257949697
1079744 147849217
1082939 7340033
539715 37224449
1021434 305135617
507854 416808961
512883 540540929
2126448 924844033
497312 5767169
500085 219676673
2060976 249561089
485410 77070337
491736 605552641
1061762 221249537
486272 540540929
514359 438829057
4211215 985661441
1019979 141557761
2101875 249561089
544042 391643137
1026429 158334977
1086095 800063489
534031 191365121
1043071 70254593
539607 540540929
1044020 883949569
8355793 880803841
540650 737673217
560489 734527489
495555 36175873
503454 36175873
515644 458752001
509739 540540929
556380 351797249
1033393 28311553
8373909 897581057
506546 748158977
1045953 28311553
501634 605552641
510534 83361793
1065744 531628033
1040145 330301441
498050 103284737
1065500 311427073
486195 792199169
1039559 468713473
1050654 158334977
2069090 387973121
511908 376963073
1065749 28311553
2061174 69206017
1010813 940572673
2073097 639631361
1053660 493879297
8403841 880803841
521249 703070209
1053680 940572673
498481 842530817
503772 14155777
2094995 635437057
540526 638058497
529129 433586177
8398376 998244353
534209 5767169
565001 888668161
2125171 274726913
1084504 833617921
2123477 132120577
2078722 383778817
500321 219676673
555288 660078593
537568 619184129
505626 564658177
501612 351797249
543503 649592833
1028872 770703361
2115636 249561089
542489 842530817
499070 219676673
498951 77070337
1077402 13631489
564017 40370177
521899 218628097
499643 820510721
2091550 740294657
2088627 899678209
529209 612892673
1024378 925892609
67125874 469762049
534241 710410241
1013531 802160641
563775 540540929
2071971 23068673
2127880 383778817
508207 424148993
1064950 913309697
2126215 169869313
508863 416808961
2131742 69206017
537471 215482369
1009726 330301441
67115362 469762049
1054591 361758721
1045108 141557761
541699 376963073
2065272 715128833
4197290 666894337
1047019 7340033
1041542 493879297
538839 376963073
4188243 683671553
483957 759693313
563635 438829057
2077525 270532609
484409 748158977
1086780 938475521
512450 260571137
1036286 938475521
513935 675807233
2089274 270532609
536083 175636481
1075935 185597953
2096858 799014913
559471 336068609
506677 612892673
2094546 257949697
2133184 740294657
4168510 918552577
1044118 919601153
1018390 581959681
538729 540540929
554623 810024961
482422 896008193
536600 100139009
518105 416808961
499686 219676673
556628 825753601
1068915 976224257
518205 734527489
2102655 23068673
491855 570949633
496329 424148993
514440 896008193
2095266 639631361
4203628 683671553
1080294 305135617
498777 549978113
1055430 919601153
521791 792199169
1045335 101711873
1046293 158334977
2123795 23068673
521075 391643137
501633 555220993
558166 36175873
560915 619184129
561538 748158977
2056652 899678209
2082925 899678209
493286 40370177
2066715 899678209
514551 21495809
540279 404226049
508031 839385089
546072 612892673
2059223 81788929
1014784 409993217
518952 844627969
526637 605552641
546557 760741889
528125 885522433
1079299 7340033
513054 813170689
1083450 290455553
539871 37224449
553218 769130497
1043255 957349889
496377 329777153
545889 549978113
487017 584581121
2093385 899678209
4218486 985661441
546853 14155777
509651 699924481
2108423 740294657
1020508 938475521
2116792 710934529
1007166 305135617
2110917 648019969
537938 564658177
1084021 976224257
1028676 862978049
1035060 925892609
496230 244842497
2079400 824180737
547267 438829057
505868 433586177
2064669 136314881
1030142 147849217
2135199 169869313
521774 5767169
2134802 69206017
554878 759693313
2097903 975175681
510017 710410241
543822 234356737
560201 518520833
559755 590872577
16754583 754974721
558302 660078593
491271 429391873
550149 386400257
67111944 469762049
537621 703070209
516379 621281281
1057098 305135617
1039673 493879297
2080787 111149057
493764 760741889
494182 517472257
1061278 655360001
2063821 899678209
2103616 111149057
1052528 938475521
33580859 167772161
2105370 387973121
499696 433586177
562529 93847553
551798 951582721
2115462 111149057
506195 734527489
537000 760741889
516345 36175873
540847 813170689
556230 605552641
1015432 940572673
523857 5767169
488702 663224321
4227171 935329793
538423 699924481
506146 759693313
67079011 469762049
1074427 7340033
67066920 469762049
532174 570949633
2059614 257949697
2078979 740294657
545038 376963073
2088900 975175681
555442 710410241
2066099 635437057
2108531 639631361
1053614 290455553
508633 995622913
1020480 907018241
515410 68681729
1025748 204472321
530171 306708481
554443 748158977
2113947 899678209
1070166 818937857
497477 29884417
521763 638058497
2065085 824180737
2135861 383778817
509188 638058497
1070241 770703361
2068427 383778817
1063808 493879297
1009326 493879297
1067957 290455553
2108299 383778817
2126074 199229441
566336 495452161
538103 896008193
2103624 459276289
487999 584581121
562387 228065281
559619 329777153
515004 710410241
1058376 925892609
1070434 147849217
565012 564658177
1027256 26214401
502707 638058497
509653 888668161
2077539 648019969
510777 319291393
2090544 23068673
491607 549978113
1058247 120586241
2136387 136314881
555522 734527489
524280 703070209
544210 37224449
539284 386400257
1036853 409993217
1074242 493879297
527256 951582721
490040 244842497
2059353 274726913
530097 234356737
552776 433586177
508047 386400257
566033 234356737
515016 748158977
2068789 463470593
4231629 683671553
2077917 274726913
2065824 383778817
483623 256376833
2124516 111149057
2066283 199229441
1043150 447741953
4156313 230686721
2134785 383778817
2110830 136314881
2069917 924844033
530422 219676673
1041964 800063489
1045112 26214401
1043670 305135617
1059260 305135617
500747 748158977
1082179 818937857
2100746 23068673
489738 605552641
513095 703070209
2124107 463470593
557255 518520833
493761 21495809
1086858 28311553
1026888 101711873
1048003 7340033
33530749 167772161
2124916 710934529
2088209 648019969
561236 498597889
523533 638058497
1034119 938475521
4163102 943718401
2061877 81788929
495310 820510721
2097133 23068673
524307 608698369
557344 759693313
1012893 158334977
483247 288882689
1083823 13631489
550232 68681729
1073821 605028353
535461 416808961
1016964 913309697
1027054 141557761
545980 351797249
1045503 718274561
1041796 940572673
532055 894959617
1023153 13631489
1081969 359661569
518790 14155777
508341 885522433
1056565 883949569
1052243 26214401
8370592 880803841
486169 995622913
492242 775421953
4195634 163577857
498334 77070337
2096552 950009857
501265 699924481
2099874 639631361
538060 748158977
1016417 147849217
1083837 531628033
562241 775421953
543446 555220993
1074243 26214401
4179542 985661441
519884 564658177
2066331 136314881
530218 958922753
2092061 81788929
540493 219676673
503929 29884417
1068881 531628033
497275 93847553
4213821 918552577
505891 429391873
551945 894959617
535975 256376833
525989 288882689
1078457 359661569
1012020 468713473
1027586 800063489
542820 839385089
539939 495452161
527401 958922753
4207622 155189249
536707 433586177
4205998 985661441
2091258 132120577
549004 864550913
4222688 104857601
1025987 101711873
1017303 399507457
4235402 943718401
1066222 409993217
507854 376963073
550078 29884417
540159 376963073
541757 404226049
1031404 359661569
565751 844627969
4163676 943718401
1090317 185597953
2092402 740294657
537661 612892673
1022517 158334977
527511 416808961
484692 376963073
67123748 469762049
4213030 163577857
4202203 155189249
494988 319291393
1058519 883949569
2130368 136314881
2089517 635437057
515082 792199169
542896 100139009
8381104 645922817
551897 319291393
67107966 469762049
491402 433586177
16762679 754974721
4152905 918552577
4171575 943718401
2125313 635437057
1013651 185597953
1026090 447741953
550886 234356737
4156779 138412033
4202036 415236097
550032 555220993
546281 737673217
1032066 147849217
2081200 715128833
1067075 833617921
545181 769130497
2069354 270532609
562519 584581121
554254 395837441
8371943 377487361
2080646 257949697
497808 810024961
503381 404226049
527689 621281281
483410 487063553
562240 117964801
554221 590872577
520841 555220993
488373 191365121
546724 734527489
544851 619184129
2100490 962592769
2132531 136314881
528530 178782209
1034037 655360001
559896 175636481
8351561 880803841
2112182 799014913
523157 621281281
529276 416808961
2113005 786432001
2125206 249561089
1074948 862978049
531498 215482369
4173429 415236097
1065386 361758721
535606 638058497
509254 820510721
1080823 359661569
505165 319291393
1078823 158334977
486150 329777153
2133951 799014913
491916 564658177
528791 885522433
509262 429391873
522552 621281281
1084414 221249537
2120911 597688321
548961 518520833
2134874 576716801
557523 404226049
1068593 305135617
1025719 246415361
1029722 468713473
500877 584581121
516116 244842497
2075140 740294657
1023185 605028353
556727 391643137
2081193 270532609
1027501 531628033
1048923 28311553
487886 218628097
551977 351797249
1049706 770703361
560817 234356737
502022 215482369
484073 894959617
4204745 943718401
4169678 935329793
1060184 158334977
1084136 28311553
512535 769130497
2103063 270532609
2112066 69206017
555650 769130497
547520 590872577
538761 178782209
1015117 581959681
545539 885522433
530658 570949633
1059682 13631489
499686 40370177
2061718 924844033
546795 29884417
554935 703070209
1041236 290455553
4217506 683671553
2088477 257949697
8428885 595591169
516076 608698369
1071018 101711873
2101429 639631361
559397 540540929
537590 487063553
1075905 26214401
1049319 919601153
1013482 447741953
557203 518520833
2121880 962592769
561229 329777153
507138 649592833
552998 540540929
529103 77070337
564184 495452161
2098918 975175681
499641 879230977
494803 703070209
539032 329777153
8350923 998244353
33550681 167772161
521488 424148993
510707 395837441
2099459 799014913
1059911 120586241
1032108 850395137
510224 460849153
542948 888668161
505873 769130497
1036246 972029953
492907 100139009
1085159 409993217
1034014 976224257
535704 792199169
2071256 111149057
1034198 147849217
2101515 597688321
482949 103284737
2121226 186646529
516993 319291393
2087111 635437057
506958 769130497
2103493 975175681
536639 254279681
521835 649592833
565940 555220993
539969 842530817
67148610 469762049
2093109 111149057
1053964 468713473
525404 103284737
519440 810024961
539688 306708481
2070516 270532609
2074398 786432001
550830 178782209
1072123 957349889
483941 611844097
1049266 850395137
1054733 655360001
517244 734527489
532278 584581121
1038938 581959681
1070913 311427073
8400730 645922817
512559 351797249
554712 215482369
1071809 361758721
1069042 531628033
492405 792199169
497983 404226049
482442 564658177
505436 663224321
503350 611844097
1056983 957349889
510407 329777153
545195 637009921
1068983 26214401
531024 703070209
8385963 880803841
1070242 221249537
1063967 940572673
533997 570949633
2064187 199229441
