999
1344377 595591169
3164069 985661441
4854345 666894337
1607357 918552577
6025444 163577857
4247041 104857601
2300112 918552577
5615699 377487361
6855146 113246209
3134567 897581057
2572513 469762049
339016 167772161
1845498 666894337
4263700 666894337
2981706 230686721
2280891 155189249
678079 163577857
1629187 104857601
4719512 935329793
5354439 104857601
2841640 167772161
4723315 113246209
2577879 943718401
3449034 645922817
1786849 230686721
6461025 985661441
1808725 935329793
289761 754974721
1057111 645922817
5865288 645922817
5054238 985661441
1218985 880803841
2747126 230686721
2809383 918552577
2149568 113246209
6195326 754974721
6842669 230686721
5580411 469762049
5729351 230686721
589758 415236097
5238889 683671553
4734463 645922817
6138561 469762049
4761671 415236097
3177365 645922817
3459698 897581057
5676859 880803841
6619508 754974721
1138015 377487361
1634448 163577857
4329793 918552577
3755234 595591169
1508404 935329793
5481815 469762049
3891169 167772161
1133424 754974721
4423938 138412033
2925891 155189249
5929319 683671553
4440762 943718401
202356 155189249
6557393 415236097
4583201 943718401
28700 230686721
758905 138412033
2704703 897581057
4598491 645922817
3421876 113246209
3847612 113246209
4455433 943718401
1327971 104857601
4409759 138412033
3649772 645922817
6733292 377487361
6423558 113246209
30202 666894337
2410869 998244353
2422694 163577857
4281936 595591169
4940705 645922817
412612 167772161
3392947 155189249
6278095 415236097
5936435 155189249
3025030 138412033
3857744 113246209
3607183 377487361
3272331 155189249
864872 138412033
2235002 754974721
3136990 377487361
2944327 645922817
702039 918552577
5423 163577857
5489033 163577857
5190276 155189249
5637504 104857601
4043756 377487361
4428252 155189249
4770207 985661441
4410000 998244353
3393516 155189249
6826981 943718401
5945333 645922817
3836405 645922817
6880366 104857601
1588528 998244353
3214242 415236097
1178074 918552577
1854446 935329793
4823627 104857601
2426628 998244353
6819885 469762049
3279146 113246209
6754562 666894337
181304 943718401
4365084 897581057
6223390 645922817
2601955 155189249
6063451 230686721
1109139 935329793
6762119 113246209
5438907 683671553
2796490 754974721
1254974 918552577
2860578 918552577
2995606 943718401
5836322 230686721
3172812 935329793
5523309 415236097
1780097 683671553
6934079 683671553
4329769 230686721
6981220 645922817
3129931 645922817
6843711 469762049
4984450 666894337
4020741 985661441
1376767 943718401
3388031 935329793
2406404 167772161
107084 985661441
713450 683671553
3123420 167772161
1846492 998244353
3902454 595591169
358554 113246209
1713203 935329793
279287 230686721
1579456 230686721
857692 113246209
3888928 880803841
2295235 377487361
6053800 163577857
1423548 377487361
6208514 113246209
5403243 935329793
5217002 998244353
327688 943718401
5562164 138412033
5193949 595591169
1338884 754974721
717324 897581057
6523540 985661441
5596359 595591169
5505842 935329793
6348822 230686721
4399359 104857601
1447957 469762049
3665393 377487361
849906 943718401
79633 880803841
4120115 754974721
3309630 897581057
6773806 880803841
4521257 918552577
2762832 595591169
1541463 415236097
3109335 918552577
5970658 163577857
709272 595591169
4966456 104857601
1045177 935329793
913498 415236097
960760 469762049
3208095 113246209
3412450 985661441
6887470 897581057
3908509 230686721
6148871 415236097
568351 377487361
2934971 469762049
5735604 230686721
2830191 104857601
3432572 163577857
6378206 113246209
4293418 163577857
4381396 897581057
3950726 897581057
6222259 415236097
1709612 935329793
6603570 683671553
665739 155189249
4719769 163577857
947431 167772161
6713990 138412033
2170264 104857601
2058731 163577857
3097097 230686721
5368589 138412033
2809401 167772161
3444295 998244353
6944445 985661441
492741 935329793
4997820 167772161
2177930 469762049
6020402 138412033
5739050 943718401
4355053 595591169
2298320 230686721
3170515 167772161
3028409 897581057
6334363 880803841
1031224 377487361
306383 666894337
2723504 163577857
764816 935329793
3819485 230686721
2367570 163577857
446923 985661441
3695579 943718401
162717 918552577
3963145 595591169
2402440 998244353
6501833 104857601
856597 918552577
1380256 754974721
3564194 469762049
2661798 377487361
4894370 880803841
3054150 998244353
1609304 415236097
6027584 155189249
410528 155189249
161447 998244353
3227367 230686721
55268 754974721
3791342 683671553
5970481 943718401
1025930 469762049
924894 645922817
4158823 683671553
280719 155189249
5428224 113246209
4250619 104857601
1825257 754974721
1470831 138412033
2422086 377487361
257738 935329793
6782225 918552577
420415 645922817
3818007 230686721
1558613 155189249
863804 918552577
6549930 918552577
5772786 377487361
6973228 943718401
5954822 943718401
6949151 998244353
3540500 230686721
4047258 595591169
4093453 415236097
5820937 155189249
560696 377487361
5938348 935329793
2604591 666894337
5679511 138412033
1522461 683671553
6038256 918552577
2014791 880803841
6773941 415236097
1008704 167772161
2601203 943718401
3739443 155189249
53071 138412033
237980 377487361
1303233 645922817
5108943 167772161
2109524 138412033
449904 415236097
1727528 113246209
3150458 163577857
1388656 377487361
1479801 645922817
5340725 230686721
3167631 666894337
5344784 415236097
768818 163577857
6701044 230686721
6560044 918552577
165474 138412033
3521050 469762049
382514 935329793
3334126 985661441
1826577 897581057
1722734 113246209
3342717 415236097
3183538 163577857
2630731 998244353
1490409 918552577
2199394 935329793
1289685 998244353
4278846 595591169
1707786 880803841
3704429 104857601
6619891 880803841
853461 998244353
1561613 230686721
2925868 415236097
3334123 104857601
5943935 415236097
3283824 880803841
2620716 897581057
1856344 935329793
2532711 754974721
6058159 683671553
1633465 985661441
1591768 415236097
6782012 167772161
6700359 163577857
5010720 113246209
5377607 469762049
6378794 985661441
6652470 104857601
4043952 469762049
1860164 998244353
6030046 985661441
1849528 595591169
4797171 683671553
1039147 155189249
5822597 897581057
2765130 998244353
2412345 985661441
140120 645922817
3309836 645922817
1728426 377487361
1936077 230686721
5334569 469762049
6368480 897581057
2362772 138412033
6932412 104857601
4373499 104857601
4642478 415236097
900549 113246209
1198996 998244353
6580779 595591169
1368995 415236097
5175482 918552577
4611042 155189249
5488853 415236097
5619052 880803841
1380721 880803841
3313074 163577857
5305752 666894337
354167 595591169
1429094 155189249
104786 880803841
617359 666894337
4062063 377487361
3589655 754974721
5601870 666894337
4115928 918552577
735683 943718401
3343744 918552577
6492596 595591169
3611856 918552577
3497567 754974721
2354526 935329793
497745 918552577
5428564 897581057
3631471 595591169
903791 918552577
3383857 985661441
3554176 880803841
3743330 897581057
1341678 998244353
947874 377487361
4650995 897581057
5340580 683671553
4562267 155189249
5902320 415236097
6107336 935329793
1906978 754974721
439216 167772161
3004265 998244353
431325 104857601
5779273 935329793
2146540 754974721
1267353 897581057
655055 998244353
817350 918552577
5907403 918552577
3055631 155189249
3794554 167772161
839302 113246209
5348235 666894337
830293 163577857
6333437 415236097
6337079 918552577
2020327 155189249
4121914 943718401
32563 935329793
922116 155189249
839519 943718401
2571787 230686721
255419 645922817
6423195 415236097
2233069 167772161
5864340 104857601
265200 666894337
4389738 377487361
4286864 138412033
6256355 918552577
4479215 113246209
1814812 113246209
1125764 754974721
5715653 935329793
5501463 985661441
6972512 998244353
5051462 880803841
6435654 155189249
4192004 683671553
5012194 985661441
5194324 104857601
1776308 377487361
6975826 998244353
6355535 155189249
5506986 985661441
4584539 897581057
6861791 113246209
6447892 943718401
5862470 104857601
3966793 163577857
5148168 645922817
1273566 998244353
535332 163577857
6479434 645922817
3133290 113246209
3102554 230686721
6387713 645922817
389548 469762049
249122 985661441
2923317 230686721
4002970 897581057
545596 645922817
2873612 167772161
403420 754974721
3885421 935329793
2919046 918552577
760518 935329793
5035132 985661441
2533110 104857601
3003031 104857601
2831149 167772161
1482371 230686721
6881970 469762049
6361598 754974721
2698142 230686721
5420828 683671553
1888479 897581057
27014 230686721
2813878 666894337
3748598 935329793
5962745 985661441
6188860 595591169
3190098 163577857
3465404 754974721
1730302 230686721
2760046 897581057
5247182 683671553
3831453 754974721
2123369 645922817
6976233 595591169
5257801 163577857
6062597 163577857
6267641 935329793
6781689 897581057
4110046 595591169
968736 138412033
1447467 113246209
6957483 595591169
2104171 683671553
3718109 918552577
3436603 469762049
6031886 897581057
1686156 167772161
2422760 918552577
5339110 918552577
5457645 666894337
5188768 897581057
4205038 377487361
4027817 754974721
2960469 985661441
6529858 943718401
782365 167772161
2058946 163577857
1137172 918552577
457873 943718401
475232 104857601
6383981 113246209
5777527 645922817
5176488 104857601
3441637 230686721
6253543 138412033
1895306 985661441
3466724 230686721
6215833 754974721
788782 415236097
5211675 104857601
6750372 138412033
1782954 683671553
3946814 104857601
4715894 943718401
42436 985661441
3186179 645922817
1932564 985661441
4518505 645922817
535904 985661441
3395667 155189249
5348526 985661441
6265793 230686721
1433622 645922817
1161670 645922817
4108808 469762049
5444938 595591169
1872195 230686721
2966793 935329793
2081951 104857601
986578 645922817
3725700 155189249
3592584 666894337
4170929 167772161
5589541 880803841
2404022 754974721
4894514 415236097
1050106 683671553
3032593 754974721
6637685 415236097
6917555 985661441
201783 167772161
3376738 998244353
2051552 155189249
1246264 104857601
2279846 880803841
576614 104857601
6947154 645922817
4020655 377487361
600707 683671553
1567658 998244353
5557801 880803841
3440003 666894337
266251 230686721
306618 163577857
1542978 998244353
4479074 935329793
4314683 880803841
4707556 880803841
4263929 880803841
2876858 230686721
3730641 415236097
3861492 666894337
185389 230686721
165238 138412033
1294794 104857601
2525176 113246209
2180537 943718401
1694917 415236097
729953 666894337
4274620 666894337
983675 595591169
2040978 998244353
2120021 985661441
2296654 683671553
873104 469762049
4333324 918552577
6505570 113246209
5870587 943718401
762837 918552577
4361695 683671553
4397958 138412033
5652687 163577857
5328615 935329793
4363704 985661441
4488509 943718401
5778136 683671553
498146 104857601
3909892 113246209
5020036 104857601
742690 754974721
5440101 415236097
308400 113246209
19225 415236097
2703163 230686721
260427 104857601
811241 918552577
2086072 138412033
4248048 918552577
4039346 645922817
3047964 935329793
5818718 230686721
1622925 880803841
159094 985661441
6277174 998244353
4808649 113246209
5014367 163577857
1083382 985661441
5558628 683671553
4468212 230686721
1034229 935329793
4412941 918552577
172756 163577857
1359071 377487361
3056858 645922817
2968730 897581057
2961265 167772161
6489604 113246209
4828507 469762049
6259896 230686721
6152106 230686721
6585186 377487361
1977862 155189249
5808709 104857601
1616235 155189249
5524725 683671553
1388711 880803841
5012253 666894337
5122656 683671553
3450939 880803841
3193293 138412033
1781791 167772161
6431608 754974721
4936880 415236097
421058 167772161
3124646 138412033
4875871 104857601
4343441 998244353
5397846 104857601
3811793 666894337
768130 683671553
3936731 754974721
1663060 935329793
4734907 998244353
4486094 998244353
3718412 595591169
3095625 666894337
5628801 897581057
6749808 998244353
845600 666894337
5559235 943718401
6011202 113246209
3645781 880803841
4416917 230686721
2248591 230686721
1637146 230686721
4657067 113246209
2027303 754974721
3761913 469762049
5299493 595591169
4182173 163577857
3282643 155189249
5958095 155189249
1155393 918552577
6370137 897581057
6523606 935329793
2478749 167772161
3339275 113246209
3120269 935329793
6989486 104857601
1646833 943718401
3029216 469762049
5464740 377487361
2063511 469762049
6668567 897581057
6919133 666894337
6073037 415236097
910415 113246209
3497693 163577857
1354270 138412033
5607028 163577857
2962897 998244353
4433808 167772161
2989058 943718401
5449798 897581057
1898781 985661441
1361468 155189249
4907620 595591169
6482608 155189249
5954349 377487361
1560751 897581057
6478946 469762049
5742815 138412033
1527360 104857601
5836789 897581057
6713625 985661441
5384960 998244353
154770 155189249
5349724 155189249
1750757 985661441
1478400 880803841
6640160 167772161
3482417 377487361
2052005 155189249
735884 104857601
1753192 155189249
2112384 985661441
5607924 645922817
2475153 998244353
6456934 935329793
5169047 377487361
2879728 167772161
4348477 230686721
1695704 897581057
3308482 985661441
2746934 935329793
1865211 163577857
3867897 683671553
6544975 155189249
5682083 935329793
304954 163577857
4539720 104857601
6022666 754974721
1111316 469762049
6969125 998244353
1066818 415236097
1266945 104857601
3788389 595591169
3805931 897581057
3384611 897581057
5362497 104857601
5403316 998244353
120120 918552577
4953512 163577857
1686870 163577857
2248094 230686721
1788216 230686721
6700558 415236097
3022 666894337
5689472 415236097
866010 985661441
6388499 113246209
3550773 683671553
3662071 163577857
201994 880803841
490675 666894337
6060377 935329793
2327008 595591169
2311989 163577857
1642987 666894337
3798215 645922817
6400919 415236097
5363849 230686721
4426233 377487361
2849931 683671553
6307194 754974721
4719729 138412033
5728601 943718401
6734450 415236097
4367910 880803841
6792283 683671553
5502280 469762049
5804811 943718401
4624824 415236097
3648436 935329793
4300292 138412033
4456736 167772161
1836109 138412033
3600554 595591169
1764489 754974721
5943681 230686721
3489793 138412033
4946408 415236097
4393684 935329793
5635257 138412033
4319475 377487361
5543773 880803841
6359395 683671553
5726229 469762049
4751550 998244353
6738037 163577857
337650 167772161
6206179 645922817
6888128 415236097
3624925 595591169
4825278 377487361
1842480 377487361
498198 918552577
4797569 943718401
2075397 918552577
1013512 897581057
3887581 377487361
2779088 595591169
6953091 985661441
4599417 897581057
4022129 880803841
3742198 469762049
2933045 167772161
1297680 985661441
6011889 935329793
2579552 415236097
4640601 163577857
3077913 897581057
2567096 943718401
236796 104857601
5660779 645922817
4253857 469762049
6276836 943718401
3644277 163577857
6896936 918552577
3065078 163577857
3976082 377487361
1901753 104857601
1598798 998244353
610405 943718401
3893534 138412033
5007094 666894337
1278105 377487361
4737210 415236097
2782951 138412033
13399 167772161
2241926 595591169
6814467 645922817
6719752 113246209
5858315 880803841
2099795 155189249
1745421 415236097
3083935 935329793
6013501 230686721
6092923 138412033
1821220 666894337
5873673 595591169
1245340 683671553
3048830 230686721
4134997 935329793
2455331 415236097
6896852 230686721
6601622 163577857
6686895 935329793
1466762 645922817
4674578 897581057
3889474 754974721
2589052 155189249
2627802 935329793
4304706 595591169
5018046 595591169
6219340 377487361
5952561 155189249
2431060 113246209
1656264 683671553
1201322 230686721
2506732 163577857
4332402 754974721
4701340 935329793
1099427 138412033
2020520 377487361
3613002 754974721
4643831 918552577
442437 377487361
6115842 645922817
4141321 754974721
6244183 377487361
359837 113246209
3352023 167772161
2247324 113246209
1083768 880803841
3959927 163577857
135875 113246209
2700721 943718401
4595159 469762049
2848481 754974721
6740580 113246209
4330931 155189249
5665009 897581057
2589031 918552577
3744407 163577857
2703505 167772161
2580548 113246209
5661591 377487361
4545465 230686721
5308343 918552577
1479628 104857601
5820158 998244353
4181927 167772161
5106705 104857601
1036359 943718401
5780520 880803841
5523710 230686721
3848590 645922817
3452401 918552577
280163 897581057
6296346 595591169
4630810 155189249
1158151 113246209
5534395 880803841
5789849 880803841
2105378 943718401
6434567 998244353
4539070 595591169
1519064 880803841
4828627 935329793
562348 666894337
4120696 645922817
4509044 163577857
2145690 880803841
1476790 230686721
3641783 230686721
2441994 918552577
5415588 897581057
3557471 666894337
5273992 167772161
3186038 918552577
5459359 230686721
1448742 377487361
2838391 415236097
2651991 918552577
1020662 880803841
28359 918552577
2914578 683671553
373064 104857601
5656407 985661441
5876095 167772161
5843237 918552577
3377831 469762049
909488 943718401
6903820 104857601
6186814 104857601
4507473 230686721
2978604 998244353
1567018 897581057
2424170 104857601
6145571 155189249
5701434 155189249
5891351 918552577
6696821 155189249
2289273 469762049
5895942 754974721
2876879 104857601
2159660 230686721
6228337 645922817
3102589 943718401
763343 104857601
4127262 897581057
674217 138412033
5569355 377487361
3739988 897581057
6508374 918552577
5502844 645922817
6584991 943718401
1680668 754974721
1177185 998244353
5767303 880803841
5308518 880803841
2422307 754974721
5251469 167772161
6813097 918552577
6156299 104857601
2722215 645922817
3597222 104857601
4420093 138412033
4522748 415236097
1724003 138412033
1387643 935329793
2859042 167772161
3688742 377487361
339862 104857601
6874134 754974721
4269811 163577857
5508215 754974721
3847805 377487361
2411143 163577857
6330766 985661441
5431514 104857601
350420 645922817
2762072 377487361
4638288 469762049
4045821 595591169
3444568 167772161
6826201 943718401
277653 113246209
6250702 998244353
4732806 666894337
5594005 377487361
4978684 230686721
5736889 415236097
745820 943718401
5064153 167772161
5619872 918552577
3458859 666894337
5816022 666894337
6902836 943718401
