1000
67108877 469762049
67108846 469762049
16777182 754974721
8388651 595591169
8388604 595591169
8388608 998244353
8388619 880803841
8388573 595591169
8388572 998244353
33554406 167772161
33554459 167772161
8388631 880803841
8388583 595591169
8388621 998244353
8388573 880803841
8388591 595591169
8388606 595591169
8388558 645922817
8388592 377487361
8388609 998244353
8388609 998244353
33554441 167772161
8388620 595591169
8388646 998244353
67108838 469762049
8388561 897581057
8388646 595591169
8388572 595591169
33554461 167772161
8388629 897581057
33554435 167772161
8388559 998244353
8388569 998244353
8388571 998244353
8388633 897581057
8388645 880803841
67108844 469762049
8388605 880803841
8388563 645922817
8388650 998244353
8388582 595591169
8388558 897581057
16777212 754974721
16777207 754974721
33554434 167772161
16777212 754974721
16777260 754974721
8388578 998244353
8388598 998244353
16777251 754974721
33554432 167772161
67108863 469762049
16777242 754974721
16777218 754974721
8388629 377487361
33554479 167772161
33554480 167772161
67108861 469762049
33554460 167772161
16777248 754974721
8388649 377487361
16777208 754974721
67108847 469762049
8388623 377487361
8388625 645922817
8388622 377487361
8388621 377487361
8388639 880803841
16777190 754974721
33554466 167772161
8388561 595591169
8388619 998244353
16777225 754974721
8388610 645922817
33554410 167772161
8388576 377487361
8388654 595591169
16777171 754974721
8388591 998244353
8388630 595591169
8388603 377487361
8388626 595591169
8388608 645922817
8388622 897581057
67108896 469762049
8388652 645922817
67108819 469762049
8388570 897581057
8388612 897581057
8388598 645922817
67108859 469762049
33554402 167772161
16777233 754974721
8388596 880803841
8388579 377487361
8388611 998244353
8388591 377487361
8388581 377487361
16777166 754974721
67108883 469762049
8388569 880803841
8388604 998244353
33554415 167772161
16777218 754974721
8388633 880803841
16777251 754974721
8388614 897581057
67108826 469762049
8388611 377487361
8388624 377487361
8388632 377487361
8388575 595591169
8388629 645922817
8388582 998244353
8388630 377487361
8388646 645922817
8388572 880803841
8388643 998244353
8388618 897581057
8388653 645922817
8388560 645922817
33554415 167772161
8388623 897581057
8388640 595591169
67108839 469762049
67108873 469762049
8388592 998244353
8388597 595591169
16777225 754974721
8388613 897581057
67108900 469762049
8388648 377487361
8388649 377487361
8388563 998244353
67108850 469762049
8388586 897581057
8388633 998244353
8388574 645922817
8388598 595591169
67108849 469762049
8388605 645922817
8388577 880803841
8388562 595591169
8388577 595591169
8388616 998244353
33554382 167772161
33554405 167772161
16777195 754974721
33554448 167772161
8388614 998244353
8388609 897581057
8388577 595591169
33554389 167772161
8388614 998244353
8388604 595591169
8388604 595591169
8388597 645922817
8388631 897581057
33554434 167772161
16777203 754974721
8388565 595591169
16777250 754974721
16777180 754974721
8388653 645922817
8388609 998244353
8388612 377487361
8388643 377487361
8388563 377487361
67108867 469762049
8388657 377487361
8388564 897581057
16777233 754974721
67108896 469762049
8388608 998244353
33554480 167772161
33554448 167772161
8388592 595591169
8388608 645922817
67108849 469762049
33554446 167772161
8388641 998244353
8388603 998244353
67108838 469762049
8388591 880803841
33554472 167772161
33554446 167772161
8388650 897581057
8388560 880803841
16777265 754974721
8388622 998244353
67108865 469762049
8388651 998244353
8388642 880803841
8388612 645922817
33554416 167772161
8388628 377487361
8388595 595591169
8388637 880803841
8388588 377487361
8388593 897581057
8388586 645922817
8388598 897581057
67108846 469762049
33554470 167772161
8388644 377487361
33554399 167772161
67108864 469762049
8388612 595591169
8388601 595591169
8388563 880803841
8388593 880803841
33554429 167772161
8388583 377487361
33554473 167772161
8388572 897581057
16777169 754974721
8388647 645922817
8388571 645922817
8388581 377487361
16777246 754974721
16777257 754974721
16777218 754974721
8388629 880803841
8388576 897581057
8388603 377487361
8388619 377487361
8388637 897581057
16777216 754974721
16777222 754974721
67108847 469762049
8388574 897581057
8388560 377487361
8388606 897581057
8388591 998244353
8388578 645922817
8388580 897581057
8388621 880803841
8388568 377487361
8388616 377487361
67108829 469762049
8388580 595591169
8388634 897581057
33554443 167772161
8388641 897581057
8388559 377487361
33554440 167772161
8388575 645922817
8388588 645922817
33554391 167772161
67108889 469762049
8388641 897581057
8388580 645922817
8388635 595591169
8388559 880803841
8388602 377487361
8388565 880803841
33554414 167772161
8388575 377487361
16777219 754974721
67108853 469762049
8388626 880803841
8388647 880803841
67108874 469762049
8388587 998244353
8388631 377487361
8388565 998244353
67108830 469762049
33554467 167772161
8388591 595591169
16777185 754974721
8388570 897581057
8388647 880803841
8388579 595591169
33554439 167772161
8388558 377487361
8388650 377487361
16777203 754974721
8388632 377487361
8388655 595591169
8388597 645922817
8388629 998244353
8388568 595591169
8388638 595591169
8388656 595591169
33554457 167772161
33554385 167772161
8388620 880803841
8388596 998244353
8388606 880803841
8388617 645922817
8388590 998244353
8388558 880803841
16777262 754974721
8388651 880803841
8388562 595591169
8388616 880803841
8388625 595591169
16777205 754974721
67108888 469762049
33554407 167772161
16777250 754974721
67108900 469762049
16777260 754974721
8388562 377487361
8388639 645922817
8388565 897581057
16777253 754974721
16777257 754974721
33554388 167772161
67108832 469762049
16777215 754974721
8388558 897581057
8388599 897581057
8388560 880803841
8388636 595591169
8388636 998244353
8388617 645922817
8388596 897581057
8388651 595591169
8388627 880803841
8388634 645922817
8388603 595591169
8388595 595591169
8388653 595591169
8388564 897581057
16777204 754974721
8388583 377487361
8388622 377487361
33554468 167772161
16777225 754974721
16777170 754974721
8388564 595591169
8388558 880803841
8388615 897581057
8388560 595591169
8388610 897581057
33554400 167772161
8388623 880803841
8388646 897581057
8388600 998244353
8388646 645922817
33554418 167772161
8388621 897581057
8388560 897581057
16777263 754974721
8388565 595591169
8388651 645922817
8388613 897581057
33554469 167772161
8388620 880803841
8388623 897581057
8388584 377487361
67108868 469762049
16777242 754974721
8388616 595591169
33554469 167772161
8388567 998244353
8388614 897581057
33554398 167772161
16777209 754974721
8388568 880803841
16777203 754974721
8388653 998244353
16777166 754974721
8388603 998244353
8388576 377487361
8388648 645922817
8388648 377487361
8388630 595591169
8388595 377487361
8388564 377487361
8388640 645922817
8388650 595591169
8388613 897581057
8388600 645922817
8388596 645922817
8388631 377487361
8388639 998244353
8388619 645922817
8388580 645922817
8388607 595591169
8388645 645922817
8388648 880803841
16777178 754974721
8388562 595591169
8388598 377487361
16777198 754974721
16777237 754974721
67108879 469762049
8388578 377487361
8388573 377487361
8388569 880803841
8388581 645922817
16777257 754974721
33554386 167772161
33554453 167772161
8388633 595591169
67108853 469762049
33554414 167772161
67108870 469762049
8388605 377487361
67108816 469762049
8388634 595591169
8388633 377487361
8388594 880803841
8388593 645922817
8388628 897581057
8388608 897581057
16777264 754974721
8388626 595591169
67108903 469762049
8388655 377487361
8388589 595591169
8388568 880803841
67108826 469762049
67108896 469762049
33554470 167772161
16777223 754974721
8388649 880803841
8388583 645922817
8388631 377487361
67108866 469762049
8388609 998244353
8388562 880803841
8388638 880803841
8388636 645922817
8388615 897581057
8388569 645922817
16777184 754974721
8388600 880803841
33554437 167772161
16777205 754974721
33554409 167772161
8388641 645922817
33554434 167772161
8388639 645922817
8388623 897581057
8388629 880803841
8388613 645922817
8388621 998244353
8388603 595591169
16777182 754974721
67108829 469762049
16777244 754974721
8388561 377487361
8388623 880803841
8388617 897581057
8388636 897581057
8388599 880803841
33554437 167772161
67108869 469762049
8388594 595591169
8388633 377487361
8388559 880803841
8388586 897581057
8388624 998244353
67108869 469762049
33554461 167772161
16777198 754974721
8388649 377487361
16777240 754974721
33554415 167772161
8388564 377487361
8388573 377487361
8388654 998244353
8388644 998244353
16777183 754974721
8388635 998244353
8388573 897581057
67108891 469762049
8388606 377487361
8388596 880803841
16777246 754974721
67108838 469762049
8388568 645922817
33554445 167772161
16777213 754974721
8388611 880803841
8388645 880803841
8388652 645922817
16777196 754974721
8388621 880803841
8388614 377487361
67108818 469762049
8388612 897581057
67108865 469762049
8388657 880803841
8388614 595591169
33554477 167772161
8388578 645922817
8388645 998244353
16777171 754974721
8388573 595591169
8388580 998244353
67108885 469762049
8388558 998244353
67108913 469762049
33554440 167772161
8388636 645922817
8388647 998244353
8388625 645922817
33554434 167772161
8388617 998244353
8388587 377487361
33554386 167772161
8388656 880803841
67108884 469762049
8388620 880803841
8388619 377487361
8388604 595591169
8388586 897581057
8388634 595591169
8388559 897581057
67108845 469762049
8388569 377487361
8388634 880803841
8388648 645922817
33554385 167772161
67108888 469762049
67108850 469762049
8388614 897581057
8388613 998244353
16777170 754974721
8388566 880803841
16777259 754974721
8388606 595591169
8388586 897581057
8388624 880803841
33554444 167772161
8388644 897581057
8388607 880803841
8388656 645922817
8388629 377487361
8388598 897581057
8388585 998244353
8388563 880803841
8388572 897581057
8388571 998244353
8388597 897581057
8388619 377487361
8388645 595591169
8388610 645922817
8388604 998244353
8388576 897581057
8388579 897581057
8388654 595591169
8388576 998244353
67108868 469762049
8388596 880803841
8388573 998244353
33554432 167772161
8388631 377487361
8388604 998244353
8388604 897581057
8388611 897581057
67108878 469762049
33554474 167772161
8388576 377487361
8388581 595591169
8388599 377487361
8388640 880803841
8388606 897581057
33554455 167772161
16777206 754974721
8388646 998244353
8388651 880803841
33554478 167772161
8388601 595591169
8388590 998244353
8388583 998244353
33554447 167772161
67108868 469762049
8388565 880803841
67108833 469762049
8388624 998244353
8388648 645922817
8388587 897581057
67108908 469762049
8388560 897581057
8388651 595591169
33554422 167772161
8388586 377487361
33554434 167772161
8388589 377487361
33554383 167772161
8388561 880803841
33554406 167772161
8388595 880803841
33554394 167772161
8388628 998244353
8388644 377487361
8388583 595591169
8388581 998244353
8388585 897581057
8388560 595591169
8388586 645922817
67108900 469762049
16777176 754974721
8388644 645922817
8388559 645922817
33554446 167772161
67108864 469762049
8388606 998244353
8388657 377487361
8388601 897581057
8388617 645922817
67108832 469762049
8388653 880803841
8388633 897581057
8388619 897581057
8388585 595591169
8388595 645922817
8388653 595591169
8388605 897581057
8388648 595591169
8388648 645922817
33554455 167772161
8388598 880803841
8388645 645922817
8388617 377487361
33554439 167772161
67108816 469762049
8388641 998244353
67108852 469762049
33554399 167772161
8388644 880803841
16777245 754974721
8388654 595591169
67108848 469762049
8388639 377487361
8388563 998244353
8388611 645922817
8388606 377487361
8388638 377487361
8388634 998244353
8388608 377487361
33554419 167772161
8388586 377487361
8388577 998244353
16777242 754974721
33554459 167772161
8388591 645922817
33554455 167772161
16777183 754974721
8388649 377487361
8388616 645922817
67108907 469762049
8388656 897581057
8388616 645922817
8388656 377487361
8388561 998244353
67108864 469762049
67108837 469762049
8388582 377487361
8388619 595591169
8388602 897581057
8388610 645922817
67108893 469762049
33554476 167772161
8388591 595591169
8388632 897581057
33554423 167772161
8388566 595591169
16777203 754974721
16777243 754974721
8388613 880803841
33554471 167772161
8388607 880803841
8388637 897581057
67108816 469762049
67108899 469762049
67108853 469762049
8388631 645922817
8388569 595591169
8388619 998244353
8388589 645922817
8388617 897581057
8388628 998244353
8388608 880803841
8388580 880803841
8388613 998244353
16777176 754974721
67108863 469762049
33554384 167772161
8388600 645922817
8388592 998244353
33554401 167772161
8388622 595591169
33554462 167772161
33554442 167772161
8388628 645922817
8388565 897581057
8388609 377487361
33554392 167772161
8388615 998244353
8388588 998244353
16777238 754974721
67108817 469762049
8388649 880803841
8388652 595591169
33554453 167772161
8388567 897581057
16777258 754974721
8388572 595591169
8388588 645922817
67108835 469762049
8388595 998244353
67108896 469762049
8388567 897581057
8388569 595591169
8388561 897581057
16777166 754974721
8388568 998244353
33554424 167772161
8388617 595591169
8388645 595591169
8388572 377487361
8388568 595591169
8388589 880803841
8388610 897581057
16777259 754974721
8388613 595591169
8388568 998244353
8388632 645922817
8388655 880803841
8388585 897581057
8388609 880803841
8388599 897581057
33554425 167772161
8388562 880803841
67108876 469762049
8388645 377487361
8388601 880803841
33554391 167772161
8388574 377487361
8388617 880803841
8388609 645922817
33554406 167772161
33554464 167772161
8388583 897581057
16777174 754974721
8388572 897581057
8388583 645922817
8388609 998244353
8388608 998244353
33554446 167772161
16777225 754974721
8388619 645922817
8388613 880803841
8388560 645922817
8388657 998244353
16777243 754974721
16777246 754974721
8388641 645922817
16777218 754974721
8388605 377487361
8388587 880803841
8388584 595591169
8388632 897581057
16777174 754974721
8388641 998244353
67108892 469762049
33554412 167772161
8388636 998244353
33554431 167772161
8388644 377487361
67108891 469762049
8388643 998244353
67108880 469762049
16777258 754974721
8388626 998244353
8388644 377487361
16777238 754974721
8388571 595591169
8388571 595591169
8388641 645922817
16777193 754974721
33554412 167772161
8388633 897581057
67108846 469762049
33554447 167772161
8388626 998244353
8388631 998244353
8388637 595591169
16777181 754974721
8388601 897581057
8388609 998244353
16777174 754974721
8388587 998244353
16777248 754974721
33554432 167772161
8388574 595591169
8388623 645922817
16777167 754974721
8388629 897581057
8388639 377487361
8388609 998244353
16777210 754974721
8388585 377487361
8388589 645922817
8388568 595591169
33554447 167772161
8388569 595591169
8388622 897581057
16777234 754974721
8388595 645922817
8388603 880803841
8388562 377487361
8388595 880803841
8388583 377487361
33554471 167772161
67108898 469762049
8388602 880803841
8388656 377487361
8388625 377487361
67108904 469762049
8388633 595591169
8388639 377487361
8388616 595591169
8388588 880803841
67108888 469762049
16777189 754974721
16777256 754974721
8388616 595591169
33554441 167772161
8388574 880803841
33554415 167772161
8388652 880803841
8388585 998244353
8388597 998244353
16777180 754974721
8388597 897581057
16777236 754974721
8388625 897581057
8388574 377487361
8388569 645922817
8388604 595591169
8388577 998244353
16777224 754974721
8388616 595591169
8388574 645922817
8388572 880803841
33554461 167772161
33554439 167772161
8388610 595591169
33554384 167772161
8388601 897581057
8388636 897581057
8388598 377487361
8388610 880803841
8388657 377487361
8388571 377487361
67108814 469762049
33554391 167772161
8388582 377487361
8388630 897581057
8388565 880803841
8388563 595591169
8388642 998244353
33554437 167772161
8388637 377487361
33554401 167772161
8388580 897581057
8388653 377487361
8388586 377487361
67108892 469762049
8388583 377487361
8388608 377487361
67108867 469762049
8388563 998244353
16777263 754974721
67108818 469762049
33554442 167772161
8388613 645922817
16777232 754974721
33554437 167772161
8388635 377487361
67108828 469762049
67108882 469762049
8388613 645922817
16777232 754974721
16777217 754974721
8388635 880803841
8388592 377487361
16777198 754974721
8388609 645922817
16777237 754974721
67108897 469762049
8388593 377487361
67108885 469762049
8388626 897581057
8388643 595591169
16777167 754974721
8388626 377487361
67108853 469762049
8388567 377487361
8388640 377487361
8388613 998244353
8388617 880803841
33554453 167772161
8388583 595591169
8388562 377487361
8388638 897581057
8388586 595591169
67108851 469762049
8388656 377487361
8388625 897581057
8388604 897581057
8388605 998244353
16777242 754974721
8388647 595591169
16777175 754974721
8388563 880803841
8388622 880803841
33554385 167772161
67108849 469762049
33554430 167772161
8388573 645922817
8388629 880803841
8388654 595591169
8388578 645922817
67108904 469762049
16777198 754974721
8388607 998244353
8388657 645922817
16777244 754974721
8388623 998244353
8388650 377487361
8388592 645922817
8388566 595591169
8388624 595591169
8388655 998244353
8388575 595591169
67108838 469762049
8388614 645922817
16777175 754974721
8388588 595591169
8388639 897581057
8388610 377487361
8388596 595591169
33554472 167772161
8388608 897581057
16777230 754974721
8388634 897581057
8388643 645922817
67108912 469762049
8388585 880803841
33554459 167772161
8388559 377487361
8388634 897581057
8388586 897581057
16777211 754974721
33554433 167772161
8388604 897581057
16777176 754974721
67108859 469762049
8388621 880803841
8388591 377487361
33554394 167772161
8388649 645922817
8388565 377487361
8388576 377487361
8388640 897581057
8388569 998244353
33554409 167772161
8388620 998244353
8388559 377487361
8388649 880803841
8388643 377487361
33554427 167772161
8388609 880803841
8388561 377487361
8388568 645922817
67108912 469762049
8388633 377487361
8388562 897581057
8388580 645922817
8388650 998244353
33554398 167772161
8388574 880803841
8388637 880803841
16777240 754974721
33554440 167772161
8388621 880803841
16777188 754974721
8388641 377487361
67108847 469762049
8388613 377487361
8388573 377487361
67108879 469762049
8388638 645922817
8388610 897581057
8388582 998244353
8388571 595591169
8388606 998244353
33554437 167772161
8388636 998244353
16777166 754974721
8388582 998244353
8388636 998244353
