2321
299 1277
2312 773
194 1658
711 114
1525 945
409 2007
1800 1895
319 960
1503 1425
1753 2111
804 122
1799 1455
2175 1499
1598 1075
1762 1605
277 298
619 1157
1209 305
1236 616
1577 2172
950 550
510 237
1427 1900
1029 1872
455 1792
1427 330
1928 898
1571 775
46 819
284 915
1761 2242
1510 1155
115 457
1119 884
1284 2196
751 2046
175 1241
1056 1310
1259 1702
977 1557
522 247
891 954
1884 1158
1197 1390
1446 1123
72 59
1215 826
453 153
779 406
1763 951
1388 568
492 1675
1748 1541
1043 2117
2092 1521
2273 1829
629 1739
1019 1387
1976 491
176 1888
70 866
1061 1192
370 521
931 540
892 1291
677 1810
704 1485
1292 1175
652 206
1487 419
1788 992
1733 2132
625 692
483 963
78 617
1397 1276
1603 1775
791 1697
2205 30
1096 2264
1193 1413
498 342
1615 1026
1868 1846
1644 1256
735 72
1950 1248
244 1517
1031 304
1091 1568
847 2100
1241 2252
1782 828
270 1649
594 636
574 681
1289 1366
837 1242
37 2192
2242 779
623 193
1112 1042
2251 2204
521 1185
1139 2300
1987 363
2177 27
989 374
2161 1719
660 1483
16 1952
410 912
156 1002
958 1941
1160 852
2258 1725
1835 692
1509 1182
165 644
345 1221
524 2181
1059 1558
1441 1890
457 656
1228 894
607 1634
1275 1307
755 2278
655 1656
98 2246
862 616
2116 354
1235 2131
529 334
573 1284
2173 1911
848 2103
716 1253
543 2129
1345 2229
1651 881
1694 856
1620 861
1607 2306
702 1498
1428 2145
2293 414
119 729
1604 2111
1244 390
2313 1192
306 499
1266 1236
366 2263
591 758
1760 1843
1324 822
2031 1959
662 1579
167 236
1573 2043
1885 1798
438 2236
2126 1605
315 148
1336 943
1649 1223
2305 2046
1128 1803
1808 1777
2018 1840
1547 1147
1027 209
394 569
2063 769
1399 861
1718 1096
1708 173
2056 1546
231 1000
1119 367
1347 2013
1964 2063
1983 1663
1850 784
646 1807
1820 219
512 2095
1102 1548
350 821
1960 1922
1669 2042
259 1972
1010 736
563 829
1091 1153
111 882
1259 430
1047 1489
1676 1897
1332 1517
1174 1059
971 1797
559 1842
39 787
2151 1356
721 2211
412 334
1554 1439
1274 2027
668 1616
503 221
452 2288
829 1729
377 2219
565 1195
1408 1845
1055 831
1141 535
451 1660
1692 1172
326 1742
760 1166
1996 265
666 2118
1974 1633
1350 24
1651 1423
1297 1503
1743 486
865 1469
1510 2301
2285 1033
1385 1540
2060 1089
897 197
1062 967
1640 376
1685 562
589 496
377 368
1340 2282
2033 2014
1019 423
1045 95
236 1780
1334 1730
808 1710
1501 362
982 904
2000 1172
303 2093
344 1832
117 1933
2113 999
2168 1287
215 868
1869 2114
19 1802
513 1611
1882 1589
497 539
1630 832
164 890
198 1957
2239 1453
1942 2234
224 1635
1464 1340
442 1017
1037 214
1478 2069
592 0
888 408
929 1563
1252 2107
1618 608
714 1156
59 874
2094 1085
1864 106
2258 1456
910 746
536 1545
86 689
1577 782
372 719
2092 1380
1988 2078
1008 1404
1828 333
2243 1832
2201 1136
2309 1211
1118 1299
1090 1894
552 2316
2230 1736
230 1843
2155 2207
1307 1226
1584 1092
573 1206
1384 1343
1849 914
996 533
593 289
924 917
1507 570
2027 310
525 2163
557 328
219 1889
2148 1472
2084 724
246 2320
1696 2102
1490 1805
1617 313
1792 1430
1029 1740
569 1460
1082 275
2202 2106
1257 1738
338 2268
54 910
1804 1280
1975 1007
49 1955
1233 1088
1618 687
641 1423
1068 58
747 418
461 1610
516 526
2286 230
399 1593
1750 1305
2106 1386
1532 1646
2048 2251
1151 715
2261 830
1171 508
1023 1333
2150 1428
81 1641
1181 102
450 1981
1504 375
427 302
596 1281
739 28
446 901
43 1881
2188 1003
92 577
1077 817
375 1104
1037 2041
214 2254
287 1553
1051 1683
1491 126
2319 2233
2315 2137
1639 2295
1505 1556
1393 1656
635 732
723 1763
975 1361
394 2225
86 992
1870 413
1355 1255
730 869
741 581
1218 1665
1570 319
566 699
444 649
182 1543
1932 1570
501 1078
975 1170
1094 2255
48 440
229 140
1422 936
1887 1899
285 1415
134 1131
1900 921
1636 553
61 1523
201 301
1492 94
519 21
217 549
1090 1388
1168 135
2243 103
1371 1273
2219 966
900 1765
960 1931
398 132
1711 1065
2195 2281
1463 1740
1429 1536
2197 115
2200 845
1323 2090
232 207
732 14
1325 1657
846 154
1522 1566
582 380
1616 1553
388 1072
744 2271
2036 765
50 1375
2234 1761
1217 448
1683 159
843 1405
1702 1073
1830 1774
1827 1212
1186 502
2 94
245 146
1970 1081
922 2146
1751 1311
1092 2227
2009 1979
1546 523
1331 667
1176 1706
199 1391
1625 1814
68 998
1958 2104
1930 536
2098 2044
1130 1245
163 2224
1138 331
1877 2052
1947 834
333 1305
2054 442
1334 1025
445 2285
814 2209
1773 576
515 688
310 2317
585 822
207 1556
896 488
257 1086
603 10
2257 227
189 1223
124 1518
1461 1477
1512 1160
545 916
1876 190
1184 2178
2215 1754
1705 1612
1865 267
2043 1767
273 2241
1974 2207
892 2272
710 1758
2240 125
1778 2226
1766 2140
1110 2010
1821 1782
1872 405
2208 57
352 118
951 768
752 1578
660 421
18 243
2082 1208
1748 1654
425 187
1246 564
718 524
407 64
1866 286
1417 381
318 777
1074 956
752 542
2260 1682
717 868
1086 696
41 309
2023 1700
1231 3
634 2001
1459 1084
1406 1724
2070 355
1531 2141
1327 273
517 2310
928 262
342 937
1534 707
1886 2128
670 1153
821 1939
203 762
1168 1884
807 1720
1938 1324
1184 291
1188 1344
1541 1648
653 196
171 1575
1250 321
1826 926
599 1580
11 2269
1516 1243
1329 2048
1769 1814
1038 706
844 608
694 1319
225 1971
1770 1254
1827 1945
171 761
1410 946
949 1177
5 1122
40 654
475 1104
571 1495
878 700
210 1897
1963 383
1370 1230
1940 2015
678 547
2286 1101
930 781
1806 61
584 2184
2213 1470
1871 1582
133 109
721 1949
1439 1133
984 1431
162 2165
1257 1679
437 1048
47 1010
1234 1210
1461 998
1317 2279
2177 2277
1860 2193
1212 777
1855 2230
2298 2233
2032 292
1412 1504
632 54
112 1603
382 1270
1737 2020
340 10
1003 1606
1015 1818
1655 2221
1671 311
1584 2171
1063 1014
1337 463
404 1655
2031 166
1133 212
1154 1451
2250 433
1374 840
1493 1440
275 2171
2261 1358
769 933
1493 1007
396 765
360 1488
1028 726
421 932
2127 1585
1572 1561
741 2262
637 1039
2278 1128
1992 1877
804 1819
2086 1866
2045 308
126 1599
1331 1442
649 504
428 1615
1538 955
460 713
92 1943
839 1778
1780 1786
1117 918
1004 1251
2035 276
1294 301
2075 1111
2204 1339
465 1592
2058 823
385 820
997 7
88 38
2223 1203
1232 812
835 1321
1433 2089
1929 885
982 6
37 1443
701 870
1051 1906
1628 581
278 1409
1426 1909
927 767
34 845
365 720
156 1977
677 308
33 1816
923 50
22 80
1351 1502
749 1333
294 990
1408 941
805 373
347 1343
776 1976
587 860
864 683
934 429
1375 1535
317 1243
1127 322
498 1200
518 1946
1727 296
754 145
1057 335
2044 1858
401 2187
615 2146
797 2054
407 52
858 1668
1534 2205
1902 1664
994 1308
1207 2182
201 23
1335 1524
1286 785
1303 2132
1372 439
1460 699
995 1916
1187 841
990 1024
667 1789
1624 840
1752 1155
676 1533
690 899
1047 676
456 430
371 709
142 817
1542 680
1861 658
1766 174
862 165
2157 1535
969 2156
1757 1892
981 1614
428 384
1450 73
1261 2094
52 1301
2236 551
1448 2298
474 2112
466 1744
417 361
940 1622
107 1170
2003 1686
943 1781
88 2133
2041 67
1344 2186
1435 1499
2254 679
116 337
708 1171
242 1392
484 2288
1913 378
836 1337
841 1227
1367 1401
1781 895
1487 896
162 1342
2150 137
2247 1368
279 1070
269 786
1013 694
1604 363
1671 1837
2303 759
306 2248
583 108
794 1742
311 1816
834 184
2210 604
565 703
424 740
1796 1093
1306 392
1077 942
366 1719
89 522
2050 1330
548 1293
1776 2193
1124 686
1587 1905
321 189
1911 1917
2039 2276
650 631
2051 797
269 1693
1115 465
727 1209
594 1381
999 1145
336 235
1589 297
49 1557
1330 2070
1772 1925
622 227
1482 1588
1734 127
770 904
1120 913
756 1053
855 2194
873 1372
265 1995
709 1703
778 1112
718 788
1558 967
1050 1635
792 1395
964 1481
1464 1745
618 327
2314 2039
754 2231
111 2011
1909 609
2158 1199
485 138
2090 722
2320 976
316 1807
1079 991
1339 180
158 1309
877 600
1479 1850
1178 1568
1159 2100
1847 454
40 1194
1695 1020
69 805
714 1596
1011 161
282 253
807 1189
1282 1706
1369 2201
1593 1624
1992 1693
675 2075
1213 948
606 1118
2047 1116
160 1779
887 196
1262 2186
1542 2318
1421 97
852 2156
118 2275
1443 833
1078 1288
1821 1158
1303 2116
1117 200
2125 1560
2235 2072
2299 1715
1757 849
697 659
857 1207
1642 2098
711 1358
798 1500
1283 84
599 728
2287 392
792 970
596 234
624 513
1583 1376
1953 1653
876 2047
100 1294
2248 1756
1724 885
1903 2202
2119 768
2059 1074
1880 1214
962 314
139 1083
2182 2135
690 2066
2055 1320
1328 919
96 177
514 1705
612 774
1224 2145
1229 451
1036 1263
537 393
722 849
766 200
1700 1823
2206 624
2099 1944
902 531
80 894
1177 1120
593 1848
146 1478
2266 665
2066 1409
727 1564
303 2103
1826 352
1946 1486
185 705
484 1921
1456 205
143 1550
447 511
1175 1889
926 1800
743 558
1044 2130
628 295
1135 158
2079 344
1927 1520
683 1390
2036 561
1008 1549
1400 2029
36 552
2123 980
216 477
2184 789
1851 1497
500 1863
155 27
120 1824
2239 218
1290 1677
681 2092
719 1265
397 1634
583 1699
1377 91
1195 85
2166 1840
322 1342
664 1129
1180 2268
1978 253
2160 1967
645 1716
1741 1690
542 1852
1714 470
1278 1599
75 562
959 2073
1291 3
2026 1299
1369 1790
1606 1795
930 2012
830 2071
1122 1314
1598 1923
859 178
1717 1997
988 801
1080 1773
1293 1920
7 661
412 99
1018 1985
737 1817
1498 2071
1903 921
776 259
588 976
534 916
1834 1415
1626 1069
622 1256
66 1191
2122 479
240 1061
1749 2082
2311 1201
1526 376
510 1013
1189 2029
1861 1859
0 1844
1321 661
449 725
106 1251
2136 1659
2220 2003
1543 606
1376 1445
712 1965
1728 1930
1508 1643
743 292
1385 1312
2218 1508
1784 2057
1552 341
1550 1596
1625 243
1679 96
483 1012
1623 1851
2279 1926
1032 2164
2032 181
809 2296
1295 1444
2067 1471
1183 1450
551 2307
325 1049
264 247
313 213
1052 1730
9 1411
1216 1502
1301 2266
1750 1354
913 2139
802 1105
369 2157
2011 1692
1268 1919
1269 329
813 529
1367 2267
1956 944
1680 1268
1329 950
2126 566
1481 1323
1041 2176
400 1669
2091 1838
2206 2061
1432 478
1919 1873
2174 2074
1982 1952
2225 65
1142 2035
2128 1786
1810 1684
621 1188
1392 2108
105 2240
414 1302
136 598
42 2158
1681 1785
755 1263
1707 179
730 1998
1728 471
970 1842
1521 554
2175 1146
2068 131
487 324
469 426
211 610
734 6
478 2214
1996 398
1402 282
509 900
152 843
170 368
1125 1601
2110 241
2280 1697
869 1587
824 1437
1163 1720
491 1990
1083 1315
889 1279
459 1429
800 803
517 2210
637 1296
1085 399
702 77
315 1723
1098 783
1678 314
2016 129
12 1759
1961 726
1735 1853
1590 1561
181 1161
260 1829
1735 443
1691 881
2196 289
764 1847
2199 293
370 2097
1162 1064
2190 1892
1928 578
1084 13
851 1465
1005 480
1767 630
632 1710
23 104
1856 2117
1686 299
434 1993
1479 294
2124 911
44 1033
1914 190
2025 336
576 67
2314 865
1551 1927
639 816
60 1775
1129 1173
1048 2267
1528 209
1151 883
2215 1790
645 577
515 2284
2016 602
549 1181
1562 1196
1316 2152
958 674
148 620
44 1954
2245 1713
2040 1893
1845 1226
1304 31
268 271
1995 1869
1210 1898
224 458
2105 786
1902 920
532 1279
1310 1770
1585 1457
2062 1132
1773 1121
531 602
716 1374
744 793
2197 1244
2139 972
2274 266
1016 695
1445 1057
137 1030
1644 1942
1248 489
1441 1262
393 2203
1332 467
1326 458
1718 1186
742 1621
1674 168
1317 1017
903 944
1988 1695
1799 1822
1794 778
326 252
2273 349
1772 105
99 249
582 1528
1067 2010
17 1034
815 280
279 617
1164 387
1929 878
1551 612
630 1220
785 1040
1642 2245
272 1849
362 1027
1880 1038
346 1287
132 987
1185 614
2283 1626
1325 1193
1737 231
1419 1351
141 1187
1032 1667
2125 1357
1681 266
1531 1803
905 774
1809 78
927 685
1745 2024
1633 908
1247 2264
2272 1825
1682 685
1811 1224
863 687
262 116
239 994
1662 1270
965 2247
922 2235
1311 1140
1347 1275
1298 854
1412 472
1519 1592
1346 893
1539 161
153 1833
481 611
1191 669
128 941
41 2137
29 1080
2038 890
1746 1885
639 2118
1982 2096
2057 1095
436 1834
1536 560
1804 323
472 1948
2166 1140
1475 651
1409 213
1174 1494
917 2290
1835 1016
338 1411
1023 957
2040 1469
339 1825
1932 477
1962 1729
506 740
1403 2129
979 1477
410 1434
1313 1576
456 1216
2055 544
1410 2148
1260 1569
2053 1879
2056 2069
1529 914
956 953
1744 130
1940 533
191 1138
2291 276
1883 386
337 1125
76 2295
516 1601
1097 1947
695 1139
1564 1516
296 1173
1808 555
1323 1851
801 2277
1258 1760
238 1547
597 1238
2185 1416
1483 1043
1060 2265
1972 2093
840 1015
1691 159
932 1228
1994 354
1103 1480
794 463
541 2260
1530 838
1405 733
538 1989
1768 1855
763 1608
635 1362
1661 824
657 2133
2180 218
406 2105
1678 1327
1437 644
1035 441
113 335
1276 1667
1141 121
947 51
2052 938
1097 736
1106 748
2017 1030
781 1793
836 1755
1852 1901
1359 1515
1363 176
55 2256
571 919
381 482
2124 425
848 2180
609 2306
2212 773
1668 1569
220 2162
1147 357
600 1467
717 1650
2302 1783
234 188
1646 2077
1785 16
2050 64
1721 1054
690 1312
1081 2042
995 1167
572 1891
613 46
1991 584
601 986
1505 813
1530 120
826 1107
1980 290
1044 854
317 1466
2223 149
2270 589
2263 1238
1636 1165
833 757
2113 1313
1143 222
1444 887
1951 274
1382 1675
494 1457
2028 355
664 2004
1501 1110
1973 977
1338 603
2076 554
2244 1960
627 710
759 1239
1114 1072
899 647
175 1936
2291 416
1473 724
391 674
1255 1824
1759 2164
1109 650
2067 2147
864 1384
1271 38
633 1197
229 85
905 671
112 1031
93 1355
1049 490
2083 1959
969 810
737 907
1813 835
348 567
558 1823
1506 1518
2002 1204
481 806
640 1839
1747 1404
1581 621
174 203
1496 2227
295 100
372 957
575 485
590 331
1802 939
783 1979
1914 2065
1088 1922
1289 1639
1448 93
1793 30
1387 1482
1677 1788
2176 2313
983 1555
1249 45
1741 920
1831 1627
2140 691
1537 1495
1102 1350
827 858
432 1356
1765 1422
256 546
2159 924
1967 1630
1712 832
212 1264
62 505
1916 825
441 226
389 1691
495 2228
351 62
274 2073
371 2170
890 402
417 1230
918 2101
867 102
486 1734
908 1723
514 121
240 1001
117 842
799 461
543 98
657 791
1407 452
1891 1539
855 1876
1253 1407
672 871
1326 1486
2061 1701
780 873
728 1998
341 1987
585 1131
684 1582
1752 553
1203 309
460 233
1607 1452
895 101
1856 503
2289 720
246 2152
1071 2257
1157 2185
1292 1696
2229 489
2023 1442
2122 2126
1114 947
435 143
1137 2102
847 899
1424 2019
255 26
2153 1920
539 1107
828 1943
629 349
1934 340
1484 2305
221 357
290 853
433 2231
2292 1881
1458 1676
496 225
851 1958
1511 101
2302 535
1898 2149
1886 1383
356 1841
1846 767
1395 2232
476 2026
297 1219
87 1538
626 872
1806 1269
1791 973
2134 1552
144 2212
1913 1918
1359 2311
547 1672
859 948
601 1295
618 1377
974 1739
806 1771
1353 420
233 2221
1414 43
1817 2108
898 1822
2249 169
2142 734
954 880
2008 1894
250 1641
780 1466
1632 241
1764 1654
2270 378
1674 2290
2134 2087
2068 426
906 1915
1672 2276
1984 1371
559 1039
1562 663
1594 443
1285 959
1591 763
1006 2188
232 753
1704 880
1716 2153
258 1076
467 1586
693 796
150 359
2167 361
1211 455
715 1747
527 74
1183 875
1413 1001
1318 1420
1103 979
1698 388
1507 2226
1468 1559
83 1787
1638 1624
681 1061
772 152
623 698
1794 25
2237 379
1779 1758
815 384
1868 151
2155 1159
1021 1260
154 2077
1708 1627
291 891
1280 819
640 1787
706 2114
324 1266
725 2216
343 875
1912 1915
923 1924
163 2110
415 673
1454 183
1042 1726
1699 525
1514 771
1011 1608
397 2076
1188 2300
1754 1320
1454 590
431 1986
195 1232
1237 2096
1888 1969
1514 782
305 811
1632 1314
2312 1233
658 2220
731 1961
678 2062
1743 1648
1123 464
1709 1202
871 1035
1717 857
4 2170
1722 1497
1572 2130
2190 12
34 1397
1689 712
2012 127
235 580
811 1099
2020 197
1875 820
2144 2319
978 2143
1046 1664
2022 1617
1520 1704
1777 1352
1076 1087
1801 1689
1524 1756
1997 1034
195 1687
1214 909
987 1968
1895 32
1064 507
1575 2271
1989 812
1954 2135
177 698
2005 978
1068 656
1335 1549
984 320
254 446
20 1455
440 2074
1176 2028
537 2297
2213 327
1021 380
1937 1145
760 1910
1795 404
793 1813
1944 1282
1285 1751
36 480
469 271
534 140
409 756
261 1054
986 147
876 955
2014 151
1000 1050
1167 63
431 1237
1937 1130
124 419
2283 501
1622 2141
625 281
1513 1451
1234 71
1472 985
1725 348
1836 519
1144 989
1447 1101
1652 1055
1156 2030
2049 1844
304 745
605 19
1778 411
497 1522
1907 1389
215 1797
1165 2072
405 981
1853 1419
358 1865
35 1985
1999 795
2030 434
1591 1631
1004 422
1480 411
985 193
2033 346
504 401
365 1828
272 965
545 2237
186 1152
205 1560
1836 1925
1605 2292
1887 1597
1065 1736
748 475
454 87
1612 75
1733 1938
263 566
1149 1854
1416 1904
1453 1045
1151 1264
1162 556
1192 1581
493 1382
2173 1574
1811 2208
654 1555
312 1075
1071 360
33 1022
1820 145
1126 1026
1364 1614
1306 374
76 450
449 144
761 356
1652 1492
1105 1955
1462 1146
1867 280
2136 578
1715 1789
1983 1446
850 1908
1099 523
1364 641
2101 210
751 1893
1484 2189
2218 961
505 825
1815 1322
2109 2017
2002 1712
1485 2198
293 700
1890 988
138 198
980 564
2084 708
2004 670
1809 1258
1379 1036
1906 1459
1523 60
1009 1713
1066 424
1565 1525
2250 1113
186 1396
1674 847
330 1936
1265 185
56 1818
1964 53
901 4
810 633
2238 2015
21 238
1121 300
638 818
2162 1394
1296 1857
1830 1473
779 439
172 746
2304 206
1115 1978
1134 2127
1488 753
307 1300
1912 1637
1661 1190
2194 1860
1812 180
1393 1611
187 1447
2088 422
1854 850
386 673
77 798
329 2217
1227 435
1360 58
436 1519
799 1178
184 418
2282 842
312 2045
1254 528
1924 468
1272 643
607 750
839 1999
2119 1957
886 2241
643 204
1576 1613
1368 2051
97 1283
208 1348
63 1647
1670 1425
2308 651
1986 2091
1666 1401
502 444
1474 119
1373 749
1491 468
1346 1791
104 2079
1609 1163
29 1970
473 818
968 391
1805 1574
1703 1252
567 2195
784 575
1544 2151
1126 874
1684 1758
278 1298
264 1389
800 2160
903 638
1764 423
938 125
742 2316
1222 2006
353 1864
729 1438
1277 2009
613 400
307 2104
739 555
285 157
1060 1022
1357 2007
128 1657
532 459
587 1148
91 482
2211 1590
25 367
1149 546
160 1544
1014 17
2269 2154
846 1379
347 764
889 1056
1762 873
45 1969
579 14
1949 1403
1878 1205
109 1470
345 1727
1052 492
1690 84
909 2059
506 2294
369 1526
1297 1867
541 2000
1515 1142
223 1933
147 2025
2216 1341
1338 1353
1882 1366
499 1901
560 1144
35 122
642 168
1991 526
1904 69
1833 1931
1628 211
395 1848
1707 1235
413 1180
328 1200
2183 1476
1365 1977
1418 258
1513 1431
2203 70
940 2121
1694 2253
2085 1917
155 952
2179 373
897 2105
1273 1348
1433 179
332 1871
1449 1231
199 439
2172 733
1009 427
1532 2013
415 1360
1274 548
1973 2238
556 620
1418 1994
831 2281
429 691
1975 2021
1926 886
1537 1272
1169 991
1637 646
2107 757
1328 879
403 1475
1315 1527
107 1962
2296 993
320 1194
323 79
1430 316
592 1225
15 682
2167 925
150 1935
82 359
1394 261
1629 2087
220 626
2280 2115
888 595
1229 2120
507 1963
141 139
1 1040
222 2090
1046 928
2019 2169
1108 1841
723 1769
353 1688
1798 2165
1024 1247
81 1319
1152 2318
182 403
2085 1341
1421 2284
257 945
283 1136
71 1527
934 2299
1309 563
1907 2300
1100 605
1701 1471
1999 67
1467 1070
924 883
1432 2080
1458 1645
2255 123
789 1202
1198 2088
74 250
113 1069
1874 1436
1831 1494
1945 267
1361 2006
252 663
217 665
520 1113
149 300
666 1435
1563 808
123 809
893 2246
2081 935
1666 1688
228 884
1753 1620
2083 2187
672 1858
1647 2112
1087 1722
512 1398
1796 1658
1378 1673
254 949
1376 1638
610 964
1463 1198
879 216
2086 1399
1201 1801
1449 1205
1222 688
1304 1857
933 1621
1660 1225
1500 1771
750 530
1663 47
15 1116
528 2005
500 249
1080 2021
1093 2163
1698 256
2256 1595
1290 1196
579 494
110 867
2008 2181
758 1768
1300 2294
1383 2259
2293 648
1286 877
1109 2149
358 1935
1018 396
1318 915
1386 390
2144 1643
1271 1
1588 18
131 136
872 382
129 8
79 1111
166 787
775 952
1896 611
814 416
1594 570
251 839
1921 929
1182 1953
2189 697
2168 263
90 1732
1573 284
239 1081
1774 1150
1776 936
803 1990
2143 614
870 283
1082 1349
2304 703
1245 1784
1968 1132
1496 1220
671 1650
823 1566
2307 90
1474 925
1217 1812
2224 912
1571 1316
2034 164
172 1873
1511 133
802 1951
1391 1400
286 2259
642 192
55 223
1204 860
445 669
188 471
268 655
1567 1545
1089 395
1731 1452
1586 2024
343 53
770 1190
350 972
628 1540
520 447
1242 178
882 364
1923 689
1905 1711
1941 432
490 907
863 1714
2044 335
487 1600
488 1218
2138 22
1020 1862
2214 83
95 2301
20 1554
1362 1966
1738 51
1208 509
1631 1124
1506 1246
102 994
1837 1288
572 1981
318 935
1883 1476
1746 816
2315 2089
684 518
1602 1053
281 653
1468 302
588 996
796 1580
550 710
1378 2097
2191 715
364 902
135 1028
1426 659
2147 1732
2244 251
881 411
2053 1438
1619 2115
2121 762
1638 495
1709 580
82 1005
339 462
544 1073
1874 204
448 696
1465 1653
197 213
1685 1414
1179 973
1164 389
1878 675
2060 1406
2249 704
2303 1879
24 1680
527 1597
202 1148
2123 1870
191 1166
668 1154
2265 1645
1240 255
853 1548
2099 1815
248 1127
462 2095
39 1380
1434 1613
2066 772
1819 2169
2309 2064
1094 631
568 1948
1250 157
263 1779
1063 1417
56 325
1839 1918
1602 1079
2199 1950
1062 937
2037 1980
1993 260
771 648
2192 288
2178 245
627 1623
1396 1956
1565 790
1261 508
5 1402
1984 1726
1370 2037
2310 1249
766 1966
2038 722
1512 2154
636 420
57 466
1006 1662
1859 2198
557 1058
993 2131
73 248
1363 134
966 493
31 1365
2001 1137
1610 1440
595 1002
242 997
1308 931
1108 167
114 790
244 288
1267 2209
13 962
1436 1213
1336 2275
2174 1100
897 1673
1533 1221
476 1965
89 1106
911 1863
2287 1910
1098 473
1322 1095
1278 619
474 1424
1971 103
1206 2317
1862 437
2034 713
479 202
747 939
682 194
226 844
866 1583
2217 707
983 1749
2065 738
1420 453
2049 48
647 731
130 2289
586 11
2064 2297
228 1150
1051 1858
387 538
1755 586
2080 1066
2183 1896
1600 735
591 438
574 686
2253 530
26 28
1179 1354
1143 2142
1015 402
173 2222
2232 2179
2138 9
2078 662
1134 2120
1041 1899
1939 1659
1875 1381
946 1240
953 1721
2159 170
1349 856
1025 379
1199 1161
1181 1521
561 1239
679 287
1281 837
652 298
1670 680
1559 2
110 2274
464 963
32 1529
2222 693
277 1640
2058 1219
540 827
1462 2200
192 598
169 1373
385 511
942 906
2161 1578
1490 1352
29 2308
961 332
65 634
55
21 56 73 65 17 48 47 14 43 3 32 37 53 58 9 38 15 43 38 27 10 64 61 28 8 76 63 68 50 29 24 71 34 12 69 9 33 7 28 55 1 38 53 25 27 27 19 15 62 64 74 32 16 43 24
