1232
910 87
274 351
1221 856
678 342
689 1087
685 885
879 1005
174 1220
1207 527
106 208
806 1041
787 1059
811 186
1179 393
556 771
953 1001
422 1021
796 223
906 516
610 521
305 598
344 711
418 444
189 136
1112 456
420 83
553 684
310 548
1122 41
679 296
118 681
892 403
332 738
569 1193
1202 1014
1149 686
1109 823
125 102
1012 29
971 847
624 592
195 868
529 606
1081 306
713 998
386 1076
362 1066
576 992
663 821
1000 683
652 549
134 293
328 270
64 349
755 672
682 487
127 30
958 523
240 402
617 944
701 163
1034 1195
173 960
4 1088
636 543
925 484
711 912
620 152
627 1215
180 704
563 379
666 450
545 1218
786 982
503 394
806 242
625 697
83 670
343 371
431 287
825 733
585 1107
332 326
1198 717
552 372
895 736
1114 191
728 413
383 922
248 850
407 974
848 738
281 789
834 465
548 533
760 871
260 400
796 1098
207 150
59 459
330 833
22 197
966 589
537 8
835 597
528 307
182 1129
159 233
1091 624
1096 1101
111 35
844 657
354 326
993 181
1141 357
805 1167
410 569
367 202
361 233
978 515
425 1033
482 25
769 1002
863 335
521 400
80 732
1123 293
851 60
968 1157
1229 9
335 238
719 15
942 1120
703 323
661 278
844 203
163 886
705 1038
649 393
824 943
288 398
1032 253
1009 219
404 886
112 56
1076 234
1106 1168
989 280
790 865
600 903
1146 754
797 635
1202 22
263 369
475 279
43 371
283 1053
948 455
1018 475
164 662
361 26
1006 203
1018 152
513 1063
1192 974
255 282
294 285
186 270
708 382
1025 1129
14 820
1055 762
1013 68
466 860
1045 281
235 501
34 275
517 139
440 1146
950 778
161 599
460 812
416 883
409 547
368 224
981 490
994 1186
644 130
3 232
171 675
210 956
923 648
199 565
92 154
1175 19
973 719
108 498
433 144
567 804
224 737
965 630
424 639
144 59
639 1036
939 71
243 1024
5 493
514 551
817 1171
1188 264
360 1067
712 341
138 604
193 436
780 829
807 530
901 600
1225 522
409 358
66 1097
874 951
563 580
469 447
1004 984
637 354
994 708
800 526
827 995
813 49
462 524
415 407
381 916
1052 865
147 707
833 754
14 1173
506 598
1077 910
217 17
435 222
674 47
814 1133
1073 1026
705 226
344 114
767 928
653 740
3 274
1154 1133
586 356
572 369
1081 698
383 170
735 577
991 799
767 87
231 452
98 60
1148 603
496 333
747 523
408 267
983 37
1173 959
783 498
297 1206
700 1016
1156 871
465 945
372 260
406 1027
1039 460
628 484
955 352
527 331
693 839
700 1017
466 1077
389 483
1084 696
208 487
1020 1212
872 919
647 12
262 723
759 183
133 676
421 645
376 874
701 810
850 939
227 1209
632 1064
859 372
392 1115
229 844
986 1168
107 626
131 811
360 1138
1174 1097
887 783
170 185
188 165
441 841
434 625
667 1103
379 890
218 631
191 116
525 831
809 1222
159 1193
116 793
860 735
67 921
727 532
236 987
239 230
276 443
304 1230
1185 882
991 877
1036 276
220 131
125 165
953 157
892 156
311 1196
128 398
924 1199
781 302
298 349
290 503
375 640
761 755
821 320
462 494
2 421
374 582
236 560
1217 712
757 246
285 876
593 940
266 768
1142 321
130 977
1104 141
689 289
715 1054
324 869
933 464
266 132
839 934
1182 308
718 1200
363 175
438 761
44 258
1096 212
980 27
914 141
250 1019
931 249
497 638
1138 234
570 1229
355 1085
897 861
1089 347
969 589
564 280
490 1054
52 132
861 1016
126 55
702 690
1051 687
992 1011
214 898
441 265
688 184
310 1034
612 607
149 1112
758 215
930 255
427 595
306 294
373 1136
253 626
114 698
1130 617
473 414
430 365
26 768
775 77
710 62
215 562
997 447
301 172
927 175
857 947
257 1071
1093 858
402 219
543 727
875 16
577 261
103 729
534 1122
1139 603
399 380
962 926
801 1118
369 736
1083 1116
334 808
99 536
1204 160
651 981
482 562
1050 357
749 1205
905 862
254 188
1190 912
227 540
608 223
877 1092
1113 1219
667 1225
173 593
86 724
1007 286
1029 126
359 1208
353 18
670 993
911 681
565 531
1139 147
592 502
328 1177
1047 157
262 546
916 68
1 322
1023 907
920 962
771 406
190 93
642 1014
449 539
750 134
858 146
36 816
351 655
1037 436
786 605
89 1165
80 135
456 387
687 428
450 148
345 990
966 1025
122 151
891 73
1231 104
770 945
909 634
136 671
509 542
491 896
237 568
1041 1048
295 251
41 1143
632 1155
467 319
889 880
43 954
795 1023
200 584
515 837
104 533
826 478
1217 791
538 28
958 1061
1216 296
364 915
162 619
597 834
866 90
571 766
794 411
899 963
902 101
789 1125
9 1213
764 76
133 63
1226 1187
1106 1160
957 119
74 908
169 185
254 502
187 1130
1071 492
911 714
142 640
664 25
93 301
532 180
11 770
1144 348
477 652
260 809
650 549
62 717
535 749
66 1049
1151 895
797 896
125 587
336 151
182 408
678 891
238 1030
81 194
1105 485
668 1187
110 1064
1219 763
434 1144
1040 158
828 742
455 1140
287 557
1056 803
1162 257
370 713
2 785
734 949
6 721
697 924
846 37
425 848
470 1224
333 1052
864 1200
544 1154
439 422
1166 622
237 1215
1010 715
649 471
489 1042
862 907
1162 914
658 946
591 1070
385 814
19 42
1027 51
198 978
1164 251
517 1193
963 958
292 988
140 240
40 221
271 252
1068 1100
42 778
312 415
472 730
884 772
847 1151
508 651
417 196
461 742
458 52
1183 78
95 145
779 718
1142 947
118 621
609 1017
303 464
366 623
288 1110
394 68
1042 1184
433 1189
765 1072
169 889
1099 601
840 299
259 71
1163 990
747 48
599 746
339 1188
472 609
38 729
478 1075
309 135
1084 16
346 745
199 1182
309 65
1012 40
843 964
975 893
751 452
785 183
618 1046
753 571
204 142
322 1147
1055 888
474 995
33 610
1103 414
269 1212
129 197
444 932
574 1222
423 346
1088 1087
153 921
1013 935
525 1141
90 528
46 205
154 512
680 79
1083 435
49 1011
495 1207
731 948
616 596
123 1128
513 1158
225 838
622 520
777 103
1079 405
758 660
272 74
366 1085
630 579
916 1028
5 1152
704 1180
401 554
1176 859
776 951
1003 1175
665 669
656 878
24 759
900 644
216 1185
46 1231
153 510
946 1033
282 331
84 115
430 805
541 668
431 506
44 1218
128 616
137 207
247 1223
427 842
418 1208
703 931
934 614
1145 986
673 307
473 1181
1135 744
97 1090
386 1127
1170 845
902 177
665 159
941 631
1169 459
1111 837
249 1121
1109 621
311 988
893 1224
212 1063
209 535
1065 555
20 932
48 246
191 263
1216 51
34 1050
657 1204
1158 217
1093 1123
457 788
1107 18
314 337
782 1183
982 428
794 78
1079 933
583 258
291 405
952 8
711 359
539 818
810 347
733 313
501 72
155 1020
819 29
179 780
748 979
926 677
397 362
271 726
1057 448
1135 588
241 348
996 1108
938 710
591 140
548 650
1044 878
662 690
449 740
384 23
218 641
202 1192
534 241
72 1098
1128 943
1024 92
820 721
1150 827
77 445
1120 451
53 976
485 1010
1048 295
870 984
1089 538
828 1211
979 1073
787 317
766 211
412 226
64 63
762 601
570 303
849 1164
319 178
882 843
868 516
874 359
1091 575
109 168
1086 581
629 985
1108 292
160 884
680 1114
650 328
39 656
967 31
725 259
977 88
641 1132
199 334
268 145
1171 463
642 439
856 352
922 824
445 492
179 1189
368 330
108 177
1140 1029
1127 904
230 442
773 400
377 793
1099 1068
999 355
660 659
437 340
505 694
851 682
110 69
722 172
707 1104
898 823
572 472
1196 85
96 840
1220 426
277 318
243 261
164 113
661 613
192 206
961 929
461 494
925 167
923 57
201 53
550 0
166 477
1226 378
1009 955
446 544
86 1147
618 865
1227 619
604 672
213 679
0 112
300 1069
1057 1074
566 791
1095 193
781 909
211 887
317 275
1205 122
611 920
1230 381
184 350
376 56
846 31
799 765
779 691
546 800
788 968
396 385
20 822
495 1060
684 58
826 575
47 723
505 308
1210 997
883 446
384 1022
252 356
438 825
568 23
734 302
815 201
521 209
731 852
1040 327
612 602
714 760
245 476
192 1160
73 120
1197 121
45 699
832 1078
854 82
894 36
149 804
510 587
897 411
312 1028
244 960
480 1228
845 880
1053 822
1043 1184
918 457
664 561
807 739
1082 321
607 1126
1080 524
404 774
518 273
124 885
629 458
1015 959
500 1191
908 1126
1118 1166
1066 391
239 497
752 1116
590 107
55 1070
1203 205
1167 290
553 343
257 312
481 695
769 353
849 536
1170 10
669 500
857 143
1132 1037
378 720
76 904
615 764
70 120
928 913
397 156
38 643
522 998
863 557
699 138
85 869
802 801
284 82
1008 763
1030 370
692 1223
91 530
1117 481
177 1065
1056 286
509 81
1214 1157
228 256
213 194
190 989
440 256
105 940
1047 13
474 32
99 367
35 683
168 888
784 289
1039 663
561 602
638 1124
835 594
448 773
139 244
596 395
855 314
647 775
1211 744
250 1137
1072 646
1121 709
24 666
453 576
560 1044
1017 203
527 942
956 950
426 627
329 936
559 61
540 504
1178 21
419 401
1006 4
864 812
808 341
555 62
196 1067
790 942
511 1046
1194 1119
387 231
1195 373
620 96
33 875
13 1035
283 269
279 1119
376 327
583 1152
1090 320
267 975
695 1191
468 633
187 195
420 623
28 1080
739 1000
1031 1159
504 337
1007 365
100 579
413 1019
116 176
903 189
1194 105
300 488
671 815
972 1180
829 590
508 722
499 611
730 643
838 774
468 816
176 310
957 1026
1028 1051
954 50
375 726
741 1002
753 842
776 1062
10 702
594 919
972 936
636 316
39 248
291 792
412 222
961 1190
1201 410
784 588
526 282
696 221
115 1131
1206 479
225 171
471 673
999 319
123 737
550 1163
832 58
399 297
983 615
937 79
531 69
374 541
900 121
655 113
15 1117
388 830
443 1045
565 665
102 228
1213 876
971 519
1061 209
881 119
1038 429
1145 363
873 1148
1004 853
677 1058
949 1022
228 1143
424 273
1082 1153
930 57
732 1074
818 1169
198 554
1102 155
451 685
1086 917
757 410
1001 129
894 512
479 146
694 1094
106 1136
566 752
873 1124
1153 584
918 692
831 70
633 158
454 200
1110 480
1209 658
634 798
1227 819
559 1165
84 315
61 1150
676 1178
30 27
1134 390
743 970
54 488
336 389
935 178
1221 7
519 901
653 1003
340 338
45 395
1069 1005
613 1197
216 390
1134 836
867 388
1176 108
486 881
124 313
798 1095
976 1131
127 318
1015 720
114 467
165 717
1078 342
585 899
654 7
315 470
391 558
836 429
777 514
325 97
469 242
364 614
264 117
526 1204
879 985
750 338
542 148
980 741
210 1111
65 1181
728 345
1021 757
564 1075
1059 1155
17 1062
1156 235
817 917
605 537
272 965
675 558
75 937
580 520
493 442
518 507
95 725
967 1201
1 1105
654 284
416 137
41 811
1031 358
94 109
507 578
1092 11
751 1177
952 88
686 499
927 802
855 483
453 582
1174 167
628 803
1172 1115
91 268
772 32
938 111
716 674
746 756
870 1198
277 905
743 635
1101 380
454 396
854 706
574 265
529 323
417 214
691 567
1125 298
329 1049
334 1071
1058 491
595 748
1179 75
1186 1159
350 1149
872 229
174 929
756 1161
1065 813
852 304
339 150
204 913
181 1100
693 867
432 1060
432 745
1214 1199
299 206
1172 1094
1043 830
100 476
792 1008
709 586
1137 245
166 117
392 556
906 382
278 970
1161 377
573 143
782 944
463 547
915 437
67 1032
987 324
21 101
50
3 25 7 5 7 12 18 40 32 8 32 14 7 11 6 31 24 2 40 32 5 35 21 23 18 1 6 29 14 25 20 15 38 38 16 9 32 31 24 24 20 37 28 30 20 21 30 13 39 41
