2136
202 1130
1261 1672
1907 1795
824 1231
21 1481
1338 511
1201 183
2042 1204
1048 1770
1369 1492
1893 1486
648 545
540 1877
1155 1668
1674 1852
976 1540
750 1063
1485 1865
2110 25
730 571
861 79
1279 282
1907 2077
1194 1855
1285 527
531 371
421 559
522 1830
530 1730
401 358
1474 224
816 132
1909 429
894 2057
1131 1689
1173 1991
1983 233
598 1255
741 299
1046 1004
1823 1325
1207 504
1610 1420
1267 1756
1232 13
922 1244
981 1318
601 1522
1461 319
211 1245
204 30
1388 1291
815 312
2074 1119
314 447
1400 984
1679 1367
1013 314
273 393
284 768
1420 688
1896 578
777 797
612 379
1626 1055
482 1093
226 880
1250 1149
511 131
1969 1650
295 1293
1814 2063
841 551
558 1503
529 738
263 169
1217 926
1058 1393
1670 1055
1104 798
1863 1736
336 1447
1024 1280
2085 1425
1856 1398
2010 1967
1990 766
252 142
512 1179
2 839
22 109
1920 887
1981 91
1676 1931
1018 329
225 1849
973 2046
1611 1523
900 67
1289 245
1624 1991
1345 971
904 657
1435 295
1057 497
1938 547
1580 1582
1674 26
359 361
56 521
1198 1419
1864 355
54 260
1016 2038
1202 1617
674 1616
1510 1727
1169 603
771 76
16 1554
1833 896
342 2134
754 2029
903 1621
502 60
244 1927
1416 1617
1925 359
197 537
1559 1040
985 1349
2092 1306
92 409
1596 1133
1883 354
1015 1395
2086 1227
565 558
2031 662
1187 413
2116 366
1381 1286
1790 604
705 1368
1150 287
794 379
1259 334
1005 1072
453 1288
1733 805
1412 1566
237 858
1491 2128
1156 1880
153 564
51 1311
114 1422
1976 1506
1552 1640
1178 1263
1990 14
1147 904
532 963
2112 1025
1752 1364
1782 834
2066 847
2070 828
1557 1813
1736 1102
898 155
1084 1128
212 233
431 198
1040 1644
1286 1451
450 1604
1800 2059
1960 1924
1548 2020
1900 1284
1215 3
2058 1005
276 661
357 1039
1450 1331
1534 224
184 2087
73 1952
1432 176
226 345
186 880
806 2071
1834 1489
1609 1635
916 1164
446 1068
298 63
754 1680
1289 1481
1672 1997
2120 1630
1542 582
306 1488
2100 830
652 2071
175 1385
1807 2124
812 2065
606 1049
728 1288
388 146
1944 1860
179 75
534 99
120 686
369 1850
825 1421
209 1730
507 52
1226 1732
1066 919
1548 1928
1612 1546
1841 1888
1999 368
102 1213
1688 2012
83 1825
1846 21
1053 431
784 795
2050 1815
288 1363
1626 938
526 1207
52 726
806 2002
1430 982
562 782
1334 2074
1851 320
845 1189
1673 1768
2018 248
1173 1638
2001 251
1454 589
975 1142
1359 1994
1200 574
631 50
1043 218
1983 1373
1358 843
1406 154
1103 119
2107 704
1719 1302
1728 153
396 2061
1447 2048
421 1625
1112 1748
1424 1512
945 503
1403 37
1975 1971
774 1715
822 1311
990 1008
42 855
1711 59
300 227
1165 547
905 275
1615 1637
1657 998
552 1326
0 1512
1646 1881
419 998
664 1523
1704 669
1305 1802
364 232
643 475
1530 1789
2005 810
1844 2022
1390 1927
356 2020
1533 1172
192 613
1776 1779
235 163
1219 1879
876 1449
17 832
1047 535
777 1014
392 1751
900 1161
1371 1618
55 1918
594 1539
1272 752
1764 2034
1476 107
1409 1496
2024 185
1945 308
541 953
2041 669
1016 82
1136 1273
1427 1513
266 794
698 20
559 890
1996 1153
1453 1700
1115 1251
2111 2000
922 987
2067 66
934 1562
1839 2072
1182 106
77 1280
1212 1098
457 748
424 922
1876 800
1716 1984
1900 568
375 827
2084 1615
344 134
487 1623
720 1500
655 1044
1895 1097
1945 1935
168 1163
1490 411
218 1099
1225 1569
100 1475
2056 1053
1742 999
969 349
1709 942
907 1026
992 735
1522 2094
2106 1793
203 1879
1313 980
1587 888
23 1483
1119 1740
1575 1036
1379 417
272 1116
848 494
1772 1532
1744 1154
62 923
1168 496
1060 1577
1304 1594
673 1589
456 1694
1549 960
528 868
157 502
1629 963
1032 1910
1635 1544
388 601
1654 1637
11 915
926 332
1236 113
787 1446
2043 846
1712 860
1251 527
501 1006
856 1805
462 1410
1140 1357
1543 557
1107 864
1684 1566
13 167
1264 1240
1657 1389
1949 474
1192 174
960 1028
163 635
623 566
1200 373
1428 1924
1221 962
573 1094
42 1726
720 783
48 1067
59 2104
2096 1143
1833 44
477 250
814 860
470 322
817 1576
389 228
96 1675
1535 1855
256 2023
750 1593
1520 533
522 193
2101 1603
1365 1490
474 382
951 975
1985 112
1015 200
384 341
1645 2101
215 1231
796 569
538 1461
1394 2047
85 1785
1583 1380
476 1353
273 1374
506 207
1047 1336
909 1707
1197 1501
1351 2009
2044 1465
907 2021
1596 1826
772 687
456 450
843 1042
1250 1191
1372 859
1121 48
87 1561
2078 1073
236 667
1944 868
646 1234
733 280
650 659
1094 1699
1468 851
753 432
841 1886
24 1463
1391 294
1138 1043
645 385
665 1106
454 727
1683 699
1850 624
857 1260
1752 200
866 716
325 1478
363 1244
633 1071
1681 867
1659 1023
1866 17
1465 274
611 2085
703 972
1131 1443
747 142
2115 504
710 2121
1824 814
252 397
1109 1966
1658 10
266 957
1088 659
664 718
1214 636
1724 670
1500 1103
2099 705
1708 1329
681 1822
1339 2091
1933 1328
311 1117
654 234
455 2107
4 1216
2026 1019
1869 119
1146 1340
168 1598
952 685
1157 1775
49 1211
1905 1814
507 712
2114 412
2087 1051
1202 116
1664 1439
1524 1110
684 613
1438 145
1854 1598
155 1750
1791 313
271 711
2083 1584
708 1497
605 677
1264 536
626 1898
1100 584
1416 1079
178 118
247 299
1511 444
123 877
952 1624
1872 1897
2110 192
170 1590
1235 370
512 1138
1735 545
761 1749
895 1746
347 1631
1633 1232
978 1644
553 57
130 2034
2018 1734
1322 1499
1878 1036
1466 1403
1099 1709
578 368
2128 948
267 1741
2117 849
609 428
79 1858
1608 2043
416 345
762 1230
2029 445
856 606
146 72
592 1684
1831 535
599 360
1239 2055
555 129
939 1240
1794 1213
1107 2130
1955 1738
213 1682
1271 2011
845 1408
110 1494
1545 521
1298 1711
1021 931
211 193
1753 1215
1872 486
1641 919
285 1745
1738 817
2124 536
1166 1845
446 707
1220 1049
2035 2007
971 1916
1979 1233
1942 1463
839 178
400 2078
214 304
1578 1995
374 133
262 1816
973 1278
203 80
362 1367
1648 1541
1815 219
1327 1863
1488 32
947 910
807 2053
1442 925
1256 1223
1647 2060
517 1869
465 318
1076 197
935 407
1435 1618
1258 1857
1510 1054
37 1604
546 2015
933 808
972 1827
1976 291
1971 313
1220 587
149 531
2076 2056
1867 602
1836 1450
105 1514
908 1321
277 2041
693 321
1846 1499
2127 1540
1891 1292
1467 1634
1072 875
1300 380
807 1712
1581 554
1580 2121
790 1052
1842 97
1821 90
1600 1622
40 709
2118 409
2059 1494
1505 111
1113 128
1509 555
355 1402
792 1199
1623 984
1563 291
1906 1493
1561 999
68 749
637 607
465 1468
840 739
1938 114
1605 896
986 1982
1322 1228
1212 94
630 1848
1095 1275
1000 2133
1838 1366
800 290
1585 1193
269 699
1210 213
1940 681
473 1341
2089 321
1829 540
736 1531
1081 551
2026 1801
417 1377
2122 2079
2022 1167
1511 181
793 1112
2125 1989
588 869
590 1977
762 129
1806 1195
751 582
680 740
1802 809
1661 255
544 1578
1646 1819
573 2039
1691 1697
1170 185
801 1922
1189 902
1405 1777
967 788
30 1658
1190 1278
1169 1812
121 1383
68 743
1479 1096
1383 1326
1303 2057
33 1404
2088 1539
154 870
950 278
143 1238
323 1363
125 519
722 107
449 486
1847 390
1248 432
478 90
1911 889
1567 285
392 326
721 389
1562 1519
1352 2004
616 1747
1273 847
692 937
1431 301
489 1935
1401 1002
692 1555
1473 1792
769 1666
250 1786
537 164
222 832
1153 1048
1591 1965
323 406
609 2126
1563 2088
258 1939
927 243
1639 1123
1108 182
391 434
562 1777
542 1344
610 485
304 827
1397 35
2053 1705
104 1671
872 752
343 818
1129 1788
27 1309
215 1064
1484 1205
1482 405
524 492
1170 174
1432 515
997 992
1568 1253
1542 1309
1518 771
1074 249
639 476
395 1076
1808 2033
24 75
358 1925
221 1268
1338 542
1861 1600
420 1041
1671 2113
799 655
791 271
156 6
988 1728
706 1576
1434 942
1821 1928
660 755
591 1058
647 1848
854 1227
1967 1947
891 330
928 590
641 195
1694 997
1812 319
2061 1062
1704 1330
1880 63
1026 1486
1176 301
231 69
571 2052
1665 1818
1317 1320
1870 917
1532 978
2093 1668
1150 410
1159 1894
1584 254
1936 1257
1217 849
1464 1554
161 439
921 2007
2104 818
1710 1186
1386 1956
403 2001
452 1011
1234 1676
1507 1717
77 759
821 857
1042 1785
1798 338
15 1374
152 1275
1276 36
1 171
2092 1083
1186 1482
1750 1801
1162 27
1538 1515
161 909
480 1781
2060 1964
1654 808
1238 407
464 1438
1866 158
756 1748
961 1804
1276 468
426 1651
443 133
675 2067
579 143
2081 497
1571 887
844 1098
1496 427
441 1283
1223 1192
663 427
201 833
1521 1631
1526 1167
905 678
793 666
1832 1913
269 1974
337 1783
1191 1610
1757 1901
1433 1620
176 1816
1284 81
2116 216
347 2017
1911 1597
371 1503
1701 461
982 1240
312 1763
18 481
1225 1882
621 1366
1489 948
210 1158
63 121
1954 1678
1142 1703
1310 348
726 324
930 687
1606 968
470 479
1936 994
336 1092
311 425
1525 1335
842 318
1508 769
875 424
1417 1901
1296 1165
741 1508
911 140
1288 1957
925 1279
1758 1460
208 1514
117 1317
439 1171
41 493
438 325
1853 924
1639 1071
2069 1093
1579 74
550 1308
375 317
58 493
73 1474
1902 131
1974 124
1555 744
1052 1737
1117 719
1336 1157
1570 1125
704 1954
941 270
1759 746
725 864
2030 739
390 1528
1420 7
429 1021
39 2108
67 1612
927 981
1908 316
1722 618
836 2133
1817 385
549 377
645 964
383 557
1867 1832
1906 1085
437 696
1360 413
2045 1797
426 1583
1387 452
1501 2024
500 884
784 694
766 1986
714 790
47 2014
721 620
2028 1156
367 156
642 1975
1069 278
46 1718
813 1340
513 74
953 1147
1912 1346
1834 1443
641 1913
1495 764
689 898
1714 1798
835 702
757 1939
1141 1664
1742 1352
1696 488
1455 538
1659 251
1620 1277
775 1621
369 744
1606 237
2077 1464
1599 29
1744 1299
380 1498
1937 988
1070 1081
1766 1799
1073 874
198 399
1253 1942
1641 216
1469 619
1355 418
1951 566
422 1754
2103 2090
665 1708
151 38
756 88
1176 510
514 1329
666 1485
1947 593
164 1953
775 1376
279 1369
1118 112
1029 884
414 3
804 604
122 382
1605 1361
236 1102
462 894
1230 1216
544 394
223 1122
1660 348
102 2097
1531 1316
2117 724
886 290
45 600
1059 386
1140 14
1838 1195
1914 1692
464 1069
2014 906
918 171
966 707
261 2023
96 916
526 1001
1413 1681
1556 819
913 356
1296 1599
1354 1087
1378 968
788 29
893 1257
829 1772
1565 350
1527 1480
438 1887
958 823
1667 144
1689 871
103 1550
513 1008
708 121
837 1910
489 1655
510 1269
1734 1364
1285 1547
1636 580
1956 691
1756 499
1295 1650
1770 466
1377 1952
2096 956
1521 1044
772 1773
1934 268
873 517
675 2132
1996 985
86 1982
338 1978
825 2083
1964 183
1764 1402
1678 451
605 1378
991 754
2016 1760
656 1070
485 293
140 1653
1560 979
1997 1904
1714 1362
1297 1434
668 1769
320 2095
1183 1161
2123 950
477 1902
1551 795
53 490
315 1765
1898 228
1680 1445
1287 1426
1973 1871
332 111
1201 1141
694 1265
810 1529
974 1160
828 1392
127 1012
977 1552
1221 786
622 1137
1516 1518
1411 1460
1985 1537
2131 437
1143 1301
1769 300
1370 1090
967 1441
552 1132
1041 632
940 631
1457 593
494 1988
1358 54
624 959
1892 594
893 935
548 589
1091 878
1106 789
468 459
361 663
811 101
12 1844
132 1613
284 145
1314 543
1177 1009
820 1878
25 643
603 1332
435 751
408 753
257 265
889 1379
615 1437
1045 1427
1110 1847
354 1030
2013 1074
1583 1128
309 1444
380 737
1980 1541
289 888
95 629
1445 1002
1064 697
1235 329
326 1690
946 1126
1417 996
1287 1670
1705 1771
584 758
2103 529
572 945
885 1665
469 1108
1104 2119
612 440
983 1774
1313 989
305 165
1164 853
340 294
2025 2118
1774 399
1440 1662
246 1283
471 1345
688 1001
703 961
855 588
802 230
2073 776
1134 1788
596 404
1571 878
1861 541
134 500
520 550
1082 1778
1636 343
1162 614
1248 2003
2084 850
1472 1992
791 1268
1817 1014
1011 297
220 1114
820 1429
469 644
554 88
632 1321
1747 95
1529 199
1330 1895
83 1398
189 679
1381 717
1813 1487
45 1085
1342 374
1444 1096
309 1290
505 1655
310 283
1763 701
1236 965
1224 1698
979 1226
1290 487
1426 113
70 831
1281 1517
280 1516
2125 1428
2021 1582
327 1271
1524 1184
1820 214
1864 1553
1127 324
1009 1601
139 760
172 490
1706 579
1811 1923
1915 225
1408 1182
1565 1505
2126 206
479 1688
651 1181
8 1972
1263 2032
1390 1941
1984 1155
149 583
447 846
863 523
1966 561
461 715
1594 229
1087 575
1180 132
1904 2094
331 205
1677 1423
466 1243
1882 912
1745 1126
918 483
1419 254
2019 1222
2122 821
875 1017
503 866
1568 1343
1294 634
1246 1003
1370 167
1335 1887
1442 221
1794 596
986 1632
1517 85
1603 1683
869 1940
1859 365
1806 518
1873 1453
12 834
625 116
356 5
1715 576
1536 835
1032 1595
662 61
556 377
581 19
141 767
1198 838
1410 774
1930 331
480 1862
1828 670
1184 303
1994 743
263 1856
2028 621
901 693
1611 1077
241 1168
947 248
577 2097
628 366
903 478
1151 433
714 1926
135 1347
1634 2062
233 1683
1337 1007
5 1459
514 1534
640 239
92 206
574 1391
2068 1448
1978 396
1159 1718
1551 995
520 954
1953 779
591 1908
1130 1787
1528 240
908 1312
2106 1260
1177 35
1663 1720
190 410
1633 201
1573 328
1174 1590
724 539
89 1946
1827 444
260 1158
1436 2111
824 1293
2042 108
253 1310
768 353
697 1735
2039 1632
55 11
296 733
1203 1306
292 334
123 770
1918 1348
166 2032
19 87
1105 1870
1365 508
575 372
1692 28
1884 472
1347 376
2093 1923
2068 1754
1384 258
1828 660
923 296
264 1544
851 1307
1228 941
381 1190
607 1949
1356 387
190 1197
1643 1889
445 1020
563 1656
858 1538
49 1574
1137 1249
1429 881
1804 238
1992 1564
384 650
1086 911
928 365
1163 2055
39 901
1727 2075
1187 246
597 53
1537 4
1372 2040
472 2132
1320 1790
1915 1406
1680 816
2114 1274
1965 1269
955 1091
1546 1154
402 1203
86 346
622 191
1077 1020
1903 1572
523 1122
1116 1559
1400 668
617 1308
1422 491
22 122
1462 706
1451 189
1575 1272
120 1045
1224 182
1171 1957
1421 43
1972 870
202 1483
283 1160
949 1852
725 2135
62 2027
2129 1601
1113 1333
404 1051
18 1166
467 2134
1560 1401
1342 1299
1691 672
264 1495
1247 1259
524 676
740 1733
1703 1318
1414 658
2108 204
1773 819
811 186
498 147
1407 2089
262 1012
684 921
1291 813
1188 463
1487 1368
268 763
1856 1380
1792 1357
1274 244
1491 1702
1433 799
915 852
1776 2044
1795 1595
137 402
1676 1610
649 602
1926 977
1724 289
1643 1034
570 2011
823 1723
1063 2005
1323 1152
736 302
310 1587
1031 2040
46 876
265 496
1955 2036
2130 1264
1642 1921
1467 1809
1588 31
1457 188
625 569
1786 1282
1784 957
883 1003
826 1968
1208 1818
103 1090
1062 1396
745 1695
802 1894
920 1371
742 387
1946 1348
920 580
2072 1100
1545 2100
333 516
1332 1699
1000 1961
378 647
194 1647
1452 1458
1281 1509
1449 1018
1585 964
758 1145
1667 1245
1871 1418
297 1023
543 976
9 115
2080 148
1789 695
1266 642
635 899
78 184
2031 781
608 2082
1252 1890
344 1038
930 282
1152 1648
1843 710
1109 1970
1180 1548
1767 1355
1097 1629
1341 1072
653 412
671 1851
1294 1914
677 1418
1868 342
1557 757
969 138
871 397
1602 1570
946 259
58 1265
1211 1810
1723 1083
1525 1695
2064 240
792 1929
518 1896
723 560
962 473
1430 7
419 585
1687 636
1148 172
765 2113
1825 638
269 825
525 1024
191 1958
1797 1656
637 40
516 151
1948 1175
618 1439
1174 1931
2029 1326
993 2000
1837 1586
415 1592
1022 281
222 100
1837 897
683 1682
1121 70
530 1755
809 1431
1995 1666
2115 974
983 238
108 883
509 1696
1480 173
599 449
118 1892
1779 2049
1472 2051
442 501
386 865
1687 1373
1376 2003
1356 951
1607 2109
270 448
732 196
508 1713
2086 1829
1462 405
315 1673
1697 1698
1993 94
2037 1729
1084 1540
1535 72
1917 162
328 1853
420 383
1943 1174
1731 1270
970 829
1194 812
1660 391
1903 1061
1679 1125
126 1608
1333 1385
778 1843
136 713
98 2069
38 822
434 2050
274 892
1614 586
2012 1550
1652 1916
1469 1787
2131 1470
755 1823
1519 1609
1256 239
98 267
696 1987
1740 1721
272 1411
745 2
2135 292
199 709
933 1089
619 1477
424 1581
1651 1006
763 730
1229 1943
484 1111
789 2033
1977 723
1120 1771
867 654
2080 126
1934 1662
288 833
1261 32
838 1353
1717 71
1840 2127
931 1590
1968 82
620 1086
742 1252
805 1780
2030 2020
411 731
2120 137
91 1301
1881 2065
1314 1721
1796 207
1998 44
892 423
1324 680
1502 1206
495 144
1675 15
690 759
1932 1638
879 595
1719 1613
1622 180
797 929
840 1022
1423 1395
2102 538
230 1989
1874 1783
719 243
2062 1039
2099 357
441 1716
1027 1298
943 1830
1702 1885
482 1057
2036 1547
1497 1876
106 1282
130 1219
157 1950
1625 722
50 495
881 351
1751 1963
634 1780
1146 1890
1533 1768
565 1753
1618 1059
303 929
23 1396
1826 1685
1458 2075
801 671
1677 1448
1144 890
307 1477
187 1917
1616 84
2048 1441
395 1399
760 779
159 1653
1209 1243
443 1564
162 1415
175 940
1841 1707
2025 1909
509 944
993 33
1325 2017
1206 874
934 1436
1079 34
638 1765
781 1188
1471 1572
105 160
1136 1693
1111 570
1 1010
101 460
539 1854
1835 764
2098 69
1835 702
408 1979
136 1941
1065 499
1068 1791
454 481
1591 1029
2129 629
1741 1749
363 1536
1502 1409
651 767
1739 51
534 667
1034 1061
1725 147
1504 597
188 1414
553 1270
2054 428
773 351
1862 627
1295 1820
731 57
617 1440
1208 362
1822 1222
959 1080
778 773
458 1229
783 848
1375 1627
1831 936
2002 287
1713 1963
780 1492
308 158
1899 249
1507 747
109 1504
815 683
1375 2046
1350 279
1642 611
712 1412
286 179
65 1010
917 1124
532 352
1885 1123
1951 2081
1686 302
346 460
1388 242
653 317
1452 701
1899 2045
1246 853
830 458
879 1520
2051 1139
1962 897
614 672
1969 1645
1389 241
525 56
995 1092
567 1630
2112 1527
506 567
208 1088
194 2058
263 60
1693 1242
1179 804
1075 831
1762 1549
2013 261
135 1845
275 1386
253 1115
1824 803
994 1883
1297 882
1805 1060
617 987
1991 750
882 556
1392 1731
181 187
435 786
104 2047
1948 245
483 585
229 148
1743 528
1588 1877
286 737
1384 761
1897 436
459 1013
1619 9
1839 652
965 1466
914 727
349 639
1175 1586
1513 546
1135 2064
1725 1267
674 400
816 1558
1017 31
1661 1393
1663 1178
1905 628
1669 729
633 906
1134 1128
2038 1349
576 1078
572 2006
2127 1435
1360 394
364 990
1455 1373
333 826
803 1857
1302 912
1700 749
1027 1470
1304 1351
463 2009
1652 914
682 519
125 1135
1127 43
949 442
1239 276
649 1930
36 89
1437 316
1988 110
436 418
1573 1746
2098 1035
1350 1319
1886 1476
1277 1921
718 615
440 1970
177 1732
78 863
676 1037
60 685
2008 1640
257 1506
335 1498
1981 1218
850 1343
682 2105
1305 195
728 298
1686 160
657 1101
1757 433
1421 836
913 627
1204 1196
1602 2091
776 293
716 735
560 138
227 150
1800 1359
970 2082
2006 1214
330 699
1105 2035
386 1341
661 430
626 787
422 2027
1998 305
1075 1254
1196 2109
595 498
586 232
448 1262
1842 989
1030 1859
785 2054
1404 770
169 1526
842 255
34 1387
1233 1339
335 1962
223 124
837 1399
955 1407
128 865
717 2016
212 1382
1690 1459
1471 1456
1932 1553
698 1807
1046 406
1315 1454
1425 1361
177 1493
1067 1247
646 1858
65 1722
220 1019
748 1558
1004 2123
1922 505
1382 235
991 1082
1118 281
648 247
1394 1031
592 41
536 1183
1874 1456
453 1063
47 2037
1912 28
1986 6
1479 1354
1242 616
1999 1958
1151 307
5 1209
1312 899
2049 1172
2102 1498
686 1701
610 306
583 1767
1782 996
350 734
1383 1007
1144 1323
958 1592
1685 415
844 1811
796 1761
564 1327
381 1919
1315 1484
217 2010
980 1237
1737 341
886 1133
1743 373
360 1056
711 785
0 1933
352 80
455 1362
2066 2079
673 1120
457 568
99 1556
451 93
1755 196
1884 1760
1810 1424
1124 492
1241 401
1515 76
1796 376
1710 209
1950 1720
370 1405
1337 1038
1649 1292
256 1262
1758 1185
1961 1577
1066 746
166 64
1035 1255
1607 1706
26 414
623 1840
1888 689
1920 1778
713 1875
1619 1199
2090 1129
1628 1475
1543 1078
1849 873
1937 1803
1319 1132
1649 932
700 640
2105 353
1809 1973
1413 2124
242 729
165 337
1028 1303
700 1569
217 488
1266 1739
1205 877
600 1344
656 902
1781 340
2019 1089
1889 1185
1300 1209
782 425
1808 1037
1181 398
695 159
1473 1628
1254 1397
180 205
515 1056
658 854
862 1033
1149 859
852 1334
924 577
1766 1987
734 2008
644 1784
97 1446
1762 1929
891 2063
1868 1300
932 937
61 1574
1413 1440
339 84
1415 378
944 598
1873 1875
93 71
150 966
1761 423
1775 1893
1095 1799
117 416
1065 1865
1054 587
548 630
1959 1729
1331 139
549 1819
16 1307
491 1346
219 872
277 1589
475 64
1080 1567
765 1960
339 1050
1258 398
1328 484
1759 1193
1669 1614
563 2119
1891 798
861 732
1316 862
678 403
1050 1726
1980 1218
430 1114
2095 2070
471 1627
1139 715
679 1836
1241 1237
1025 780
2004 938
56
43 14 65 68 70 1 39 28 3 4 7 4 55 21 28 49 32 18 21 38 69 55 7 38 43 67 47 44 1 20 63 18 50 38 13 59 20 55 7 33 27 27 16 50 49 4 71 52 69 36 34 54 69 23 50 49
