1872
331 1485
566 677
1435 134
1687 1242
555 566
1697 870
640 188
1484 392
209 1170
845 418
1731 1351
1403 1316
1192 46
1133 651
1828 425
1727 1717
783 1706
1396 158
580 247
545 1669
411 691
4 497
890 434
718 1061
1099 1212
1195 467
1705 782
595 1075
398 994
760 653
1449 966
355 1523
1572 619
544 1556
441 55
1107 1738
1345 1534
156 707
1411 198
371 840
940 368
521 1809
828 867
1593 943
1357 314
324 1630
1134 111
1496 1052
279 1520
1725 1781
321 159
390 366
9 602
825 486
960 1807
577 144
1185 511
1866 1315
1697 683
449 297
655 1282
500 1682
918 696
1015 1775
87 522
1086 1485
1434 1034
59 300
17 796
1098 1689
1733 714
1213 1843
1475 45
193 102
480 1802
1265 1707
372 1104
1703 485
1138 1010
263 1465
1270 1095
1429 1401
339 512
509 1489
556 1463
1176 1597
1809 1102
1054 533
371 31
1678 1056
1444 1854
136 1783
1595 578
146 293
88 423
522 291
1508 198
46 608
551 383
1257 1329
59 1397
1777 1403
1264 847
19 1580
317 351
1672 1451
241 1283
236 1016
1091 1584
1705 1821
1576 968
82 1146
1330 821
872 790
140 99
1563 1301
1744 1266
629 1488
1376 1663
1395 84
348 1035
1600 1105
1602 174
406 1037
593 1366
479 55
1585 735
345 856
1004 1302
912 1000
490 1525
320 977
660 1405
688 628
1535 1219
422 455
1504 239
370 1723
402 1493
530 1367
1263 36
1834 1186
1440 958
1387 587
1849 1850
826 162
722 29
1018 1151
1217 510
419 1653
269 1621
1430 1729
271 453
592 689
644 1676
1856 491
1443 1472
1468 1836
1518 1395
1044 245
509 1256
1214 851
1276 868
461 421
1237 971
1730 431
763 924
1044 221
911 1108
687 1704
1656 1628
141 148
1168 698
551 299
1183 76
536 307
1780 1727
635 1539
1469 1021
72 79
756 888
1483 1556
869 51
1350 1151
208 257
683 36
777 780
1746 53
759 1380
127 1550
470 579
788 1183
330 1174
1696 124
174 1554
1006 535
1603 1848
1012 1107
971 385
225 1431
723 1491
1529 1513
1841 1387
488 970
972 814
408 1065
1100 334
241 939
591 1179
286 617
2 227
1254 995
176 749
969 60
804 1230
904 913
1673 1046
184 1088
1705 1254
1649 853
1445 757
356 474
829 539
972 1562
1180 541
548 219
415 1120
1388 1071
1660 1206
852 1029
1211 1709
1028 1025
654 30
936 252
328 525
1829 732
1033 1257
765 77
1667 1075
1813 342
891 544
1823 1498
191 1433
1315 1521
353 476
1620 1774
532 1249
618 1419
1373 1078
1477 703
1814 1815
499 907
478 94
527 751
1475 728
769 1779
394 127
1449 950
1816 400
333 1139
305 306
1126 1175
1589 725
37 1607
1285 1830
512 1610
753 1039
197 314
870 1255
1722 254
235 1423
1109 973
29 1757
552 1082
199 1047
1692 514
630 33
834 689
8 91
754 732
38 1641
1516 1633
1551 1314
1717 674
466 744
1510 1064
1737 558
1398 1496
837 130
267 151
1605 1168
1749 850
0 1305
123 1481
1792 57
1552 1858
812 585
1445 815
237 1814
626 904
641 536
1531 436
770 649
749 56
3 299
542 1242
1594 1150
1240 1798
1456 1281
1070 1481
1495 714
1048 311
397 1144
1296 1423
818 667
1587 1171
213 1081
114 1084
699 1271
1492 108
874 1267
1055 1688
1460 1252
1362 1514
347 1318
702 1410
1525 1412
886 380
1169 218
602 1353
1014 1274
1321 430
1722 824
1132 679
991 223
26 62
1740 1719
1453 949
1654 325
526 1679
813 1631
874 682
313 1247
1668 294
1011 511
824 1661
495 62
207 310
1418 965
1495 377
502 710
1665 1270
1048 1663
1637 1158
1366 1142
392 1030
915 1734
354 372
1545 362
1448 1562
1647 1096
1442 335
1649 1293
1145 1148
1721 1615
1810 220
119 1289
521 1648
1040 60
901 823
311 1708
7 879
560 684
231 695
1319 1001
1190 590
165 990
1079 1244
44 784
875 48
1867 1239
1038 905
1793 1537
1129 523
1511 1027
1216 1788
1312 1444
616 1576
468 1428
1309 517
317 1200
1552 762
1312 793
1187 384
1392 646
1626 1570
137 1333
1794 696
1242 1142
1111 513
1769 1198
929 164
1726 419
1664 272
757 107
801 44
269 208
1281 867
1296 1471
1413 918
601 1014
1454 929
1344 500
1051 832
1590 427
75 1847
706 447
450 1377
681 1457
1581 736
722 1673
1455 303
1292 74
1842 1594
1454 692
1251 1646
1470 660
1861 1417
1189 1340
1561 1231
1674 84
1864 85
603 100
116 1473
1373 1055
407 849
1252 1791
869 1800
775 662
78 682
627 49
1276 205
1135 142
386 1420
349 902
1490 1610
151 813
926 1634
89 1246
1150 1022
795 295
10 1149
1862 131
41 1799
260 938
66 20
1577 1400
1817 844
161 1290
1590 1656
1302 1035
908 820
1352 615
953 337
1140 1661
1633 835
276 1180
1742 661
1698 1019
1245 899
830 69
635 550
1544 1478
1346 333
1449 1240
414 575
586 1097
542 1785
1225 495
1063 1777
944 1728
549 835
884 1426
435 963
687 234
459 133
1181 1808
268 242
1683 1042
1798 704
275 1606
126 442
296 892
1869 934
1691 671
1300 451
1260 543
1613 1157
1786 1429
582 1784
527 873
145 1848
1294 1574
1760 1842
112 249
1515 1789
1432 623
587 1339
791 901
1043 104
1309 1428
1288 688
1674 827
568 1223
497 1540
294 1326
228 1174
1651 201
179 1856
288 1608
418 516
1359 986
733 533
1069 1513
1060 915
165 1619
1741 179
931 1316
764 1335
358 323
986 1508
1329 1789
687 1277
1702 1370
138 98
887 1542
1747 569
1262 462
393 115
1131 523
514 1671
1041 1718
1253 477
1685 893
1776 958
274 1591
1188 1812
1347 186
998 1193
1134 1557
1162 729
1225 226
280 557
739 564
988 1838
1828 1748
376 1204
258 4
1288 1364
253 230
1295 548
1480 1853
1456 896
787 1778
1655 1466
802 877
842 1482
1173 270
700 1636
801 1819
854 617
1029 1092
47 223
984 150
80 865
1280 616
723 1334
1503 276
881 1235
559 947
1824 1077
1793 1261
1831 1229
930 807
625 787
1097 735
83 1639
478 1838
842 1283
848 125
52 490
1860 73
1730 882
1308 856
1532 738
693 1108
177 1806
194 1199
1279 1085
596 203
432 1408
481 1220
631 1003
259 945
626 365
75 830
463 598
1467 657
878 452
534 1849
1629 1500
1652 1805
657 1224
308 1710
677 93
1447 43
1335 924
1372 772
992 281
1207 1478
739 1778
1188 152
168 1202
731 1053
367 853
14 1801
1311 363
103 289
428 1334
422 1194
1561 538
340 911
685 1341
217 855
668 588
1287 378
462 214
42 1786
1739 1677
1383 298
1337 1013
303 1652
417 721
1424 1719
1785 192
736 1453
132 1343
190 1733
838 1737
750 638
1045 1171
919 1354
472 1463
802 408
1210 1677
728 1644
1338 1342
1228 854
1438 1285
1835 1568
746 200
944 1106
1611 1573
778 1432
768 863
957 172
1751 1499
1700 960
219 1320
326 1101
742 139
1369 1825
868 1634
1743 1820
965 1840
686 124
1260 1744
1361 1773
1240 169
1103 1771
591 847
730 246
607 518
999 1832
550 494
1389 1371
560 1695
1117 613
1442 1592
1426 1146
118 1348
1458 1408
1175 322
1575 620
142 580
1374 977
342 1094
1152 67
1293 1261
185 1569
1466 1549
717 487
520 1036
668 1494
643 270
389 831
94 163
1030 1863
605 1559
1762 816
1322 1383
123 954
1852 872
1239 1505
42 275
719 248
424 1352
1263 995
341 1566
1544 1361
39 86
1306 1190
178 488
1721 1498
1398 421
1336 1274
249 927
672 1638
1672 352
298 1058
1104 399
651 1064
1380 1243
822 346
1255 983
1371 1818
325 272
1684 252
737 1620
277 1609
406 859
138 1393
395 613
1445 1699
1066 1087
1696 1215
387 304
862 85
1216 895
215 673
555 620
501 283
28 251
1479 795
1591 516
193 951
1286 946
149 1747
414 699
1680 1325
1127 621
1297 1184
1313 632
1439 302
1726 680
993 1096
24 623
1232 640
1089 1269
543 1297
1474 21
781 532
1069 1595
302 1365
244 897
304 668
1540 1749
1505 628
1227 1706
505 984
1725 1687
265 282
97 259
1518 1732
1843 565
1050 1464
103 1601
1407 1484
503 767
1022 87
1032 576
1509 1796
229 496
920 74
961 286
1815 1299
1384 1524
716 679
841 11
440 1701
120 503
451 1707
1568 444
615 955
354 1226
1829 177
1794 1016
1202 319
356 1266
1199 1715
1694 1144
1850 1768
128 604
1332 150
1564 246
1785 1615
1164 1567
1685 589
351 1586
1493 1803
1141 1272
80 1421
1342 1208
1635 577
1258 946
1718 175
1458 1399
866 1754
1654 130
1517 921
49 634
583 959
1065 1376
1324 456
612 650
1839 1462
1046 934
1799 928
1354 189
1564 486
1218 445
1128 646
2 826
281 622
1616 1675
359 1645
1690 347
1642 916
96 648
430 328
58 82
1600 784
1713 1235
963 814
1067 1527
739 1278
1062 1446
659 1425
79 360
106 819
262 1553
1640 1381
983 885
104 154
966 1236
991 166
67 1165
1584 109
636 1506
852 1113
64 476
1372 917
1417 1736
1407 426
1764 468
133 1782
1430 1080
797 1427
506 194
1267 545
766 939
656 153
750 711
821 1238
420 445
1254 1024
1529 197
1515 1440
883 631
1262 1391
202 1439
1111 166
456 1531
1421 962
1179 858
374 1307
1533 1806
1191 1863
332 160
705 897
1844 1298
73 1273
337 449
1195 562
482 782
1479 640
1355 546
50 744
280 222
396 727
634 357
1560 448
655 1516
845 183
743 1731
207 1402
653 1275
994 1311
894 1005
998 1118
782 750
1208 23
155 441
848 1802
1650 759
909 205
452 1009
1833 1791
952 1461
1537 719
20 697
1741 880
1457 969
1059 1611
748 864
21 1363
1169 415
290 1020
1291 1087
890 50
817 1846
1237 192
1487 1766
923 761
645 71
167 806
459 1829
1720 1840
1212 1452
324 553
712 28
1394 1141
973 674
1464 256
1057 1703
183 860
396 457
1165 258
581 810
1636 978
584 315
1070 11
1751 1092
980 899
401 1126
718 747
14 1130
15 583
309 1779
1675 644
251 876
1742 1769
724 407
1129 1764
95 217
760 416
1758 1331
1642 1233
1284 797
1415 886
1049 153
163 348
278 1766
1167 1245
1724 567
233 1451
675 927
434 429
24 1688
384 552
213 767
770 661
1391 791
690 1009
792 996
187 47
203 1182
1172 1091
1623 1836
326 1131
865 1385
261 470
954 97
576 442
374 855
1143 1787
1752 1186
1587 1790
1015 1868
1420 941
649 1762
950 800
1846 923
559 982
629 1869
282 362
752 1402
662 487
71 647
794 86
38 1570
8 667
385 1167
1530 957
985 1093
1796 215
61 1870
496 517
358 446
72 925
953 1541
926 601
1264 1379
271 861
1068 1748
162 1489
1701 1018
582 1807
1115 1248
519 1379
1517 367
806 1459
621 1000
83 432
556 829
1101 956
1172 593
928 196
585 1602
1004 670
18 1820
1628 1632
1140 450
678 1618
446 242
1676 110
1548 248
465 1355
1510 1614
1094 1294
1182 91
1578 1620
1019 1066
425 1409
232 1637
58 833
1185 1286
482 1653
1364 222
1155 1017
1837 1671
1712 1866
216 738
1686 1571
1215 998
31 837
530 327
1573 221
1211 752
1593 748
471 1558
13 683
1535 1694
1750 504
149 315
917 375
39 1392
1659 528
1588 1560
1666 1219
118 77
365 956
1607 857
990 1526
1013 554
1461 1384
529 134
1436 361
1512 1755
368 1497
705 1434
1473 1350
510 1819
1644 1716
515 1655
437 596
63 1406
1349 599
277 920
25 1158
1200 1619
1002 785
1826 772
816 472
1125 310
1178 471
1745 1251
185 1500
424 182
995 1161
1230 220
1427 595
1248 473
1223 1052
403 633
1625 557
1681 805
1001 836
775 831
884 726
669 1824
1699 540
1160 322
610 181
1323 435
666 1289
293 1870
70 1121
1080 1795
1720 1154
873 982
1221 1759
244 1847
1042 339
1604 182
758 378
745 710
1268 1184
1008 1555
721 1114
881 464
454 1147
253 741
1724 319
1546 22
1205 680
157 1468
1504 498
803 438
844 1337
945 1078
316 474
1580 1723
678 1502
1037 1812
274 1348
694 292
933 1117
1857 1825
161 287
321 1553
819 1410
508 1402
1851 168
1303 1868
1152 32
102 1486
882 413
1036 1567
1559 967
1528 1729
257 1020
1159 932
989 1124
1338 1711
809 195
1770 866
1608 1834
573 671
1243 1003
1864 1471
712 1598
1233 267
843 669
936 484
570 861
121 652
637 1135
1076 255
834 439
733 231
1519 600
1613 288
65 1630
387 1039
1784 483
887 1259
574 1586
1750 1389
1446 232
1508 1665
590 633
947 1320
147 858
458 22
1588 373
100 433
768 666
1265 227
95 1327
19 1521
1728 1539
1155 900
1616 1732
467 1582
1699 169
1272 1822
695 426
746 537
981 1280
1698 763
1857 463
143 40
688 1068
828 146
1759 1234
1356 1347
1716 1193
1370 1162
397 647
461 99
106 492
1639 624
734 975
937 1341
1160 731
1149 916
700 320
3 627
448 656
827 1386
1025 1841
1217 1303
1178 1494
1098 1643
1321 563
1657 913
1469 1631
1170 781
1112 809
905 1851
250 1086
400 863
1753 289
605 81
148 121
1543 1138
1207 774
1279 1472
1781 198
888 225
1612 1343
1686 1855
664 974
753 564
1357 922
475 663
211 68
1739 783
1767 466
895 839
976 769
985 1077
520 1565
12 910
1811 1550
477 805
1660 1011
547 571
1679 989
619 1839
1031 216
1526 1683
1627 1554
1865 1441
381 1290
1476 638
1622 346
344 443
1194 1787
283 876
353 1710
401 335
1191 1695
940 1755
1546 716
807 1852
1664 1871
642 1399
43 1763
607 1734
373 316
446 686
535 1821
141 238
431 260
429 1310
1776 6
1038 506
597 1282
1105 410
547 1365
1712 526
1339 1103
81 1109
1579 1032
382 992
812 1577
1854 382
110 169
1089 1397
350 101
473 817
1736 727
908 1790
1326 1422
1051 1210
1415 152
637 173
240 427
25 1583
357 839
919 1753
307 68
1833 10
145 135
250 1582
606 465
790 1203
537 1788
48 762
1658 1236
618 358
1738 764
841 788
279 734
263 1416
209 701
1447 1860
1332 1418
851 489
1845 17
1800 894
61 1369
694 1657
1424 996
1768 930
1 140
1206 1714
300 740
1647 1467
41 1612
1356 811
981 1198
561 625
375 1291
639 1304
569 914
336 1358
799 1754
54 499
363 1853
774 389
1795 1241
439 1597
540 1832
1226 1693
871 90
715 458
1176 1765
684 909
1382 553
1209 840
243 1021
200 743
1512 122
1324 1575
676 906
554 1024
1012 1622
1598 1090
1145 964
707 1359
398 1213
1244 1390
329 457
1502 528
1238 1196
1137 780
1435 1669
1204 568
565 1218
359 112
343 575
508 1506
524 128
1536 173
1325 1592
896 345
871 1409
1757 338
706 285
1589 190
479 1125
997 202
12 178
492 175
1156 1547
562 226
180 755
132 1017
1330 1271
1476 395
709 1307
1159 1536
383 1263
27 581
1548 518
37 1121
63 1253
1740 312
910 1082
1827 1362
1340 1059
1596 460
1492 243
980 26
1310 34
794 484
659 1090
266 691
1441 1646
126 1123
15 212
410 777
1599 464
343 0
105 906
1459 1028
1604 1050
113 1393
663 33
52 652
1565 228
1640 561
6 711
7 676
376 1201
1388 172
1314 843
1629 170
1533 1025
206 1680
1571 355
1767 951
1528 447
330 1482
665 1433
1581 206
1805 1773
1115 1201
1063 1333
1835 1414
1007 13
1137 1214
391 494
1617 1758
1830 1813
201 641
1045 1100
306 1818
670 948
1808 129
1327 1328
1623 9
999 1390
1490 34
1110 1617
505 654
606 864
1491 893
1625 1448
1136 409
1112 572
323 630
690 614
340 1693
273 1783
1871 1668
846 45
978 35
1378 1166
622 1858
975 599
1527 948
1114 312
412 603
1197 1569
1627 1436
502 1666
262 469
614 1292
703 115
1377 301
1670 1181
1761 1304
610 798
1061 154
1110 481
921 1113
57 786
737 204
1523 636
1609 1638
968 1344
290 1689
838 1401
1088 1797
176 1317
1450 608
754 588
344 1301
369 942
125 1147
519 93
186 773
1381 572
404 436
1363 119
1662 1072
850 1645
757 1778
233 970
180 815
889 1374
1709 1068
1083 1404
1308 697
1299 1522
1583 798
1269 1826
301 713
1122 1177
101 1670
1681 1166
27 135
1119 664
1416 1067
23 1486
570 907
1043 1524
109 507
1477 792
1460 1635
776 238
1026 1541
1579 155
952 1041
90 1057
40 1514
597 423
1074 1648
1224 1450
1033 578
754 247
1047 600
1071 862
541 1585
1136 108
708 1411
297 428
331 137
693 51
1202 207
1522 846
903 412
30 942
308 364
1123 1317
332 832
708 702
1549 1367
1696 1659
698 935
987 366
1241 187
648 1488
1074 1106
265 443
1752 515
1480 1624
489 1650
1385 1709
624 338
1462 1503
1231 1156
116 1161
318 1804
1702 309
1034 1189
1360 433
284 1229
961 1455
117 1547
170 214
820 393
377 1394
1507 1116
1345 1837
391 964
1543 1691
53 420
808 650
1810 399
32 604
1164 341
808 1867
534 765
177 987
64 725
878 475
564 1275
730 935
224 778
1678 611
1023 261
818 665
776 937
1060 900
195 1153
1776 1288
413 860
1268 612
962 380
1596 493
218 1845
1040 1375
1665 1349
771 1026
1713 799
724 979
875 501
164 239
1772 1197
136 411
1234 1487
199 546
1351 574
598 892
1530 925
1130 1054
1095 1139
1062 584
1027 107
685 1196
586 933
1246 1300
1437 264
720 567
1322 1816
1763 327
394 976
1053 438
388 191
752 196
92 758
1083 88
1406 1318
1557 5
1133 1081
1209 1273
1601 1667
563 455
1756 1760
513 96
1163 773
1745 117
1323 35
974 1626
113 1006
1306 1250
296 460
789 350
1459 204
171 1690
902 1284
171 1247
1227 857
1811 1774
1822 1173
609 822
1008 416
1746 1542
78 804
988 713
1855 352
361 285
949 1662
786 1761
692 525
1400 1658
1305 1452
967 1574
1437 236
98 240
224 1049
1177 1163
745 1346
1474 796
122 229
729 1643
69 1532
1375 785
1465 941
742 1232
1153 417
131 230
889 1735
1572 284
480 531
1093 292
898 334
381 403
1405 144
1221 405
529 594
1192 120
879 592
1222 643
800 793
1120 1431
409 877
1128 158
931 1412
1072 756
1770 1368
993 111
1360 66
147 810
903 402
632 1336
1056 1782
766 1827
1511 379
891 1443
825 1682
379 212
469 1772
1148 1501
1605 1831
1116 1353
938 1404
751 54
1603 1700
493 673
737 1085
803 454
1792 1692
1861 726
741 811
943 642
1817 157
789 1558
444 779
167 1803
1479 1578
1143 914
1624 1797
1331 287
1859 701
880 1413
70 1378
1735 210
779 1
156 1684
491 237
89 278
1756 823
1073 1222
1509 1256
1005 336
720 105
1614 932
1058 114
1715 1422
1419 234
168 1237
1287 56
1313 885
1780 1651
639 92
1031 255
573 370
1438 266
295 1606
1771 388
1127 318
16 1483
833 709
704 658
1259 437
1228 254
1073 645
1386 717
76 1599
1298 1295
538 245
1023 672
369 273
681 268
1545 1743
1551 1823
1775 1618
329 181
755 360
1499 1258
1278 589
1007 305
1507 979
1862 959
1010 955
188 13
485 349
549 189
747 143
210 1358
912 1470
1538 997
1865 129
558 1119
1520 524
611 1563
1425 1382
483 440
1154 1002
1319 1368
1704 453
1641 313
1250 65
1538 1632
1414 1249
1801 740
304 1102
1708 16
1084 192
675 1124
507 159
498 139
966 1193
715 859
922 761
50
21 54 31 1 24 60 46 3 61 6 19 21 32 15 6 17 45 33 17 3 39 60 50 22 47 58 8 62 51 40 19 21 6 51 48 53 58 62 21 42 21 32 16 42 53 55 38 36 41 16
