1432
1287 981
1262 1333
1170 567
260 120
1105 1431
720 1041
1163 972
829 474
656 117
1270 402
28 1001
809 333
1324 1317
54 106
1094 833
1310 151
523 551
1129 693
1213 25
294 200
941 771
959 1375
544 421
853 662
828 829
968 219
750 87
1059 505
738 530
960 402
14 585
79 1340
1017 210
405 110
1284 803
42 1202
72 792
552 234
396 595
1271 314
986 983
505 756
1376 884
687 395
58 1341
786 150
327 1066
445 378
1172 869
1283 802
1226 1110
955 263
1246 1311
200 850
347 34
138 781
90 1423
391 772
709 1111
804 947
1152 302
341 627
277 14
316 1341
233 342
211 945
1233 602
988 654
1090 667
1033 1413
939 941
686 1022
288 1191
73 121
1047 630
1128 6
1335 516
1069 774
203 482
1421 376
168 308
370 464
1016 892
111 46
1377 1257
1185 1107
658 155
461 607
160 153
547 486
815 163
934 126
1043 161
831 684
387 269
427 34
1387 214
1243 102
623 92
576 408
275 808
87 380
845 639
382 351
601 1276
706 744
89 145
1343 1180
957 1079
169 206
922 1216
642 415
796 572
821 960
2 437
494 720
1229 136
1092 572
820 632
648 1207
1008 26
1158 252
348 666
408 340
658 349
266 35
603 357
1409 1288
489 1368
854 603
147 808
651 158
250 610
117 350
84 268
294 809
1206 1363
1082 1269
234 3
235 626
1279 1107
1139 104
989 164
777 1335
531 378
12 1419
1286 524
663 1118
1198 835
742 1133
914 612
984 905
965 849
1286 1195
518 1201
1140 1311
80 301
579 1227
1154 1310
935 665
193 190
1288 1275
123 122
794 134
851 886
768 44
449 313
698 900
1215 127
201 10
795 861
292 50
390 1244
1361 1345
1124 260
443 1211
982 416
1379 383
763 518
1078 823
950 921
369 1417
446 1244
1175 1115
832 910
269 35
965 1005
637 309
205 1209
24 959
231 1048
78 1386
752 822
77 1133
776 1069
799 490
1249 662
568 962
585 219
171 1120
291 1223
754 899
675 713
456 773
309 953
1229 214
1003 333
976 697
1295 327
1054 19
75 678
263 797
1064 461
503 590
778 773
1324 1017
1246 246
477 630
1400 299
1126 99
805 981
548 537
410 1173
427 189
535 433
303 635
52 1372
84 1392
1402 1357
1367 149
674 1038
555 264
951 723
990 1315
118 1150
133 75
262 1049
692 1342
1361 368
53 974
229 1132
636 661
1352 1036
366 1283
1135 1108
771 646
1173 619
845 1243
182 1014
629 1366
943 1411
801 252
1028 1359
730 1156
467 238
875 1261
1024 798
293 349
1013 1285
681 627
644 332
1396 178
760 696
598 851
221 660
1349 680
217 527
451 295
228 431
846 822
597 343
316 1241
425 926
594 499
1255 1299
736 927
240 1130
506 528
312 980
1099 68
56 891
170 41
116 367
322 1407
557 1257
642 1188
948 1414
1294 128
1273 819
526 266
649 614
888 140
763 727
324 226
904 45
849 397
840 564
17 1232
249 205
692 304
818 1166
780 739
409 517
1250 661
115 1225
1146 12
74 841
1023 730
418 426
619 1017
212 406
1221 1079
708 1384
1058 283
289 38
620 111
912 1375
957 240
107 625
460 759
89 669
471 618
1405 811
1088 556
25 493
659 1018
663 1405
1320 1233
181 406
751 1191
665 770
177 453
731 1156
843 893
1103 39
88 141
1042 1330
1046 305
103 631
1313 1106
407 224
129 204
1401 805
990 559
755 3
1227 284
835 529
605 379
366 135
1230 1186
588 1085
125 874
616 942
350 474
18 462
626 1123
852 466
1344 882
7 1426
1360 1334
1338 1084
1064 197
1368 974
9 719
939 995
811 11
271 1403
679 1142
997 958
968 1085
487 215
136 42
1308 1293
437 1336
422 125
680 926
652 440
1188 641
381 328
918 868
929 451
645 660
1075 986
390 824
637 739
993 457
1143 1147
1370 1062
502 1217
450 1331
250 673
1061 511
712 824
1203 410
1308 1214
129 465
1076 1134
55 299
892 925
787 231
785 1043
124 279
472 736
581 356
710 1080
966 1031
791 502
112 604
1392 497
1083 414
1267 98
1198 672
890 58
51 459
469 622
136 1276
917 360
509 1333
85 681
1158 293
582 782
1260 694
156 1019
1116 404
806 608
326 650
423 618
425 992
199 1309
37 644
1255 647
606 1102
1297 711
64 1366
148 142
649 732
1073 1141
1253 1168
816 65
628 880
362 1321
261 160
409 1406
273 1284
344 688
296 942
1321 1187
413 1231
577 927
621 643
894 978
143 734
225 161
940 174
1050 536
685 163
100 224
387 491
367 15
1334 930
907 891
1033 1431
834 535
1142 759
909 704
464 753
817 707
978 762
384 1162
764 1166
901 946
275 1280
1358 659
442 1259
931 120
344 476
291 628
872 323
453 287
1332 977
1155 1195
520 562
355 1008
1323 131
43 397
276 210
475 83
256 59
932 724
272 1274
389 152
865 1161
492 1242
142 682
1404 476
944 1189
613 1224
1218 676
553 166
1386 1138
912 844
783 534
1101 553
569 801
320 952
1087 417
987 1192
640 867
1228 1429
837 950
1152 1153
37 60
487 457
48 708
97 831
1303 307
1052 1065
1337 168
1116 551
1184 483
1134 1383
1239 957
1104 547
566 372
1190 220
1318 328
604 923
1193 1021
1279 840
596 469
766 975
91 581
557 411
162 1329
857 1353
69 784
21 796
1350 1236
602 858
195 721
104 747
790 920
555 1325
1027 748
798 1020
732 1015
1012 904
126 239
233 1220
386 298
208 790
592 1179
934 52
782 531
488 1248
848 872
70 876
754 1039
330 699
1422 496
938 1388
1068 1326
956 50
489 623
625 222
1261 530
878 1081
62 176
887 2
24 141
146 183
537 1373
220 1051
113 761
526 284
979 1196
818 31
1316 403
713 825
479 1251
1223 1149
1130 758
1000 1247
181 583
601 8
722 67
707 1041
1018 1101
0 412
1024 1356
1303 1119
1087 1374
735 1349
429 676
615 351
504 895
392 571
715 95
1135 329
306 209
788 267
1074 810
847 503
1029 148
411 373
1329 1272
359 353
991 323
313 1292
1162 792
1190 375
810 491
458 402
56 1031
1347 766
1241 447
1202 647
486 274
703 1428
556 657
230 1067
32 1038
733 1306
31 705
827 905
1224 212
432 803
1090 1295
1278 755
1250 1118
1189 1172
1114 60
374 485
1396 441
93 989
439 756
842 1245
1221 816
1239 677
582 988
258 864
1263 1266
654 1001
691 1029
728 954
270 317
1144 289
807 62
30 372
781 353
1216 871
352 306
638 325
1010 911
430 434
377 546
276 509
774 103
128 508
1318 243
435 195
610 66
175 521
470 1178
660 1265
511 504
765 1211
693 134
1296 194
132 158
584 415
633 1415
91 450
758 738
314 856
152 525
993 194
911 715
814 76
951 1397
357 1076
672 1353
1336 1055
799 1005
99 371
30 280
258 548
222 1210
668 238
1012 545
98 839
130 19
61 1199
928 90
1165 690
478 150
172 804
1163 813
72 287
444 154
1346 249
268 863
1145 817
1236 192
324 1100
1331 543
700 1370
1325 396
882 575
764 550
721 746
1057 742
13 1343
855 899
505 1154
515 1352
1055 958
1086 255
906 1411
380 1422
436 1425
629 593
1007 33
994 1136
1078 999
1019 697
775 832
290 358
592 462
234 512
1350 468
641 1212
423 436
821 1265
171 1367
540 319
544 322
1339 185
737 780
198 1373
690 1071
1387 110
1423 159
856 454
253 376
248 338
1109 345
1269 655
192 241
86 1013
230 870
399 1307
496 403
1259 1427
459 471
1103 443
945 687
709 127
987 1416
439 522
1290 1221
925 228
53 670
514 173
1097 1044
918 1392
830 975
1251 187
347 385
964 1089
967 1205
172 667
1098 768
1354 1365
731 1151
321 714
532 1121
936 114
1385 368
953 262
609 82
1371 118
73 256
78 180
875 359
268 416
232 32
165 237
789 264
1258 8
167 977
481 729
85 326
874 695
1384 954
213 1047
308 575
1088 1207
1004 645
273 1293
848 813
1410 1115
838 28
973 1061
906 1400
1132 336
793 819
190 956
66 398
671 943
343 1106
400 896
574 267
928 545
1194 51
615 536
177 1183
745 361
354 1395
673 1268
193 969
924 1267
786 991
334 862
1192 1247
391 70
1417 1045
820 236
151 898
866 146
346 1095
599 1332
41 576
744 1391
1238 1014
147 1127
419 330
580 619
581 1055
657 1217
470 261
902 191
336 1312
54 1222
488 342
285 669
784 839
529 108
857 1234
1372 903
701 861
281 1150
785 1177
674 1415
100 816
279 259
175 542
653 858
1398 393
1015 999
383 223
431 65
617 36
671 298
184 836
67 218
528 463
717 873
578 1427
1389 229
1266 595
593 787
534 512
1065 124
1146 241
1381 495
654 248
749 265
1228 919
609 515
167 1420
971 929
156 1385
594 1305
588 1281
312 1032
1214 896
232 71
335 563
1208 1167
444 237
207 482
969 1393
1430 1213
445 498
441 565
760 270
885 1145
1086 1430
1383 552
883 388
1160 93
16 214
369 153
664 1054
718 1346
144 187
47 283
1408 913
897 1049
740 860
439 953
247 843
735 39
1238 908
1355 456
704 282
112 1345
405 543
420 5
373 303
40 1424
1271 1
937 842
561 151
973 1089
800 1071
1046 1289
1034 20
1039 948
864 1377
1403 375
130 1253
1418 1130
317 178
280 650
339 452
908 652
700 683
643 854
980 285
318 910
1184 919
1240 197
1117 1258
706 1051
1174 319
1416 292
686 559
525 236
338 755
779 1112
495 514
699 833
924 196
49 114
807 407
1301 994
183 296
884 1272
1125 1328
1121 1393
1252 714
501 985
1307 863
55 433
321 490
776 1073
1313 826
562 339
550 871
703 1412
850 185
900 600
311 1021
484 569
44 564
1052 414
247 933
1215 480
802 218
311 77
517 767
996 1027
305 574
1048 605
500 645
1105 4
1077 297
1068 747
539 1099
1306 859
1300 847
80 932
430 57
501 591
757 670
225 1141
725 186
1169 71
1300 394
866 1063
583 1320
606 600
879 477
26 607
573 1137
475 1382
930 400
563 902
1424 719
984 1140
137 558
862 208
384 216
257 1264
226 1040
936 169
450 1159
286 778
346 898
598 549
746 1183
68 1378
653 664
1126 454
608 276
513 696
621 1426
421 29
1330 509
1305 931
145 1203
794 589
259 455
81 458
95 1248
102 955
830 363
962 852
1330 497
571 573
1326 971
620 272
354 135
560 1231
36 1131
1388 879
734 1040
1171 420
1232 1016
340 937
401 20
1168 772
1364 119
527 1028
108 1037
1323 352
1136 1407
202 689
1149 1206
985 210
94 1056
541 1060
143 507
952 63
1225 33
1109 1
105 655
901 1176
331 837
479 22
245 164
586 235
1186 1159
769 1177
689 753
1287 144
903 265
859 254
938 712
640 890
1110 1380
47 745
570 1095
727 358
1254 1128
49 920
889 440
614 1337
612 506
1412 438
1404 524
1394 867
1282 599
870 570
976 685
170 999
1409 356
113 206
7 371
22 1302
782 1270
1398 1249
213 1429
301 751
1002 1425
1194 1316
1387 1006
638 61
1063 1348
493 1169
743 91
180 532
315 1138
1354 1357
417 1292
246 96
281 94
107 711
1399 1112
777 762
567 1327
554 74
1175 779
1402 1252
676 170
1374 334
297 878
540 385
542 538
1124 123
1093 1037
1362 1299
1314 876
1108 1247
561 909
1060 1197
182 255
1096 23
1212 1020
769 1351
684 3
775 57
1256 1003
1083 1170
109 678
806 449
741 463
1155 81
434 6
1093 1127
1108 52
1120 795
278 92
428 741
1148 500
388 944
651 566
27 105
1413 64
1351 38
718 1328
748 138
1042 159
998 656
1009 1182
362 761
1059 1280
853 1197
43 318
472 877
410 1148
1360 1312
695 521
481 16
873 15
1201 825
675 186
404 1274
983 121
271 1263
198 990
1114 345
597 452
1098 880
916 389
189 1057
507 972
251 624
300 717
844 668
579 1143
1026 1044
1278 1074
1025 173
253 1399
149 1122
1391 634
48 274
1281 963
424 1209
823 698
1344 325
1334 1390
348 533
791 307
752 512
1035 846
295 694
1309 1179
473 251
1117 63
370 207
422 1298
596 18
1192 863
921 789
1070 961
1058 519
827 539
1056 447
722 1410
1273 115
1200 413
1144 946
202 895
1291 881
812 428
13 465
1291 591
165 1301
1072 580
1276 40
1204 616
710 726
1104 483
1062 1289
930 1078
1010 1196
677 288
139 546
1220 157
1094 970
578 997
915 996
1369 355
1077 589
783 381
1113 392
561 1414
1092 916
424 510
1348 702
242 631
1072 79
332 622
834 97
1004 244
377 498
196 1230
395 473
174 337
1210 855
499 1327
116 1180
587 363
1298 184
1319 492
1011 982
1222 1382
934 758
1160 227
10 1245
513 101
59 45
1355 1401
637 1175
966 166
639 1154
106 740
587 176
199 448
1242 1379
1268 1167
1185 157
1030 179
1119 69
915 636
743 203
1254 611
1297 188
468 1277
1182 154
290 1304
437 100
1171 1032
613 1205
341 1123
27 109
770 821
1237 964
1304 1157
1164 881
379 963
765 865
970 188
1137 1397
1131 940
244 1380
245 1240
841 1050
429 1174
478 1226
242 191
1045 1314
1147 1151
1112 429
726 683
701 133
886 1358
1363 1359
1264 691
1066 1009
961 394
887 814
211 1408
1340 365
624 568
29 516
131 484
1067 101
310 1296
889 1030
1129 438
480 1419
666 582
1080 860
137 365
914 278
682 885
1315 783
577 215
888 46
132 446
304 83
1290 401
1395 1235
1100 917
1208 1011
716 393
1102 88
586 1265
828 5
523 1113
800 139
750 1081
633 1219
485 1256
1347 1097
590 201
382 1371
1339 455
337 635
302 1034
869 788
162 119
1006 1178
913 221
815 648
688 979
967 679
1378 418
1122 1200
1219 239
9 1365
1394 76
335 1234
310 1053
541 1260
584 716
1390 198
1285 435
86 243
992 96
254 1275
1294 1023
23 1153
1026 412
216 1053
549 646
947 300
949 702
21 733
812 611
1381 897
1091 923
1036 558
510 543
520 836
361 737
1002 519
1111 729
374 1007
329 723
995 386
277 1181
1322 320
1420 554
122 1262
1322 257
922 1389
1000 227
467 223
533 1356
466 767
826 933
1187 1082
1193 725
17 538
1319 634
1282 364
1376 1164
155 1139
1157 286
1165 883
894 1338
1204 749
1369 426
1022 1084
1418 1181
62
19 17 7 41 1 8 38 12 4 43 1 16 14 44 9 15 18 45 33 4 36 35 22 3 47 41 41 3 43 18 24 18 12 2 13 44 40 16 2 11 2 16 43 21 15 26 20 25 9 9 32 16 34 6 19 17 36 9 37 17 6 22
