2891
1010 521
1994 2309
51 1511
2202 838
119 2466
157 2152
525 376
107 941
465 1253
522 2106
950 312
2230 586
247 293
1686 1069
2098 2348
551 1664
1539 194
667 456
1269 658
1477 1019
290 2209
837 2776
1610 1037
2839 1102
2484 2270
1094 174
1540 2609
488 987
1618 2659
2093 2188
2791 1641
2499 153
2467 1013
2005 207
1308 865
495 2370
2239 1327
2800 1436
1178 259
727 1864
1451 811
1356 1280
863 2149
1026 494
1666 1201
335 636
2683 2455
1635 1348
2067 2049
2629 1439
368 972
2878 1209
1896 2095
1535 1973
853 741
978 1313
662 877
2368 2370
2044 355
782 2069
1560 1567
207 1258
2564 1845
315 1558
780 1599
2555 1354
841 2423
1072 405
2608 1115
575 880
2562 2121
2062 57
1462 1540
142 1525
2635 2717
2503 1979
2721 2604
2785 1944
2018 411
187 1182
2832 910
1018 300
1670 861
1366 2600
815 1950
549 1846
199 1511
603 2426
1024 1748
1254 2088
431 1203
453 1725
454 47
1279 825
22 2644
2141 25
1091 924
26 2299
348 2377
1135 2813
872 630
327 14
1917 1065
1457 1020
2048 739
975 1624
169 392
2055 1350
1812 153
2513 2720
1959 1023
1330 1391
390 764
257 1081
517 975
954 1673
2704 1589
308 1316
1577 325
2714 1793
1373 1637
2157 1875
2526 661
497 1743
669 1554
2719 2326
761 44
1488 1869
1825 511
1533 2290
2356 2515
1988 2328
700 1011
1225 1505
986 1428
2029 193
1307 715
2481 1698
1001 1846
676 1795
1986 816
1481 483
451 2728
1760 2433
1615 2095
1805 2313
317 561
433 272
736 2669
2578 2503
2869 2264
140 328
320 235
1322 1051
35 2616
2838 2852
2159 796
2871 394
2535 1253
605 787
2587 204
2560 2407
57 2688
2510 894
2527 147
174 448
2197 1799
1439 252
1901 234
2262 1804
1619 1116
514 640
1265 795
882 1158
1977 2668
10 2773
962 2325
1533 1070
196 1384
2188 2117
2730 1039
2795 943
1468 692
2573 1611
2681 2235
409 2103
1234 1895
1628 1975
1215 2472
1043 818
1443 441
2502 1537
27 2378
2261 2465
2565 1989
1494 2193
1757 1203
233 1404
1298 1722
2416 1567
2794 746
2772 2105
2520 1324
2146 1849
577 1591
215 2369
1266 2646
544 1078
1791 1871
2038 1440
115 351
2429 1822
1869 411
646 2720
573 525
1029 2403
2359 816
308 1198
1593 1744
660 2435
1723 1196
1167 1281
2613 1303
2122 2079
2686 2658
871 461
2569 976
157 2096
1205 620
932 474
2135 203
536 1874
720 1539
914 1883
957 2240
823 2839
821 2690
1907 1380
1956 260
446 2621
2196 2069
2817 2879
1966 909
1485 54
521 2002
1156 625
1434 2666
1909 2721
161 1422
74 1920
159 1380
479 1578
1254 316
755 181
2748 349
1562 392
532 1734
214 1458
2393 45
3 422
530 1162
2574 2790
2747 441
790 146
2074 2751
2340 1092
1056 2451
50 1756
7 76
1440 2219
1296 1619
2289 1467
2533 2463
2529 1552
2360 2211
1873 1294
1099 2329
2652 1965
1319 1329
437 377
1482 1387
931 1352
1160 2820
1261 2046
2571 1531
2399 2501
476 489
1771 2737
2610 526
2256 2679
2138 416
2486 135
2731 1616
2249 1136
1089 859
1171 1021
2366 1720
1754 1411
2129 1999
2251 1602
865 867
2202 995
2613 645
2872 1660
1343 693
2142 1456
606 2096
2011 691
120 616
2822 2220
1277 1542
2511 89
2323 1887
1339 687
937 1684
1214 1576
1658 2140
127 381
559 65
1147 2775
172 2298
1177 868
273 1197
1460 1633
2231 2627
44 1256
2137 2058
428 553
613 1895
1172 1891
2827 946
656 2540
908 2076
1299 1934
719 1261
2070 2243
281 814
993 1412
2167 1497
2670 446
133 1703
1862 1632
1237 1117
2160 774
1939 1062
2686 935
2724 191
1946 1292
1768 2265
1913 1561
16 253
2765 2504
2504 1787
697 959
2144 2733
745 1748
2851 2850
463 807
2576 340
1963 512
2148 2757
1034 1545
1470 645
46 1455
1078 2361
477 1482
1834 630
41 68
2272 2492
2552 1311
1265 2697
373 709
1708 1204
1309 2298
1084 589
501 1653
1765 1229
1691 2636
2392 694
159 2306
637 2234
1466 1050
1468 1064
2593 2385
903 439
722 2826
2425 1452
1976 1966
376 2783
535 2447
637 2084
96 557
1583 1116
2124 1181
2820 612
2164 10
1233 2086
1098 791
1365 1622
510 127
569 1081
824 34
2698 1509
2804 775
1300 1699
1594 2462
503 362
2266 2488
681 2322
2170 1516
900 1835
184 140
20 1911
403 2104
1051 1656
917 542
1761 70
112 2807
768 1729
1462 2288
2828 1445
1735 467
2435 391
216 2008
1652 1769
1877 1979
1903 1517
713 1050
2356 241
2718 113
2262 83
599 1568
753 602
2497 1564
72 176
475 1592
1333 1617
2082 124
1989 1151
2391 305
2365 2078
920 259
2887 2855
1239 218
1417 1599
2541 1563
1573 2648
467 37
799 1584
1314 673
1786 1744
2208 2649
1742 766
466 137
2661 2653
2520 237
1936 1893
2132 1941
231 2457
2630 1618
315 1800
1514 511
1696 2867
1558 238
2369 1647
2250 443
1553 1818
369 878
1021 617
1778 883
2125 1495
629 1171
2578 1802
1041 847
999 347
224 794
1867 2077
2000 1396
510 1910
892 976
640 429
1662 1716
572 266
2363 1991
1977 885
1861 1697
1095 624
1030 52
2559 2870
286 116
2758 2553
372 343
971 2130
1269 2643
2471 2474
185 2365
1949 356
1832 1315
543 2802
2426 1673
1443 155
251 1182
507 808
1332 2064
74 466
1275 524
636 2640
1217 2191
1074 669
2102 2569
1961 1085
746 1547
2421 480
2445 375
1803 2477
1374 1199
1150 991
1062 2130
760 2141
889 950
358 1537
2180 2255
1923 1475
1844 706
1008 1708
1957 1392
2273 2513
1666 921
2155 285
907 2517
1222 1886
1367 2132
458 531
724 2451
1595 2841
536 330
1010 1264
1017 482
2565 1636
1953 2482
1986 551
1417 1684
791 2031
843 233
961 1695
2097 2093
2307 1784
2790 894
2098 1005
2063 2116
1083 2377
1318 2709
443 2490
1339 623
419 2087
2604 451
1217 1851
317 834
1278 329
610 470
2704 2311
748 919
1700 201
1671 1793
2448 1343
2680 2342
239 2544
260 690
2244 2770
2292 2696
1353 432
772 904
1992 2539
1098 390
603 1237
1173 1685
922 502
2434 2530
211 413
1218 2159
758 540
2174 438
672 1653
1871 2200
2823 2750
2847 1714
986 1720
103 1564
1277 1345
2312 2444
1126 774
339 2241
828 1800
983 1394
1123 448
1630 1607
2361 1259
1732 28
1952 1392
614 2126
1192 1218
2092 584
1649 1717
2404 2151
2218 1759
56 1401
1766 1044
1775 1659
985 1728
1822 1438
1204 2344
2341 544
86 940
1067 303
1244 280
2438 1211
1824 1407
1739 1878
1891 1733
1474 396
558 818
1382 1047
2656 2863
1639 1275
733 2523
1032 280
1185 2582
114 1823
938 1066
772 465
2713 2877
1620 552
2124 2525
419 2717
2283 1743
1251 221
2609 1409
1931 855
2358 1693
927 2143
2696 1490
651 1765
298 178
1549 566
1805 1403
1276 1919
681 2772
1853 302
365 126
447 1151
1137 1929
1266 458
2789 1302
1122 2786
2028 1519
2152 2415
2673 2533
285 2741
24 2139
217 1433
2053 735
1731 1675
310 2411
500 1295
2496 279
1583 352
766 436
2352 2592
263 239
123 876
1046 67
2881 997
1431 2742
340 30
229 1143
530 1420
994 1238
1678 839
655 631
845 1175
464 432
2672 2405
1096 1461
2362 1389
1053 171
789 1289
883 438
972 2716
102 2780
1644 171
28 370
1912 1037
2661 1777
1885 2882
2187 777
612 1978
1293 240
2031 678
1631 1310
2490 2712
1785 1690
2615 177
2376 495
1023 2710
1222 2829
1260 1327
2239 2244
1632 2754
1572 2134
1999 2285
2091 1792
1167 2380
2623 2581
2225 1987
961 110
2868 691
1842 1336
1904 2212
934 1596
480 1117
2102 2856
138 1230
821 2664
725 1880
1901 654
2614 572
26 2467
1129 2629
1369 11
2341 2494
1091 2114
547 1376
933 2635
881 2642
601 1672
2585 888
1905 959
344 2518
2383 2062
1817 1819
445 886
716 1541
2803 1030
686 2639
949 1484
1036 194
1953 1825
223 1394
1347 357
2215 2206
2715 1360
2510 1609
2387 335
2145 2427
309 1808
1940 996
1212 1605
143 2706
2282 1251
2475 306
992 2651
2630 2862
2000 2788
2475 593
2469 2667
2163 2211
1713 1106
529 965
1282 292
2171 1528
2162 858
2550 1281
2813 2198
634 2848
1349 1153
1599 516
2860 2759
2628 2321
810 2082
1690 2373
309 1623
2237 1523
471 2854
1662 478
2304 2649
1876 248
398 2562
2749 2777
1550 1612
2071 2099
406 452
680 2404
2601 294
571 2842
2065 2260
849 1838
235 2407
2267 2446
2251 485
970 2001
1911 941
1707 1948
1780 1033
2336 1135
2874 75
1980 2386
1549 2003
1852 1701
2825 1806
982 79
332 2186
2617 2389
336 2042
692 1006
953 2491
196 1930
2745 1875
1164 2603
1597 1172
279 35
2343 40
382 355
2808 1508
278 380
1501 654
417 647
2402 546
2430 88
1837 737
2194 2028
2528 1694
5 2019
1775 1166
633 714
2022 586
2778 1352
195 903
2252 978
2554 2713
1031 610
1894 705
1073 109
425 870
2035 1764
1524 1935
2224 684
1759 1288
2828 324
91 99
548 2660
2850 939
53 670
842 407
1732 1057
2181 800
2323 354
1354 918
1873 346
2051 361
8 1934
139 253
1267 1214
867 1526
1543 2743
135 1331
2372 319
2420 2264
2827 763
1163 2468
1148 1807
2857 1344
979 1841
1395 756
1420 676
2732 1476
2388 1591
675 707
232 925
1227 2009
2106 1377
744 2336
2676 413
2178 1150
1831 366
2787 507
585 723
2726 34
2663 2647
2280 1722
1006 1028
2693 1444
1397 1702
626 2075
2836 2105
1601 1230
2147 2618
2301 2703
1007 2119
1049 70
597 2501
1655 98
1968 149
529 2883
2783 1745
2224 199
2524 873
1588 2683
33 1107
2767 371
788 2290
1812 1007
484 798
1424 1770
1974 1532
888 2204
434 168
1643 2466
1402 1866
1590 2213
2740 1040
2590 695
1017 1346
685 1065
1498 203
956 509
623 755
879 793
1121 2265
477 351
2046 1553
1216 2286
2814 374
2446 2766
2281 430
2479 2079
488 598
2110 322
1504 2100
1862 421
2807 449
2655 564
61 2766
322 2620
1586 1311
2538 1569
1579 1563
1435 86
2826 2133
1689 1561
2252 1416
81 702
1791 2241
1323 2166
2015 60
1291 189
568 2422
2840 2607
2873 2254
8 2177
177 2016
143 334
2255 2074
930 2723
1067 1587
1396 1405
2588 2730
1513 1976
833 2156
2762 2853
1185 508
2057 2493
1779 512
1437 480
1809 1717
1192 1715
393 1148
1598 778
1188 731
621 759
587 1860
2662 1252
2318 206
193 2056
313 1049
460 39
2536 2522
1766 2551
1503 117
2232 1501
2508 282
236 1038
2122 267
709 2200
2526 2769
896 1054
377 2286
111 310
848 121
421 533
1956 2250
2799 1870
581 111
935 2890
190 1370
757 1857
1403 2227
2412 1912
1737 2631
2207 644
2347 2843
2651 2347
2522 1400
819 2077
2833 2066
2855 405
1442 1248
2033 2795
831 2386
2362 650
1747 2213
303 2667
2041 2708
1739 427
838 1678
1734 2452
2368 1270
1613 1695
1575 2860
1910 556
2564 2075
2866 2199
963 1364
505 1240
1826 294
1332 1212
491 849
593 773
499 2306
1648 664
1837 1152
2770 451
1414 2603
523 2711
2890 2227
826 516
1738 2642
364 1110
1699 475
560 659
1429 2032
2739 1052
2009 461
1586 2293
1872 1109
2579 858
2127 1189
710 2557
566 951
1863 2652
2108 1817
2718 1227
2832 1321
1792 2270
1181 1861
481 2806
2 1607
2716 1415
1131 292
320 2478
898 126
615 2671
296 2453
1833 1736
967 2114
433 2198
2811 333
1916 661
1787 776
156 1687
1070 2543
2712 2410
2418 893
2711 946
2852 1287
581 2738
1600 920
632 2811
1059 522
1714 2176
1195 939
1967 2041
1710 175
492 386
1830 2196
59 408
2332 1796
1113 1146
266 1132
735 2479
1958 2326
1427 1290
1076 232
2558 5
1353 2610
2819 346
1004 2749
2136 2674
1298 1970
1688 87
339 546
1995 1527
1318 1170
1342 286
2072 557
2109 2267
788 2798
2817 1621
2432 2824
789 864
2632 1086
92 2158
2848 2549
796 1144
968 501
2583 1661
2738 2845
2460 702
1915 1381
624 2639
1705 1357
2489 2843
1926 2761
1505 1055
1650 202
1411 2611
1402 2236
2529 1995
2746 712
2485 2764
1457 1798
213 2083
2547 2779
1202 2236
2553 473
170 224
783 17
1598 51
1453 454
2810 785
2722 1596
1234 19
106 902
402 1517
2745 2205
2277 1495
59 2420
732 2835
994 2118
2847 2278
2256 1958
161 1195
2052 811
1634 677
2316 469
1307 2692
2493 2222
765 533
2774 356
951 1918
2485 2450
1297 1997
73 295
1773 436
11 2094
1898 2148
2621 1716
2636 2837
489 195
107 614
78 148
1894 1164
2753 204
1969 2743
54 1693
1955 2509
2541 2315
965 1651
2246 400
1924 2586
1334 2181
1489 1528
2581 0
2620 231
1133 160
46 1727
1750 2675
2015 2408
2207 1066
30 1305
2291 2197
1210 1937
2395 1829
1052 1032
970 1407
1897 1246
619 1299
2633 1289
1797 671
1 284
115 2215
1881 1138
2319 563
1441 2302
1627 287
1667 1142
2065 1470
402 2641
905 265
2107 2353
314 491
2160 2344
1048 1726
2866 1351
1087 889
401 1103
819 61
2741 784
1250 1449
94 2332
1796 2442
1090 884
592 2665
252 926
1053 1418
1141 750
1658 562
2606 649
1753 2885
2092 2588
2226 330
1583 1294
1114 1864
2872 1681
2746 1121
124 2354
304 1184
1109 1092
2792 2410
1915 469
296 2249
1514 1682
2637 1560
2014 719
916 540
2882 430
2476 283
2626 2300
154 1346
179 989
1538 899
38 1347
739 555
1190 1502
2849 2297
1345 2659
2412 2702
1843 101
981 341
936 210
1879 1308
2572 208
1245 1945
2634 2374
856 1761
2531 1821
1002 241
2387 2845
967 2496
1375 1785
2423 769
1544 2542
1236 2579
991 2761
2144 1389
2706 2259
1606 261
895 1640
151 1737
58 1818
2172 1840
2168 151
1476 797
1521 2512
2275 517
862 832
408 2460
2841 2532
1510 1973
2422 2523
2185 1622
189 1344
711 1083
1433 564
2201 490
2710 2612
1928 1600
2889 1819
1408 2831
1033 1866
814 2645
364 2884
38 2331
1085 1962
313 2146
1324 2877
1646 2330
1190 1602
468 737
2005 892
2647 250
2355 1981
1746 178
1161 1241
1459 316
258 2762
2554 2349
2346 1594
604 2440
2409 534
1729 428
1372 2675
1656 2143
2417 264
2809 822
628 1657
1107 919
630 2736
977 1830
4 2697
550 1088
1278 2232
1774 1027
2168 160
597 582
912 617
2742 2268
1481 1625
1221 1510
943 1925
1847 2292
1522 1557
1577 45
1201 798
744 1314
388 897
2039 1243
613 2889
378 974
860 1297
2563 240
659 2006
1176 1783
2228 145
1990 1515
2059 2815
2692 2780
202 1378
1008 1659
1399 291
496 2379
2793 592
2809 2874
2434 2595
2189 2085
148 2054
698 145
337 2357
245 2299
817 820
251 1504
1749 197
2317 2575
1186 486
1444 415
2061 18
2887 156
2705 539
607 2740
1880 2397
1456 2128
578 2277
682 1763
2283 1612
2734 2771
1592 1983
2029 553
2495 569
1264 1025
2424 472
1918 1229
306 56
2500 306
2094 1985
1961 712
2352 825
2543 1262
6 1349
205 2583
765 574
2829 1590
750 2631
531 781
1258 409
1210 2071
2339 484
1000 2400
679 39
2217 1631
119 1585
1686 1231
1374 2563
370 1231
2777 2456
793 1446
1393 2415
1948 915
988 1687
487 846
2821 1689
2614 1782
1922 1582
627 2787
367 2857
2315 817
931 2364
751 182
1079 1521
2560 2707
688 1125
1009 1263
167 2338
407 2320
1235 2638
595 1902
2284 989
106 276
1157 2301
1804 1589
281 923
166 2350
1859 1629
328 2390
608 68
2380 895
2668 2128
1101 220
453 300
990 1097
2727 1855
1760 1605
85 1614
665 859
2669 723
565 1003
264 2321
2386 2681
146 2833
2455 79
206 2799
404 689
360 442
1388 1786
1483 1808
590 130
1 222
711 383
1609 633
908 104
462 584
1434 1461
1435 2304
852 2192
345 652
342 2310
1228 1432
2709 1527
1165 1455
183 2757
983 1442
175 944
1998 379
2837 1335
1079 410
2165 2275
468 1397
2343 273
2220 1993
2617 2367
575 1996
663 1158
988 1588
1742 1856
1913 652
2025 2228
1971 184
591 334
885 2226
1881 1555
2769 1060
1359 1637
748 2695
84 2825
2437 2330
1157 1211
1518 1546
1042 131
1655 1082
666 905
141 506
1369 269
2059 2561
1220 588
301 245
1248 2280
90 2753
724 1850
247 1774
1642 1348
2023 2276
1179 520
932 1483
1711 244
48 2388
1337 2406
1868 1777
1884 2546
1430 2034
2384 1580
857 2259
1473 1870
387 272
416 2482
223 2801
537 1174
1187 2454
1323 2694
600 2219
2625 1603
1386 344
561 2016
2480 1480
2223 2867
173 257
866 848
689 1668
497 2459
1811 2396
1445 2688
2266 1762
1336 2417
1584 2792
587 2381
2461 1196
173 1004
1421 1293
2849 2063
1370 228
773 629
779 237
769 492
2505 1946
1634 1406
856 1608
1399 2151
1721 2087
1499 684
2676 243
1310 1960
2511 1661
2293 2064
523 414
1372 2607
2222 1257
2879 2679
455 2155
85 1815
2296 1208
2287 88
2597 2687
1207 1498
144 399
784 1489
2465 2328
1606 2456
1014 1183
790 1255
2258 2619
1529 578
101 1908
187 582
2296 1573
550 1412
718 1485
2886 543
763 1520
545 585
437 2324
1556 872
2474 1877
2182 2112
2760 2459
1663 2545
2865 1943
2400 2375
725 2682
2443 274
1601 42
2180 1359
1280 907
353 2081
2670 815
2020 2359
66 2247
1384 162
1801 1572
598 105
2035 579
152 751
1250 325
2507 2641
704 395
1721 896
129 2040
120 2027
1694 282
2691 1338
2382 1168
1951 2859
2156 1615
1213 323
483 2525
1559 831
2210 333
2536 2760
2073 2671
1479 2167
1543 2473
632 1163
2174 2416
1245 923
1874 1361
2297 2624
1997 2253
132 651
2756 2650
2017 2303
1216 2862
311 78
447 1551
2158 218
1621 2288
1988 1425
1317 1983
611 820
1957 2182
2598 1728
973 1794
325 831
2509 870
2208 727
804 552
1277 1532
1903 1169
1112 2786
795 1284
1136 813
840 1751
1357 893
345 679
2475 2229
1453 519
2521 780
764 863
274 1490
284 832
1523 726
1648 298
1781 743
836 2004
777 2020
2295 2353
960 1129
71 2756
1224 1090
1773 2573
69 1668
2060 1450
179 375
948 1304
2512 1038
2127 230
921 1863
87 2285
1130 2432
2319 620
276 2834
2161 48
1124 840
1426 73
2115 2457
1086 1683
1512 2532
2312 2687
1329 321
942 2390
647 412
2161 18
1581 1908
2577 400
1149 2169
674 1025
242 255
435 304
2600 2858
1100 72
2433 1731
841 2393
2334 311
626 1184
349 717
1228 2134
238 2194
600 456
1858 979
1103 1752
595 2414
1200 653
1223 2308
1848 1879
2791 1585
476 2017
940 1628
470 414
513 459
2103 2611
58 2025
833 1529
1524 2034
1625 2488
2665 118
2175 528
1753 2589
1709 2685
385 1725
2604 2500
2816 2294
332 2203
2205 1645
2083 2307
50 2269
1972 1975
1075 1635
21 749
1274 1450
1219 1971
1746 2080
2805 378
129 687
2199 977
752 1692
2333 1224
1140 722
2291 1816
1697 851
167 1486
55 1045
1767 949
890 1950
158 136
658 1496
180 1954
2884 1810
2737 2782
609 1820
2120 439
15 1579
1733 1620
1492 1922
2429 149
1945 1153
64 1680
1376 2487
771 1268
2508 2004
449 2427
100 2437
1889 2835
1935 2358
680 743
305 1031
770 243
2355 2836
1170 2768
125 2340
2150 700
1448 934
2481 2026
455 1704
293 225
1781 969
622 1337
1518 2468
31 401
1828 1530
1019 880
2747 854
2121 2399
1947 2443
539 1604
108 2335
15 2534
1233 1674
2449 1860
1405 1921
670 576
481 2045
1772 699
2192 1503
2476 2880
2111 667
732 827
1056 2773
2723 1146
63 318
1738 2406
62 2125
1882 2752
1312 2076
271 2140
104 767
1587 502
323 1698
1058 2153
1964 1888
1415 1762
1045 1486
2309 1111
2342 2726
2428 2006
1900 2784
718 1160
2540 878
1814 762
256 1176
84 2308
2057 2699
2801 2549
190 278
1427 1016
297 164
464 1236
1780 2089
2037 987
1193 685
2037 1933
2314 1089
2691 2448
1060 1890
354 363
2570 66
165 1063
2398 2657
1963 1166
1207 664
1816 2796
2592 759
2521 1561
559 1574
2193 2110
2700 1075
1715 2623
2187 1286
1992 1128
307 1436
1937 2729
1430 596
490 2544
295 2238
1952 2700
1271 2269
1712 869
714 1776
1633 2752
2472 214
2371 1545
580 2593
2060 450
2824 2021
752 1675
2545 1627
803 1899
1173 2345
2516 742
1959 493
2648 1776
2097 1283
1087 2027
782 1340
1820 2050
1530 1580
2401 1788
563 2123
459 53
462 1256
2189 2346
639 1458
2534 2126
2376 486
2314 1416
767 133
567 2601
2643 1920
2831 1325
720 1876
660 1118
1603 1740
944 1506
1241 534
1413 2279
2744 1206
138 538
1847 2618
2684 201
1373 2117
2242 545
2698 2042
2436 471
1867 734
1305 1763
1811 1595
307 1943
2506 2278
1379 1705
1829 853
2489 1094
1213 485
2171 981
740 445
1939 618
1927 721
836 1710
1709 268
2528 2101
2515 1906
2263 2439
524 2689
693 619
2586 1719
2727 1313
741 952
131 2775
914 1465
1929 384
2023 1478
1419 1093
1367 1355
1105 992
2431 2090
1667 2806
1938 1730
431 2823
2384 2744
1082 541
1906 745
1054 1645
731 43
1814 2575
1924 1477
147 1536
2282 1257
1018 1727
644 136
1919 1300
1898 2548
2567 1180
2245 927
2870 1012
2317 2524
1767 213
2402 1446
275 2781
1479 1303
494 1713
1149 886
1962 803
1525 2662
2203 1985
234 2261
1247 2878
1106 1964
1110 2834
1319 2081
2424 1790
81 1700
139 805
2876 2287
2247 19
1824 2056
1097 2337
2584 2045
1685 299
2883 1836
1043 1484
91 1317
2798 2136
97 1385
1980 2013
2310 2072
2253 884
2550 1566
973 32
2272 2024
2570 2654
958 2551
1893 594
909 2162
1169 1111
1679 17
2019 166
1779 1035
1923 397
186 163
474 1868
1831 1562
650 1967
1887 2154
1429 228
1268 2243
1593 2337
1724 852
198 2195
2458 1061
2179 1841
271 394
1809 1515
1024 505
2395 1990
1689 1619
2408 242
398 1199
1944 1058
2032 1335
726 2038
2449 911
1259 2722
2689 2104
269 2179
1127 2190
1418 1074
365 1350
576 648
1055 1550
1285 368
423 2537
1132 2366
916 2221
348 1806
1363 1940
756 1865
2080 1679
200 403
555 1701
2658 1541
1022 16
60 686
537 574
140 1464
1244 2085
1469 1500
249 2779
1142 2229
591 209
2568 1441
2864 922
1096 1131
801 1859
2441 2007
1810 1057
361 1356
2184 2580
318 1272
683 2302
1449 1857
1366 1381
2622 1419
1388 634
1960 2091
625 2469
2001 2099
1650 2519
964 2053
2018 844
2021 2258
2558 2335
2594 1526
246 924
1497 1557
779 2776
2660 643
1660 1077
910 2214
580 144
806 960
2470 1885
1855 1758
188 314
2024 628
337 868
2856 760
2758 1467
639 535
2414 1726
1548 2044
350 757
2725 2487
1144 289
2754 898
1676 2206
2552 734
2471 1982
326 653
1932 1512
1012 70
583 1301
583 2538
2320 2682
406 2768
1084 2637
422 938
183 2050
2235 1000
1569 672
121 1638
1703 860
2612 1507
1022 2838
754 999
2391 2089
1243 1683
2876 2233
721 2656
1180 25
1448 2707
2421 2812
997 2483
2765 829
2195 899
2157 558
100 268
2853 1123
444 1886
2624 1209
472 1745
2731 404
1191 1220
2566 49
1189 1133
705 1890
2445 1778
1706 1140
1823 2803
729 479
2371 1363
2577 954
1276 1702
103 2851
1872 1782
163 1933
974 1137
3 1061
99 1193
1232 786
289 1273
2844 1577
374 2348
824 112
1288 1036
768 2403
804 2784
2191 1358
478 2728
2804 1102
1368 1351
875 792
1566 95
801 2480
797 998
2447 1629
1771 1942
1322 1487
2334 1235
380 2459
1208 1044
1692 648
506 2263
2438 699
14 154
2473 1925
184 221
1758 1179
565 2421
2329 2678
1682 1974
12 519
2392 778
2298 2349
128 410
2351 1942
2800 955
1406 673
457 1949
164 89
609 2234
425 1681
882 197
716 2133
1626 1400
388 918
2324 291
2888 331
683 1130
1798 2382
2858 2596
366 1889
299 657
205 504
2713 1524
2164 2735
839 641
444 2245
2268 2084
1784 2499
527 911
2216 2378
1028 877
503 2055
2281 515
2139 1789
270 1914
2596 571
1544 2201
1125 2640
1768 2173
1647 1360
2339 809
1041 1987
2785 2599
1447 82
703 966
93 2112
2708 2345
185 1680
188 1492
596 1826
499 1126
1764 2672
1398 113
1832 835
1769 321
2587 1488
2147 1905
2719 2051
1994 2271
275 288
1608 168
2425 2385
509 2218
2873 990
2653 1101
747 2274
1290 1844
2580 67
980 2763
1027 2002
2318 427
244 1247
2289 800
1295 933
2595 2109
698 1671
913 1849
2033 917
1640 2271
1068 2602
1927 22
27 1291
2419 2165
1751 92
122 2246
1063 31
287 2812
1519 2576
369 1238
2750 2814
2153 1282
2026 1626
1568 2389
1232 828
1039 2519
549 2398
730 226
1463 493
668 1688
2372 2886
263 2694
2605 665
123 1617
2646 1398
666 1597
1410 249
254 615
1570 2547
500 122
2172 2771
554 2819
2137 985
1186 227
423 947
2805 2040
2129 728
843 1930
2815 2357
1383 2654
2502 117
1156 964
984 929
21 925
830 707
2625 2868
288 2442
2428 1840
1340 2260
1998 1532
250 829
1059 2748
40 165
1168 904
2325 2767
350 1547
1520 1422
1165 1502
383 854
1559 1316
2616 1095
212 420
579 2458
2108 2678
1391 426
158 1839
1283 2464
1896 152
2627 2888
1073 270
1749 1105
554 2546
1469 2257
336 367
357 2010
1155 1672
359 2322
1274 2638
2316 1116
783 2527
855 1480
1969 1334
945 2518
2231 1984
2237 2173
382 2216
2397 812
2450 1730
1404 562
2751 2861
82 2597
1651 209
969 504
649 2036
2626 2011
1200 1799
874 1104
1623 1536
1909 277
1390 2699
1358 1707
424 526
560 1127
1013 1954
1907 2374
733 2574
319 541
715 844
785 2279
359 2492
2885 1970
381 52
1472 2350
219 2703
134 516
1674 1750
1026 1724
690 326
928 2175
621 677
2257 1072
2693 1267
1473 2794
1552 1249
1270 391
2058 1974
219 608
1556 415
290 1002
2478 2781
1464 356
200 2628
1892 2013
1638 1499
688 850
2591 132
37 1951
102 497
1757 2498
393 1938
2875 1141
2305 926
2739 1704
2413 1917
1843 703
642 740
342 2539
1225 248
808 2598
1401 2859
1029 2681
2047 2633
1574 1835
2276 2797
47 2830
1034 1155
2383 1571
1827 386
1613 2818
1706 1069
1188 1581
1279 256
2439 771
69 1328
1842 32
830 1390
2701 2036
1554 80
570 2556
776 548
1365 866
2295 957
1850 2701
1362 1330
2822 7
1205 1676
2735 2844
1000 1718
226 2664
0 1134
36 781
116 1124
170 947
2470 1454
2214 169
2734 2571
6 1649
1682 1003
2164 1231
1119 1827
2349 302
395 142
1836 2440
1506 1292
63 2464
24 2589
695 347
762 229
515 277
2363 963
2240 792
363 1696
513 440
1459 1108
2107 729
1197 417
1333 1272
1242 881
1191 2238
1011 1306
2061 2690
2131 1582
1355 1331
1669 1897
212 897
2484 1741
570 2233
2865 1338
663 775
1789 1664
1321 1538
1807 834
1853 1421
2714 181
2183 2830
1341 813
478 1718
1471 77
864 850
701 2685
2401 2644
851 236
915 2497
701 1936
373 1361
2816 607
1740 1242
1177 929
137 861
2677 1858
1304 2880
1472 1395
1535 2022
1565 1009
1802 2030
1447 230
2591 2462
1375 2436
141 2313
426 518
2274 1414
1271 1813
2010 1432
93 2531
2043 353
948 2303
2505 1478
2185 1364
1496 873
1326 246
1854 1175
1916 1014
2351 2186
1154 2797
1088 2273
717 105
822 1183
1076 1320
708 1215
668 2331
869 2680
1611 1555
33 90
2411 1068
389 12
706 1534
450 2254
1801 13
1711 343
1665 4
2454 542
2782 399
2864 379
1474 1409
2118 463
2869 638
2537 150
98 913
429 1900
2014 602
730 1162
2007 1797
1015 222
457 1345
1104 2724
1932 802
301 678
1020 1423
211 2774
1743 1012
2861 2375
696 55
1755 1108
802 2441
2517 980
64 2142
1139 192
710 180
2875 420
845 13
876 265
41 2176
1341 191
2802 1996
738 1669
110 1221
1500 1815
590 2210
1914 1379
1646 1387
2120 2373
601 1736
1741 297
956 2049
1493 2043
424 1813
518 2810
968 262
1575 749
1848 1154
1134 1187
2605 2169
1047 2039
2367 2327
2715 2729
227 971
1362 1882
2881 1042
1755 2066
770 1794
847 588
1993 1941
2230 1491
879 1139
2594 2248
352 1114
1035 2453
2123 1968
675 2419
36 736
1377 1118
440 1371
807 1001
2789 396
1454 338
1643 1491
114 460
1239 812
1884 953
794 1408
631 2764
604 1005
1138 713
77 1226
1754 1424
2360 1302
434 1252
371 1883
1972 155
2755 2602
20 657
643 2204
1077 1821
1982 2732
1852 1471
2808 94
1772 1670
2516 1286
955 1565
995 2759
532 2223
2619 2842
826 2566
2048 1828
1410 728
900 799
2507 1926
162 556
2514 1249
2793 1202
1426 1159
2871 42
65 998
912 341
182 1516
1119 2047
1965 2379
599 2431
547 2556
823 2405
1534 871
29 125
2535 606
2052 254
1147 2163
1178 1652
255 704
2 1788
1712 1851
210 49
2572 2561
1451 758
108 1046
2394 418
2248 1576
2418 2584
875 1413
2338 2632
1112 982
225 761
2177 906
2725 1747
1143 1273
2413 1466
1393 482
2070 1460
1206 2409
1382 2491
2184 385
387 890
611 747
2190 952
208 1240
930 397
2333 62
1604 622
1100 2217
1493 1639
2327 674
857 638
2354 473
1892 2012
2150 2073
936 1064
1783 389
2663 1423
1795 2483
2116 2514
2221 2305
442 1262
1984 109
1428 2394
186 1878
384 76
635 605
1578 1255
2008 1899
2622 806
738 498
1864 1309
1315 520
696 2166
71 1301
787 192
2229 134
2500 1016
258 1508
2113 1904
2763 338
23 1463
2212 1475
1371 1161
412 2760
2430 150
1614 95
958 2695
2677 2498
2086 1546
80 2154
567 786
2684 1328
498 362
1947 435
2634 198
1978 1756
2599 1198
1342 2003
627 874
842 1465
1854 118
694 2300
754 538
312 635
1128 527
1431 618
1048 2702
1838 753
862 1174
568 2170
1494 993
2294 1531
261 2555
1677 573
1856 2225
1320 1752
1636 2559
2585 1287
1624 75
327 1865
2788 2149
1325 1326
2183 1654
1368 2615
1194 2135
1644 1770
1833 2548
2311 217
810 2461
1120 846
2427 1219
1902 2568
984 331
697 2115
656 2119
2054 2590
2101 2178
1507 1610
1093 2444
577 1642
887 1735
835 1487
2863 902
1383 2495
2673 1159
2542 372
2854 966
2674 945
2111 682
2821 1888
1378 1542
1015 358
2530 2477
2463 1385
1296 2131
2778 1641
1122 589
1312 29
837 1099
2666 97
2090 901
1425 220
1657 2486
2030 906
262 616
130 2606
2068 1152
2557 1723
891 1931
1115 2494
2034 2145
216 329
872 370
1080 1630
2067 1452
172 496
1386 646
452 2846
2242 2655
2113 2068
2381 887
283 1260
1513 1790
1803 2582
487 641
1677 891
2840 1991
1845 1928
43 1071
215 2818
655 827
1509 2705
594 2796
1839 2012
508 96
2755 1665
9 2733
1437 412
1120 1145
1616 1571
128 2100
1654 671
805 528
2650 1691
1921 1761
662 2567
1284 1040
1921 1263
51
1 93 23 59 83 72 73 78 70 46 38 51 35 84 35 79 63 43 51 3 89 42 64 38 57 25 13 44 85 54 86 75 66 3 86 37 34 19 94 7 5 54 31 86 63 87 96 8 22 87 95
