794
556 78
227 113
118 506
769 386
13 451
789 727
455 29
510 83
137 91
348 119
626 689
129 485
304 120
777 449
346 533
532 238
770 786
111 413
122 351
415 277
614 140
592 19
710 784
689 147
316 356
772 508
683 292
393 421
789 276
160 182
374 20
410 753
252 332
157 569
722 175
290 713
92 149
370 521
644 462
263 597
520 755
601 18
333 623
245 38
492 37
669 107
208 773
778 724
485 651
350 162
457 660
335 459
44 308
548 505
95 145
352 201
89 699
792 784
617 267
770 81
516 260
402 168
664 447
752 135
750 96
310 186
743 256
749 758
134 234
411 759
88 1
238 359
363 328
633 205
295 368
145 41
102 345
154 677
787 427
594 763
672 728
444 101
687 275
697 362
531 287
706 315
730 39
377 264
195 385
685 96
296 241
486 376
522 174
618 249
344 27
161 515
302 760
606 709
172 332
87 783
530 19
768 95
395 741
130 471
181 265
644 146
187 12
621 575
367 598
244 536
210 3
347 101
658 62
191 755
702 781
189 304
381 585
77 83
262 709
632 525
123 781
488 504
620 602
611 30
362 53
566 110
266 325
631 715
531 664
202 431
312 558
239 768
326 434
523 509
782 677
364 717
268 736
239 250
82 189
775 37
700 2
185 264
443 301
557 476
115 648
243 579
117 484
439 725
430 199
736 320
656 498
64 698
729 82
777 668
607 52
766 17
739 500
294 5
141 169
126 590
335 46
276 182
388 251
411 358
611 17
651 154
247 432
337 145
583 4
193 661
51 565
780 166
397 546
734 267
654 793
581 276
492 707
177 35
148 261
545 636
475 776
108 10
84 112
221 77
574 180
508 399
254 636
178 673
116 40
165 468
722 754
244 139
73 600
321 186
162 494
440 692
751 434
428 172
121 771
744 80
372 466
495 765
666 588
457 128
701 175
672 134
638 695
281 473
99 656
209 406
116 458
503 284
385 45
428 359
401 176
165 160
512 502
222 56
151 79
23 99
52 283
330 790
0 665
127 779
270 378
662 288
336 540
439 43
788 791
748 215
151 320
382 624
645 261
130 193
252 353
496 441
361 69
292 171
622 608
216 526
518 341
599 394
218 378
760 237
650 655
397 11
95 312
741 180
197 419
50 500
448 190
201 213
612 211
377 749
67 463
6 153
39 169
32 206
294 578
670 607
483 400
235 617
498 58
415 76
655 557
412 209
638 416
462 57
369 214
542 779
712 343
159 51
324 723
587 331
32 561
96 467
93 583
287 60
204 491
757 484
201 60
128 483
303 414
524 721
192 528
286 229
643 661
605 232
274 358
300 327
639 535
548 728
623 242
384 112
139 25
97 782
761 203
11 81
6 678
329 713
3 494
202 60
361 435
291 580
170 399
574 681
418 604
529 695
221 240
575 747
177 468
506 647
714 42
511 401
549 625
339 696
43 195
349 637
424 453
440 383
9 355
288 248
751 417
342 541
663 340
121 433
253 127
75 307
761 269
107 738
263 705
680 509
373 660
396 63
596 723
183 72
124 321
31 643
114 171
174 93
703 426
285 479
716 406
18 278
340 224
472 630
273 287
318 375
343 247
390 474
716 436
284 315
319 54
521 731
285 280
167 149
681 604
659 106
58 671
106 351
642 558
236 365
274 653
568 278
408 155
59 464
562 631
387 762
527 649
211 68
71 595
368 55
339 690
374 220
334 491
105 525
682 442
647 501
602 550
133 336
85 542
261 765
79 788
367 771
776 513
77 89
235 190
373 146
353 366
467 258
634 679
61 230
545 156
682 609
612 152
595 255
420 125
259 683
467 49
567 33
456 109
454 453
323 45
637 714
410 188
48 150
25 59
767 455
738 226
423 754
7 409
606 398
363 721
97 36
317 489
34 608
400 665
52 64
9 735
98 387
718 72
589 635
53 347
383 272
451 758
433 747
131 787
573 640
331 24
100 486
658 551
320 156
136 448
733 86
539 726
618 744
572 793
576 639
510 780
2 114
4 394
22 392
94 309
298 325
66 693
746 537
230 16
646 370
674 47
659 197
27 327
412 266
653 452
194 346
489 14
143 9
605 360
5 185
8 213
225 207
482 495
357 507
502 192
259 769
564 381
708 702
757 30
379 540
225 633
282 212
41 579
650 445
371 138
470 707
302 590
354 232
517 568
237 745
765 613
792 75
560 249
598 532
173 758
389 610
582 69
91 634
348 687
66 460
690 140
16 732
246 533
102 547
392 155
577 746
719 599
21 773
635 12
413 739
31 585
490 268
337 693
136 311
113 281
561 513
705 250
297 679
390 42
65 431
463 198
15 84
20 452
667 584
319 449
153 559
546 686
668 703
742 587
179 318
430 662
204 499
686 745
785 591
407 641
767 44
450 405
727 601
481 248
38 459
477 670
562 719
609 119
163 429
354 241
47 350
727 306
72 593
166 0
603 380
552 322
432 402
313 544
676 786
664 717
29 560
425 132
524 223
756 414
382 328
774 306
286 231
196 680
416 733
420 684
580 133
616 110
553 627
293 341
547 168
170 627
704 427
527 515
329 581
85 559
360 688
519 516
384 419
271 159
314 260
748 265
280 49
725 710
205 700
447 678
272 556
543 215
90 178
659 211
538 565
256 28
305 465
86 376
534 666
273 564
56 438
65 234
147 505
478 628
224 763
143 558
444 446
229 379
481 549
541 759
257 654
404 80
772 694
409 465
530 479
749 693
122 282
164 720
324 408
488 342
417 435
157 200
750 106
109 734
312 783
578 674
236 675
164 156
141 188
404 279
594 732
535 352
375 443
510 283
46 142
184 712
717 519
222 111
584 571
556 698
673 711
529 246
456 191
477 317
104 526
657 403
726 269
711 24
675 306
181 592
600 255
766 442
636 355
597 403
475 436
669 740
460 573
464 26
88 74
275 416
648 619
425 512
685 731
645 778
227 67
764 715
293 657
14 144
365 372
718 562
300 90
305 257
73 57
567 437
474 87
388 50
520 22
161 570
337 135
150 743
518 132
591 158
330 706
349 105
667 753
624 21
675 676
437 610
652 333
688 737
369 68
490 49
245 543
671 720
698 233
217 696
422 487
33 588
742 454
550 233
10 203
386 290
35 219
196 309
199 630
345 563
61 297
380 663
243 507
344 586
158 553
487 614
554 756
554 310
441 752
108 642
704 478
251 646
551 28
200 137
571 446
316 762
774 295
129 296
476 511
514 523
563 493
231 538
708 528
625 445
62 615
472 94
34 103
539 534
662 495
514 277
115 254
493 555
298 148
469 619
501 8
640 184
482 398
694 179
54 173
218 730
242 357
497 220
78 593
603 480
352 430
15 497
214 366
40 724
622 649
629 613
785 522
718 270
187 473
707 519
503 338
566 589
291 258
125 212
98 699
100 615
289 424
210 279
63 626
124 423
684 26
236 240
92 536
701 790
461 131
311 764
471 691
737 537
228 76
429 86
421 451
308 70
323 64
7 217
275 371
586 391
126 103
576 461
729 393
697 104
262 422
552 303
298 395
480 429
466 289
326 469
313 198
729 182
55 322
740 458
219 36
120 299
355 544
334 117
629 208
480 325
138 68
74 632
641 206
735 450
57
3 3 1 10 11 14 6 10 14 13 21 12 11 7 14 19 1 12 7 17 19 2 20 17 15 15 17 4 8 13 16 3 16 14 21 9 4 17 26 8 1 5 25 17 5 26 23 21 7 19 7 12 4 4 1 23 23
