157
104 80
143 136
113 147
40 15
122 67
105 70
33 4
115 11
121 2
143 105
20 28
110 92
142 20
83 95
113 41
146 132
94 59
60 149
87 96
148 54
93 64
27 88
135 66
107 130
131 153
24 139
112 48
36 57
60 145
137 84
68 74
2 123
47 95
147 94
11 19
0 91
31 87
44 89
27 52
141 90
35 99
50 15
71 2
39 26
64 12
147 40
77 133
54 14
128 156
0 129
155 154
98 102
115 130
50 133
92 156
86 69
100 155
77 3
139 71
107 86
146 83
21 43
0 152
42 63
100 22
145 80
68 56
32 19
144 82
72 127
51 38
91 118
114 127
153 125
124 140
18 13
138 85
33 75
115 18
67 62
118 5
151 105
124 134
97 76
120 73
48 93
1 49
26 122
30 150
114 46
37 65
58 139
16 148
3 85
70 67
156 116
17 81
8 134
7 25
144 97
109 101
119 110
23 57
37 17
99 21
150 22
113 4
76 10
34 60
89 53
96 106
55 32
6 58
30 84
123 98
79 120
121 141
57 79
47 49
142 90
78 45
51 48
126 38
56 31
5 101
132 25
14 108
102 111
133 47
41 137
154 81
86 154
119 66
135 29
16 117
63 88
72 71
112 44
93 151
104 16
24 128
10 151
75 9
108 103
140 129
53 61
45 19
35 117
106 23
78 129
152 120
52 78
95 149
142 148
92 126
12 131
26
3 2 5 5 5 1 2 4 4 2 5 1 5 2 4 2 4 4 1 2 2 5 4 5 1 1
