1449
222 915
563 45
24 1203
840 880
539 1435
413 863
954 733
668 1097
58 595
70 906
553 53
1217 523
1025 374
200 648
917 149
1189 1343
688 541
1336 800
1298 1010
1086 622
974 208
429 83
1268 972
657 268
308 313
844 1000
191 1368
528 965
577 1158
1127 579
165 39
1192 1347
105 1253
136 1313
1228 602
290 360
765 165
390 1137
853 1004
1183 547
279 1078
997 75
492 1392
1434 198
1044 636
273 207
238 161
725 1029
290 726
383 995
570 108
86 643
548 747
309 1270
1260 117
1426 999
1409 469
291 1138
1270 297
1058 96
403 421
156 1353
100 43
1303 321
766 341
369 916
561 361
333 1265
626 350
365 650
455 947
1258 794
1440 410
59 444
623 826
174 51
929 843
1074 591
93 157
276 1064
1218 230
109 1404
1282 250
551 327
819 1295
174 1376
837 1190
979 251
2 1024
220 453
423 1062
601 450
527 916
397 179
1375 29
896 60
1447 126
1071 430
558 1444
366 51
1173 870
106 128
183 670
471 1167
536 8
981 621
1123 849
737 716
691 1177
74 883
713 372
1330 874
895 724
986 633
1041 767
169 853
22 923
1432 1141
566 1023
1276 1026
8 1126
92 1073
123 187
762 830
1066 994
1188 1040
1256 97
1099 1241
1225 342
322 170
1213 368
1279 941
1029 311
276 483
1074 850
662 1032
217 661
300 222
31 930
1316 763
858 1115
1222 1426
851 118
405 1030
606 741
1154 1178
1176 24
318 756
1415 630
138 527
1105 862
36 241
323 1319
259 1076
471 684
1098 587
457 44
1239 510
478 753
147 1143
738 1333
600 523
1052 1088
1347 273
58 20
1336 928
771 1084
802 109
1242 1125
1028 988
1210 1085
1140 933
439 750
247 854
243 958
1355 787
951 50
609 734
798 196
659 1382
1177 571
955 321
504 1334
1397 305
312 16
394 546
1016 257
447 75
1259 1175
543 158
326 227
902 55
76 162
545 735
377 4
666 1331
307 623
1196 1077
771 291
393 926
131 925
505 547
4 209
465 354
1264 260
196 119
1382 158
652 986
1079 1378
153 220
1379 1296
876 1008
248 403
852 352
937 1053
236 736
1311 1238
360 41
832 585
37 484
899 330
571 226
281 1326
731 1049
658 1301
1220 315
1162 1355
317 204
342 1320
1321 304
635 487
628 258
134 793
670 1429
744 427
912 223
857 1112
1347 223
272 94
1010 1289
480 543
387 967
37 608
895 894
1233 1095
668 583
440 953
1290 783
88 131
175 655
447 262
1047 63
1315 49
271 417
497 42
22 918
900 526
433 855
1227 1356
263 1037
1409 621
818 1342
774 755
629 1210
400 1400
87 1354
172 1185
110 1115
522 516
310 760
1310 945
664 1
925 515
1100 1129
1038 666
552 836
1374 898
811 1148
1332 476
1108 711
116 189
800 887
230 841
1035 642
122 900
27 1351
54 147
575 597
962 593
690 1334
856 1025
133 674
384 920
263 877
658 348
677 361
1021 862
884 653
555 1045
256 1059
1000 619
514 1407
344 437
1380 640
1166 1344
228 378
1394 502
1069 1133
718 1031
871 419
33 612
952 1340
3 517
202 1214
346 1346
1392 311
911 140
512 508
427 1284
1405 167
1290 765
591 1348
1117 735
201 372
129 1272
1105 629
127 1265
91 477
1066 1339
604 1180
295 410
1365 812
1236 98
912 877
1342 85
577 1154
88 1081
931 1106
1059 1442
1223 472
1283 1411
1393 896
838 565
1067 1060
240 160
891 271
231 1303
1036 987
1272 463
1397 1019
789 918
511 1147
94 1096
10 1297
944 1310
485 52
581 878
722 667
648 1150
369 337
869 73
542 365
823 32
825 745
193 782
1033 663
562 1246
646 885
484 144
385 1083
1235 929
61 1367
399 324
1062 1307
616 806
953 1341
344 1216
121 470
948 6
808 260
496 162
1048 1065
828 307
608 1099
906 223
1047 429
504 35
221 868
431 769
106 1230
1389 179
66 926
72 808
1155 1019
401 751
96 698
1043 889
686 854
834 1362
1296 219
584 971
325 1350
377 1218
464 1444
1335 673
212 566
901 1161
1421 1164
188 1040
168 790
163 1197
1317 1330
858 28
1211 626
1408 842
1189 1388
1201 323
434 315
730 1286
1116 52
1417 958
612 21
1085 660
753 525
1173 1118
272 1352
1069 903
1445 45
645 642
1061 207
779 1320
1191 501
1132 186
1443 1064
831 709
750 860
899 598
906 1176
273 1277
773 411
373 647
1266 127
952 764
155 932
946 781
313 155
1298 68
780 141
1334 149
786 257
697 887
994 336
1117 138
712 1072
1187 104
947 1151
1349 1107
1243 435
535 792
44 112
1005 324
203 92
1228 1288
1003 936
495 88
254 544
949 318
843 805
1089 213
1248 211
635 710
1436 169
657 40
101 1131
935 274
796 408
248 1106
193 406
836 30
479 252
702 632
723 1337
1422 226
845 544
1411 759
679 633
711 1017
685 1448
1208 1421
1198 981
493 1061
1001 175
1004 966
1182 495
1151 354
1200 265
1280 1325
283 1015
1441 1080
873 940
503 1160
700 1271
961 90
227 1286
500 1110
49 941
695 1199
301 830
1114 338
374 48
329 235
1317 1068
975 927
225 691
893 890
139 1353
1188 229
392 170
353 1194
589 560
525 382
355 861
176 392
1160 1323
733 80
603 629
252 1438
1252 38
1162 680
886 1119
1078 1254
1120 875
744 909
221 714
386 125
301 128
458 934
727 237
1247 1095
424 908
1291 1329
1185 1410
531 467
375 888
271 401
552 1271
1009 418
286 1089
620 1090
1195 464
586 188
1079 349
647 285
458 620
446 732
1343 957
940 322
996 1366
165 588
729 390
1257 1159
1102 696
718 861
1193 426
514 1170
857 343
362 314
777 1302
636 1150
266 111
124 459
821 1146
831 971
1253 1311
811 82
537 1027
244 1340
1181 454
781 950
596 1018
545 414
1359 204
1207 309
751 1084
320 1318
495 637
1423 268
79 1300
1275 107
679 1261
1304 656
1003 1312
809 356
1168 66
407 80
1413 782
1146 1251
17 549
1386 632
1220 1022
1111 178
1240 1039
688 29
1137 1238
972 298
1424 719
454 704
1094 110
1073 285
617 388
661 455
152 1262
449 841
298 1152
102 1106
381 300
269 205
1138 340
388 846
586 562
466 1063
249 71
499 261
1088 275
1020 757
370 121
1225 277
587 1113
1038 366
1179 556
997 880
1264 983
1092 682
335 1428
770 969
412 783
261 726
535 35
501 1348
1366 653
602 490
554 1244
871 893
870 931
413 488
740 370
108 1382
443 1439
120 150
468 1174
1149 347
414 699
1175 1352
288 1050
595 963
327 1122
492 253
1402 287
1262 785
139 416
234 951
389 306
1135 117
1116 176
442 1364
534 844
87 1440
567 842
568 462
85 1273
980 347
502 639
637 487
558 284
938 618
316 582
625 1422
356 63
1297 892
239 1167
1204 317
296 936
815 761
1332 829
1147 1281
364 644
919 362
521 866
913 39
383 777
1239 378
785 835
838 1136
687 576
923 214
712 956
1287 852
1118 930
984 1072
942 1401
641 391
1414 758
1329 294
1437 145
506 700
798 265
574 956
840 834
1075 1144
177 6
768 555
1021 966
1100 1416
493 541
671 386
990 55
538 1111
1009 453
789 164
380 1403
1252 1235
1193 1145
343 1327
98 970
1295 559
668 69
883 749
1402 945
730 99
1200 1360
537 1241
710 965
975 745
256 740
149 977
818 1243
1377 189
1171 982
760 1184
62 102
168 1013
1046 829
889 173
192 532
1414 1309
1259 855
236 767
282 810
157 689
86 882
669 270
82 1226
960 708
332 1300
1358 185
316 33
1043 1212
181 1178
1017 856
739 799
225 747
10 1278
23 254
1357 338
569 1096
1224 631
1433 224
163 359
1254 1431
143 1247
581 622
1233 1359
993 395
651 607
1051 43
21 201
76 1132
583 928
1369 1153
61 1086
303 1087
1381 869
511 16
519 406
1041 166
380 1291
1278 31
694 999
1387 40
326 682
1390 1048
126 1413
252 1014
950 1184
549 693
145 656
381 917
294 1135
194 1378
185 983
596 1168
114 1388
1080 1125
395 1030
694 724
1363 512
1285 820
116 184
696 153
1415 554
897 892
530 278
1234 624
650 672
1032 685
508 208
135 481
974 419
95 251
561 93
481 598
398 822
1221 1081
921 610
1012 1248
615 720
911 1082
486 1208
879 1139
1120 439
660 253
580 588
751 489
1124 1
921 240
665 460
708 182
567 649
350 914
518 426
1390 209
799 1391
178 1230
1431 985
482 472
182 1129
486 743
441 90
1345 532
676 124
681 875
1324 259
1203 962
137 341
363 1229
528 575
722 1152
264 1319
1005 1055
451 1196
348 1410
442 593
1081 715
206 171
821 54
1327 351
1432 118
1250 864
996 1024
1406 345
1016 1034
565 573
810 1109
774 59
504 804
1284 1321
764 297
976 440
1219 784
166 689
1263 652
1412 1438
1328 1427
432 217
805 25
494 1260
734 299
328 1068
825 408
698 503
242 507
1054 509
107 749
152 868
1435 357
837 1396
244 402
306 232
1266 1213
371 9
914 1325
761 520
146 250
310 1128
409 27
1294 597
738 1045
964 187
638 1195
1015 979
1113 1053
907 5
1110 655
944 969
955 482
197 1139
1107 1420
748 113
1013 881
1052 801
79 1215
874 497
625 1273
167 954
968 742
639 1328
1323 379
763 752
1044 1002
53 57
1293 865
560 594
812 474
1206 863
36 693
123 1445
1179 833
973 1114
1190 432
18 441
1375 1395
701 7
743 963
1042 910
89 795
328 1183
716 663
156 199
615 228
191 1148
669 1371
707 699
588 1105
704 423
77 1104
589 158
20 1302
1360 142
136 594
1379 1036
23 905
1011 991
790 1281
428 933
758 687
776 125
346 524
339 177
64 112
1219 847
1263 859
806 159
913 65
345 590
1341 574
927 1443
1223 122
14 882
303 11
352 425
373 1156
200 605
901 197
415 1314
1231 411
611 1039
1153 489
1204 573
564 56
435 312
26 779
1103 488
948 813
939 1377
592 905
249 456
938 1054
1058 1102
234 198
459 732
701 270
725 1098
1299 988
132 141
611 1199
991 932
478 533
1249 627
706 982
1269 1172
731 665
319 5
644 302
255 572
375 1101
1124 70
1368 1251
491 284
630 308
780 1180
613 851
839 1306
281 205
184 569
673 1427
1357 164
111 998
915 1008
159 1337
340 95
446 739
807 715
287 1292
192 1250
376 473
100 1404
792 983
775 987
113 202
180 462
646 1419
908 460
1312 47
278 505
1012 786
659 247
792 498
513 714
522 1169
654 807
1234 509
904 1026
1215 357
681 634
1178 1429
477 206
64 1127
1031 150
190 529
1056 1006
1403 1361
610 910
828 1307
728 267
765 394
606 867
755 510
576 74
417 379
210 1091
1130 605
267 32
1142 1417
1384 973
822 791
353 614
977 479
133 1055
231 616
101 1364
1209 1376
1309 888
269 520
330 1434
293 634
1257 939
283 678
1121 517
809 578
531 1267
1316 376
1383 148
992 577
77 0
1101 1322
1305 1056
827 903
465 752
1023 686
1141 654
640 7
664 619
46 762
638 1433
978 241
628 1229
1274 1333
1437 1158
104 1097
1346 568
500 1122
536 563
867 331
1318 1306
245 91
519 662
214 1082
788 607
1164 1394
132 741
496 401
181 931
1018 154
872 143
1108 430
65 3
229 1186
937 194
25 775
363 884
526 1313
886 824
1216 924
713 396
47 1287
1400 449
473 827
1157 881
1398 1369
1165 706
680 457
296 280
1142 242
1447 533
1182 114
904 1335
1372 215
1416 1351
675 1159
1274 891
572 1136
920 599
1112 1361
513 521
384 470
603 1283
788 26
186 674
1231 1202
57 676
879 494
412 556
820 705
99 277
721 1425
1446 797
551 759
368 67
592 219
332 878
757 1070
816 1049
434 452
405 359
255 1256
1027 41
907 1268
833 1344
675 358
518 12
1182 97
1383 325
129 456
1438 1280
1420 1362
643 850
1020 613
540 445
826 397
235 17
403 476
1315 873
389 784
1425 140
995 667
695 479
0 9
84 135
1001 1367
1405 559
943 295
428 707
24 719
599 1430
748 1301
557 1165
404 83
1197 1126
1326 130
736 15
466 570
1236 402
1276 729
103 115
542 946
1011 524
1104 1083
14 12
985 627
319 1033
1169 717
978 813
245 849
358 968
1206 416
333 1134
795 980
1285 2
210 421
1305 550
289 1255
1395 1446
339 1149
538 814
1399 816
778 72
71 1441
793 934
1232 144
1292 600
1202 151
1398 1393
183 1349
1406 173
959 540
452 286
422 451
703 461
949 1174
1205 1419
1087 418
329 115
172 34
1050 1282
218 721
989 364
239 407
1269 1345
1222 1255
266 935
776 1289
436 1057
992 1290
218 331
1045 1112
1145 1275
1214 754
450 264
1046 824
1131 491
1350 48
1261 1227
1103 553
1093 1267
292 692
835 1354
238 42
705 550
766 213
1093 371
922 1176
1209 302
1221 355
1075 817
773 723
909 1430
990 678
161 1279
803 1381
382 516
1363 78
1365 148
422 649
1308 1237
445 81
335 1163
1128 120
557 320
337 801
894 1186
819 468
38 84
62 89
709 677
1063 631
56 772
180 772
1007 1304
1374 216
137 304
1370 1071
1358 351
399 859
1237 119
1070 848
233 815
1428 1205
1226 1042
957 1076
529 18
1245 334
199 1399
624 1144
672 1067
1380 1339
1140 720
989 203
1314 299
791 448
73 993
584 823
1119 1322
275 1274
960 770
67 483
1037 280
1245 754
585 582
134 803
485 578
1057 864
1217 212
1028 847
19 802
130 288
1212 1436
1418 467
160 690
279 314
305 400
601 530
645 1094
343 737
50 506
1034 185
1371 697
1246 1109
580 865
1372 992
490 902
81 474
967 1006
1133 683
404 1051
171 1387
1123 1240
1002 535
258 211
702 396
897 282
1166 436
1224 1249
469 387
604 1060
618 146
60 692
367 247
1389 746
768 1244
443 1294
998 215
684 778
866 738
1201 248
1232 246
190 224
671 1007
1439 142
1187 1370
480 715
151 431
1384 461
437 839
1192 499
1035 1299
727 846
746 1154
15 922
11 860
425 1442
970 742
564 1396
794 1181
103 243
1385 1156
1194 1121
1356 717
728 1155
617 1391
1412 233
293 1338
46 463
546 845
1211 420
475 448
817 964
334 898
385 13
68 1407
1022 415
1386 1373
848 13
1324 475
787 651
814 262
1163 804
984 1288
28 942
34 1338
1170 154
603 1084
1293 1092
498 433
424 590
78 924
1373 961
1401 1134
579 438
421 367
104 114
1277 69
796 614
232 641
1408 336
1331 876
1014 1157
1171 1091
195 769
52
37 37 8 47 17 10 25 22 12 17 20 3 48 24 28 16 25 25 36 48 28 30 35 16 24 7 16 38 48 30 48 18 24 26 9 40 44 28 16 42 15 43 31 23 33 8 8 19 27 17 26 7
