430
33 208
117 112
330 49
180 327
315 81
208 299
369 21
216 87
191 39
63 215
279 385
305 193
96 142
354 172
231 85
316 380
53 37
261 168
27 139
102 398
140 359
129 124
132 93
242 157
358 51
298 404
340 27
426 416
70 111
126 27
168 391
339 273
164 136
400 56
329 222
343 392
274 204
230 130
321 374
324 402
411 29
410 222
6 240
363 97
259 360
350 213
226 335
55 264
64 200
373 361
310 29
428 411
353 347
67 22
381 19
60 90
327 1
408 8
100 413
94 202
79 20
304 83
173 229
129 207
158 37
309 120
80 30
406 234
125 173
292 24
378 187
62 187
212 333
121 78
379 169
303 163
76 159
41 400
25 227
284 287
45 221
252 104
116 206
285 314
197 47
220 309
195 313
166 177
391 421
56 425
323 123
159 332
31 162
198 130
84 112
366 161
155 203
148 152
0 108
356 225
421 376
94 85
277 184
256 69
119 243
72 260
250 203
323 418
113 53
156 178
384 135
349 121
181 213
300 28
177 92
110 13
72 206
406 251
215 62
5 97
319 272
21 378
275 194
333 249
320 340
250 124
107 315
174 275
395 116
83 245
64 354
55 312
180 330
414 32
9 356
189 299
34 339
306 125
91 138
218 427
305 283
167 138
309 68
351 425
100 95
338 16
93 40
285 404
322 360
401 349
150 388
17 405
288 276
355 423
302 382
392 326
182 63
419 199
247 82
260 232
154 155
44 357
65 58
252 294
288 137
170 387
409 214
26 329
212 359
145 408
260 312
394 413
397 216
359 334
140 300
108 8
341 217
175 338
156 153
49 2
169 15
90 57
351 322
423 290
416 105
43 199
389 114
234 58
290 70
403 111
286 2
63 160
283 188
54 20
293 364
362 18
152 99
51 387
98 342
320 1
248 237
209 36
210 382
424 265
253 296
21 418
265 214
246 181
282 33
14 414
358 306
336 67
28 5
268 96
153 135
161 246
298 232
218 24
32 302
113 142
238 149
229 429
284 254
50 154
381 245
120 128
388 73
246 289
256 13
52 401
59 221
402 127
350 318
317 241
228 137
297 150
59 307
162 104
144 364
243 394
22 331
68 236
371 196
35 269
146 131
210 345
195 391
294 258
75 367
344 197
0 347
69 166
314 313
429 321
151 219
131 286
163 201
377 181
191 420
357 205
318 415
139 316
426 277
372 389
403 341
295 189
57 140
373 346
271 77
103 417
52 176
60 4
185 239
239 264
86 38
393 390
136 407
134 248
311 257
291 158
134 50
346 303
126 328
223 280
407 125
171 374
149 365
193 371
190 87
240 231
165 342
352 361
230 62
335 261
11 178
79 95
278 220
109 185
4 118
18 143
106 409
278 110
41 255
235 266
207 292
383 242
281 272
106 370
179 383
386 170
51 272
422 255
334 384
219 244
332 78
293 223
227 308
363 235
128 365
269 3
198 172
183 107
66 188
102 224
395 211
295 179
88 12
384 71
276 103
380 308
114 194
253 298
25 422
72 340
319 122
45 89
133 270
310 226
257 334
192 307
315 136
76 377
73 88
325 135
6 282
65 244
174 251
16 324
336 326
7 390
368 146
263 405
370 115
187 273
148 328
345 99
151 23
143 211
280 61
46 331
412 186
182 74
410 81
46 7
34 184
3 268
48 236
175 225
281 153
164 47
301 201
10 66
297 101
287 75
109 44
270 343
5 369
224 420
301 80
145 415
358 119
279 386
133 28
337 344
285 204
258 40
84 262
171 271
348 372
421 35
24 316
398 23
200 304
247 396
355 61
89 266
190 122
291 317
38 123
192 262
217 104
375 74
348 186
98 397
91 77
209 147
42 176
419 424
376 252
379 238
314 233
399 31
141 237
82 267
289 396
39 17
118 10
12 325
58 182
132 147
183 367
365 377
202 399
249 115
30 254
48 94
366 65
71 9
228 267
40
13 14 12 11 7 9 2 2 1 8 13 8 14 14 9 5 10 11 11 13 12 2 1 12 8 5 14 13 13 13 2 10 8 3 9 5 9 11 5 5
