2955
1453 2416
919 1346
945 1389
98 2827
2207 1179
807 2719
1710 2463
372 2746
348 1014
2944 1554
2534 2392
1674 1790
2928 725
2350 2603
992 377
1004 2097
1971 1386
1853 762
1313 552
2641 89
1443 408
738 2320
2488 855
797 856
2839 1046
1365 2048
1450 131
1708 972
260 427
195 2600
2574 2747
608 263
963 1860
2465 2414
577 305
2947 474
999 1489
2558 21
288 922
1921 1443
1425 2689
127 883
1478 1308
828 2710
1247 1092
288 1317
464 2686
620 362
1053 1314
930 2338
1231 121
223 546
2448 2663
820 1188
2673 2274
1587 1963
215 821
2794 2365
184 171
2060 1147
1899 216
2347 2150
1225 1920
1360 474
2326 443
1129 1234
2273 1269
2880 336
2894 2083
1436 70
579 1781
1777 2621
2362 2790
1276 900
2707 1245
475 649
2617 1972
1444 285
744 852
523 778
2629 2548
912 176
2193 1869
1540 1723
2475 44
291 2711
234 1806
300 24
1406 169
583 2706
2503 642
1415 2367
518 758
755 1805
1103 1796
1831 1752
2126 2073
1090 2841
1219 1204
124 2053
341 2821
2388 2656
2740 1489
898 1497
779 907
1759 612
2112 314
2759 2861
1150 522
1784 1985
2654 1153
1611 1779
1393 2422
2407 736
386 1979
744 24
1910 1035
2077 2005
504 1612
721 2808
31 302
1147 230
2063 1959
2223 1734
2079 2323
177 2074
1815 1111
2751 126
117 2729
991 1173
172 2374
1134 2027
118 1686
781 838
2895 1473
808 2901
330 769
169 783
35 1160
1553 1288
26 1144
1388 1301
1931 1285
1246 1001
2539 1471
2090 1880
1621 1334
630 2083
473 875
1080 2021
673 459
1623 1403
2299 698
573 1888
2067 1919
2127 517
2809 1111
70 1193
948 1966
1856 2553
1542 1266
2865 2342
727 513
2915 482
2759 202
1707 253
2287 417
1726 1679
2779 2017
1550 2774
1144 2062
1068 2157
2420 2012
1130 2166
2259 2316
886 2293
1416 2153
1052 1847
2331 252
729 2022
2944 1990
1787 1281
2578 2920
2658 1136
1616 2217
1565 1482
661 1406
2828 1047
1604 1205
180 732
1878 697
2541 2311
2064 2046
2904 1703
1850 777
485 1784
1139 2628
2154 194
2053 2871
825 595
2924 1813
833 212
870 1419
2221 2678
2793 48
2823 454
1027 2210
2121 1582
1968 1442
208 2351
2954 868
696 1365
520 1328
1082 2733
2132 2042
1702 262
1771 1164
297 381
233 2296
889 2187
2576 245
1442 244
785 247
141 1013
2066 119
780 2757
1418 718
1065 516
533 57
1438 2718
104 2584
1000 2337
1127 569
1759 2942
1292 2568
894 1716
2876 2111
1882 1567
1650 1079
871 2103
924 2673
327 1785
259 1616
839 1026
1615 1431
437 2220
1957 1837
1110 2666
298 699
1897 1212
1589 1721
2200 402
1415 572
689 170
254 932
2717 993
2681 2212
154 815
712 2375
2919 1434
1871 2219
2579 757
197 2358
821 363
2868 2710
2623 116
2738 862
446 1099
1803 2817
2711 1804
1048 1511
651 735
1914 1474
2428 1456
310 1166
2921 2092
957 2898
997 162
1541 2814
194 1378
1084 2346
1294 585
1580 2934
675 1216
2537 1226
806 640
1562 111
524 1579
370 2631
1620 1363
866 1610
2184 1014
2788 1979
2696 2283
1782 2565
455 2167
1581 1024
2145 2277
913 203
1445 2814
1583 1644
1255 387
1529 2747
1422 2163
1416 1143
1401 943
678 271
2007 2536
2081 731
1834 546
2003 1932
2922 1518
364 2177
444 783
2929 1138
354 850
727 841
1059 1108
1652 2684
1272 1455
1728 787
2556 2051
1775 1438
717 747
1058 1651
1066 1497
1823 1945
1379 2377
64 2616
2064 1545
45 834
1627 933
1550 711
21 1722
1342 1942
192 2916
2878 2310
137 1592
2730 265
2158 1705
2778 2391
1571 420
1185 425
211 2867
2638 550
476 1187
2655 2893
2239 2098
2498 1692
386 2793
16 816
1106 623
2540 2763
706 2058
1549 133
201 2511
944 1564
2533 1773
720 611
231 1440
633 740
739 1898
750 852
393 1713
2058 81
1280 2189
1618 968
1645 90
1379 470
1157 2364
396 409
2338 1187
2636 2450
378 417
2109 1872
492 2417
2183 1492
1848 492
1658 1839
2140 1797
1211 1413
949 456
1911 973
2480 2412
2797 580
1912 1230
1322 38
2752 494
2545 1362
2873 100
2351 2933
505 2128
1261 1369
2481 1056
2205 2820
2733 109
1715 982
2384 2129
1148 2141
768 1454
2216 1383
1754 5
2298 1778
1842 1720
1617 2334
1331 184
2462 610
1525 384
570 2401
1742 2391
256 237
656 1885
2387 220
1925 646
1667 2430
2682 2662
2371 1624
464 491
1555 1775
2653 1018
837 1496
1510 2479
2547 251
532 190
774 1405
109 2524
2612 275
2863 1194
1336 790
2243 836
1478 2333
1776 1073
46 498
1574 277
1412 1253
1290 2416
921 2520
792 1705
1048 1202
2832 227
770 450
2190 1772
1448 2235
2403 854
437 318
1390 2358
2796 1739
2483 2771
303 1688
2204 2408
899 666
1175 2397
34 1753
106 2070
2819 933
2806 807
1100 1916
1590 2402
939 1779
1870 1800
2137 2306
1887 107
2510 1265
215 519
1903 833
625 1153
2638 1179
237 174
2035 2424
2804 1319
951 2551
557 1023
2389 190
200 2555
1900 2829
1030 326
1511 978
284 2004
509 792
1628 20
383 914
221 915
1285 2419
1493 745
2672 1373
592 1326
878 2327
2141 2309
304 2936
2442 1627
306 2518
3 1382
1045 2056
463 869
644 1539
164 2006
407 261
2301 2012
1131 531
552 2868
1639 2509
1202 1506
2163 1736
1901 1222
499 1430
322 786
2589 1427
566 1357
456 205
1900 2755
689 1103
2152 2118
1315 1759
1026 865
528 537
619 1526
477 1332
1258 963
1568 1186
647 743
1002 1812
150 822
1944 967
2075 2754
2394 950
2374 1154
2805 1950
877 2857
1093 2699
2570 1533
2909 525
1586 218
2155 1387
440 1524
924 1532
798 425
2094 739
504 2440
1062 29
859 724
1481 1298
2903 279
1681 1593
65 115
393 2876
936 264
1715 1760
2011 2062
875 1010
567 2292
158 1199
2668 2609
2477 255
2780 2040
2443 604
871 2917
2732 140
1626 2930
2018 1316
2841 1866
2954 1662
1877 2677
2164 2506
1029 232
2294 1124
1731 2317
2385 1432
2483 888
387 2091
1931 2602
2381 442
2511 92
32 311
1097 1444
313 2794
1847 207
1274 103
899 1338
805 2192
2320 317
1954 1750
603 991
1585 282
1262 2925
238 97
2882 2409
2277 2772
2665 2116
289 710
1022 2824
374 1320
2684 2513
1544 264
2648 80
1182 1200
1628 1113
1700 942
152 1947
2571 2294
2725 1895
2836 2872
222 555
1553 136
1486 535
848 2173
756 2677
2074 2468
1914 1283
2591 2251
2824 2166
1603 2829
1923 582
1949 2262
2147 481
2597 2120
1348 71
1936 952
1712 1488
2709 1978
2554 2550
2906 1552
342 2813
1791 181
1208 29
1917 1574
2312 1244
2758 1620
1391 1151
521 2808
159 2409
831 1760
193 2322
1339 334
1168 2852
1407 974
1418 1669
1723 2070
1142 2148
376 2535
557 391
2532 539
207 1951
2864 2866
2545 199
1370 1729
702 1499
2595 1880
2246 1679
2211 1271
627 416
201 525
1307 2125
2530 2364
989 2177
1868 1425
460 378
472 2563
161 292
2661 412
2063 2185
1922 1432
909 1614
2688 422
2636 2581
2628 1996
1601 2301
1066 1629
1354 968
1031 1582
650 802
530 334
2350 27
59 2119
2585 2009
1928 560
1859 2662
2858 1064
886 2360
123 2436
508 1681
1092 2635
233 896
1635 1310
2026 867
340 2075
2809 1609
639 1290
297 124
82 607
811 2292
2606 1589
936 906
312 1226
66 2241
2849 1818
1293 2558
2227 1430
571 2932
1498 1543
156 2869
1440 2032
1868 584
1081 2930
148 601
2150 1825
699 2233
2149 733
2117 2625
257 801
140 684
108 2633
1435 379
1465 2082
2109 1583
2159 728
2576 2341
2352 1700
1698 1426
25 1458
2168 1928
2860 1645
2456 1287
2169 1938
629 274
2619 1348
2622 1356
1884 1463
510 2736
325 2520
1859 1204
2502 2203
2180 842
1000 2577
736 702
547 625
2171 2778
346 2076
7 1396
1834 2626
2400 2071
832 2187
994 1720
1915 2255
1538 795
510 1001
2324 2923
2523 1027
1638 1580
2314 2608
276 2411
1249 1555
1296 2340
1528 1643
576 737
2932 2179
2455 1925
2716 438
1391 1354
580 566
1039 1637
1058 2257
1937 2775
1075 241
265 482
1963 1970
901 111
1100 1165
2091 1496
243 2895
1947 2855
240 1724
835 2953
1573 1056
1209 2473
987 130
54 819
2474 56
1907 270
248 503
2516 351
2047 2202
573 2327
1437 995
1117 1500
1881 1332
1322 951
2569 600
1864 2003
522 2844
1927 681
2199 1998
1544 135
1615 502
167 1886
154 515
2474 2453
803 1350
1608 2657
2069 1691
1768 2578
1624 1828
43 2802
273 1049
183 2792
1368 1435
2457 856
1262 529
2508 592
1109 2704
860 401
2723 2510
1597 1286
1156 1785
940 256
1893 2642
2118 2786
120 486
180 348
431 1566
2418 1996
1246 2670
1504 2704
2222 922
2739 2766
151 2877
1633 1367
1943 2415
2902 809
1089 2089
119 1296
976 1656
1997 1638
1142 246
1537 2616
1659 563
1446 814
312 2552
2475 318
2455 2914
1459 2854
528 1054
424 2100
388 2838
946 597
1370 2820
953 575
1526 2691
2025 2822
2069 1279
2649 1802
2816 841
1174 495
2396 479
824 1467
905 1791
2085 1273
1875 985
2005 1055
1688 2133
2689 268
1587 2252
1301 2586
1811 1364
67 2728
1737 2254
220 1452
1350 2708
2253 2469
2107 2493
1239 97
1117 697
1162 894
704 940
2146 1480
1680 2600
2430 1007
2836 1195
712 1132
2484 189
1326 1395
2399 882
708 574
475 1090
2786 831
2386 2585
848 996
2289 1740
1710 1567
890 517
1135 1982
1303 92
2054 543
2097 1145
1519 8
1637 2851
67 752
1289 243
415 2891
1695 2102
1586 377
545 337
734 1363
2375 1428
391 2513
636 1305
840 1241
2476 1547
2512 1051
1284 176
2418 324
1678 1243
87 2928
1228 1165
2924 2517
1469 179
2485 1091
682 79
1319 321
344 350
748 465
794 1573
332 476
453 1860
1677 2267
149 2607
2748 2767
2259 881
665 1599
2717 1974
1830 688
1183 533
1673 2219
1669 1300
88 655
1642 2730
809 667
571 2390
1696 1732
1559 2774
1227 1699
60 872
1739 224
2230 2931
784 1254
2122 2489
159 1926
2543 2701
1765 198
1387 2344
686 624
1505 286
632 860
11 2883
523 728
929 1133
2727 53
693 1272
873 535
937 2733
1999 2939
2874 1417
1248 2909
1458 2722
2900 798
1835 812
1361 1867
1321 1559
1171 1841
12 299
691 1824
2270 1148
1231 1312
2243 574
1596 2497
50 1956
2346 2644
1361 1414
1017 2712
1119 2433
206 753
2426 296
1649 825
338 499
561 1455
1906 1844
2087 716
2065 1439
2630 399
2926 2593
68 1756
683 760
1293 2521
301 928
1693 1854
608 2910
217 874
2680 607
597 755
2560 2815
2 314
335 989
716 2214
434 2643
2575 1886
110 1909
486 959
1634 432
1938 1590
2479 2410
1176 329
895 1114
1113 438
293 1690
1773 1410
130 1942
132 958
128 518
2088 1530
240 2415
2208 2092
1836 157
1664 1038
2028 1005
1309 2241
2522 2559
1318 1441
881 1083
2024 1872
1337 142
2124 478
1123 1549
2315 695
709 2309
2769 700
1190 834
1756 1722
1646 1727
2729 2368
2538 1077
212 956
711 632
290 2837
1050 1287
921 225
839 1284
2330 1846
2203 2113
2295 1562
259 663
1123 2061
323 2768
1195 2553
2108 1140
1830 648
1049 734
380 1374
1057 643
957 2555
2451 1904
166 1392
1384 36
107 2257
1985 363
1721 1863
2516 221
581 2890
2110 2213
1887 191
1748 1907
2506 1059
540 413
973 2889
2491 703
2703 706
1892 143
262 1141
1984 2304
2181 2693
2674 1682
746 2328
725 1070
2093 887
2363 1661
1975 1050
558 277
1670 1221
129 836
168 2348
1096 1126
1740 2290
14 1054
1340 1581
794 1034
22 1933
543 2476
2949 2037
245 874
84 75
682 2548
78 93
631 2249
2125 2780
923 1217
617 2000
1095 1677
2182 85
2664 1084
1607 2908
79 187
489 2816
970 2032
2485 2404
586 804
19 690
2908 858
2532 2260
1784 482
741 1413
846 1621
2527 1089
138 854
1274 2034
0 1420
2515 2607
793 621
1558 2041
1537 1248
796 676
1073 229
743 1172
1614 2458
182 1378
1424 1792
1890 2003
1367 2613
2800 754
255 1152
146 1494
1507 1968
426 849
2676 1655
1795 2875
583 2154
2460 2268
2139 1104
1713 99
1851 74
2274 596
1869 1769
2799 156
1822 2459
598 2768
22 1071
587 2280
331 96
392 966
2349 2082
1999 1308
2853 1788
2379 261
1222 1802
1383 775
2273 2431
2228 2086
2215 1278
2669 2225
671 480
88 2432
1235 767
2336 1451
1971 2283
1682 462
2700 1819
2431 2601
722 1009
494 2859
13 2723
2117 620
163 1121
389 1185
2146 132
447 975
1146 311
778 2565
927 1692
1823 1514
2503 2173
2551 1733
803 2735
1826 2561
1189 1039
1341 1708
2848 2116
1704 2044
1019 1905
1557 2850
1312 935
1892 902
624 984
1336 2679
2068 1929
553 2749
2245 948
1858 263
683 2572
202 187
193 1959
953 2840
2287 2379
1219 2901
1613 1870
1476 2426
2514 2263
1422 406
1028 2270
1210 352
2951 2017
335 1993
1944 63
2702 2584
1013 2258
2526 2888
2691 749
372 614
536 1564
806 2321
844 911
1339 1060
466 2698
1424 490
2126 1016
2304 2412
451 1476
1571 2777
1503 1427
1534 2772
2907 210
1311 1746
691 316
1163 2008
2864 1789
1302 218
2158 820
477 2022
832 2114
404 2322
150 1221
1902 461
544 306
1948 1527
2952 325
2557 1896
2934 493
2472 2505
2104 1697
1236 1557
1018 2051
254 815
2871 373
2359 26
2201 1622
817 2136
1470 2089
1877 78
2160 235
272 978
2738 1331
2221 1512
177 242
1096 1232
1069 2728
593 2088
1178 315
1091 2601
2587 2507
1911 1318
1037 562
2654 2465
1570 981
827 1856
2682 2256
2392 467
577 2481
1940 113
1619 205
980 2275
2300 1780
2049 681
1697 2480
1007 469
2191 2781
435 2420
1831 2939
1837 630
876 1482
2110 720
1518 879
653 2055
3 775
1316 2672
2269 843
2370 1141
2646 688
1714 742
360 331
908 2086
1077 1190
462 1266
1311 2806
2197 2801
1584 2469
1725 1005
1483 2766
2652 343
956 1359
2783 964
1857 984
1323 1602
1694 2138
823 385
1169 2186
2714 2948
2068 1409
2588 2769
375 1572
769 271
877 964
662 2707
2702 2697
362 34
1966 751
186 1448
2877 2587
1733 657
2921 1516
2354 2713
1137 556
2330 1563
1780 1910
1317 2767
1560 2124
2361 2100
2487 489
1903 1852
356 2890
2622 1855
1462 641
488 113
1808 442
1610 2942
1211 1149
1716 1814
51 627
1752 1863
542 1256
1510 1588
323 2253
2344 182
897 2659
2208 1825
579 1991
2504 2178
765 49
118 1838
1736 1201
2142 2732
575 2615
1611 1237
939 1772
2815 2902
2543 185
155 613
976 1983
2300 1210
2613 793
2789 2762
600 450
329 2953
667 2844
1250 1131
1684 965
1884 471
582 1952
2694 2042
738 2225
847 1967
214 1667
1076 37
2050 990
1181 1337
2453 676
1815 540
2031 786
1711 609
40 61
2297 1353
1788 2282
1899 2486
1006 2246
2335 2369
1333 2470
2105 1701
2385 2335
1426 2175
2911 4
908 1258
2918 1513
463 1885
2434 1941
62 2775
1116 1124
122 550
2429 804
1315 2571
1178 669
1591 2500
2834 2095
2372 628
1040 300
2047 2329
2039 1676
729 397
770 236
845 1162
562 823
2337 2720
45 2408
1328 1313
1161 2269
1345 2639
2888 1576
226 287
2370 2085
1840 2368
1270 1330
1919 1200
1831 411
1461 1735
2380 2536
888 2061
1025 1410
2748 1268
1529 1061
1137 788
756 799
1022 2703
430 2325
1027 1325
2226 2720
2620 1832
390 866
2948 1359
2353 2526
82 1921
979 1741
1107 2151
2026 2583
2705 2804
659 472
2581 2355
974 1105
1778 96
2608 2633
1430 556
17 1115
555 1357
2378 2081
226 53
2746 270
1745 1762
2284 2795
1977 135
324 1820
2624 2760
813 1420
2803 1820
2267 1215
842 2011
2796 761
18 1250
1797 2582
2115 2112
2242 670
2693 110
1718 1663
527 1764
1593 1498
2036 1536
1794 1484
563 1554
1492 981
2237 2245
1321 206
723 483
1385 1053
214 641
680 1106
627 33
2279 409
765 469
2325 1810
2451 2699
421 2764
2751 1203
1662 638
336 146
2281 1570
1965 1763
1081 1809
2445 2448
2715 1891
1297 359
1684 678
345 954
1394 398
1994 2945
2629 319
1460 2398
1881 695
1242 955
120 2610
266 2167
590 2159
390 1394
2000 210
1493 2821
1986 1932
622 1398
1214 227
2293 428
258 1724
1453 2721
1146 174
1267 1305
2302 1901
2381 2564
2718 58
2204 1279
1412 2478
366 344
2721 1464
2151 1421
2367 1783
2773 578
2142 1687
2093 1939
1613 1451
1439 2313
1133 635
961 2478
1291 1783
1074 1023
2946 2439
1865 1969
317 2313
2182 589
2276 1151
2892 2739
430 2491
2852 200
731 280
2436 1964
906 882
650 1706
2459 1145
527 1960
275 2792
1871 1120
2165 2825
977 929
147 2359
1517 903
1234 1726
2195 826
612 414
2447 1207
934 2404
672 2915
2087 541
1138 2013
2369 532
2562 1948
370 500
917 2773
665 1618
1598 2918
2784 27
1441 1767
2052 1358
1994 2039
674 1399
2514 1212
2237 987
1579 730
2490 307
2339 2308
1515 1640
2435 2833
1551 2714
1776 1097
2046 58
698 2763
509 1237
2129 1632
2018 2529
2549 2789
947 1548
502 954
2770 1175
1751 1235
2347 501
2207 1347
1181 2916
2468 2405
54 861
368 2826
1294 448
1085 1411
2857 1008
1946 578
2144 1104
2539 1044
2210 2392
1833 692
2914 2343
1060 2885
2471 1793
685 1836
694 1761
2574 308
761 686
2719 2724
1569 626
707 656
1799 204
1371 1355
491 1344
2244 192
732 266
1292 1462
258 1665
1854 2464
2209 1184
1075 286
907 2494
2929 654
669 1238
1065 554
1329 2604
441 1390
1735 721
2386 2632
2899 1479
1449 1130
717 2807
1396 1592
2354 168
1876 1652
2697 2589
2387 863
251 283
1300 918
1224 2073
247 1112
1926 1657
0 2947
1953 2637
2567 2894
1140 2382
1055 2665
405 2872
992 2356
15 911
952 2741
1752 102
431 163
844 1732
664 2911
1755 1207
2383 2737
1953 20
1078 1071
1032 1033
1355 2195
1419 1659
1789 349
2001 892
298 2006
376 2550
1128 616
269 520
1161 183
2730 1654
2554 1037
366 1862
309 1503
1454 2339
1324 1172
2258 161
1197 2856
1689 2190
1743 1218
2421 2519
2115 2472
458 2060
423 1460
904 1660
660 1888
64 2183
1664 1916
2101 2135
1702 1135
2447 1255
1513 343
339 920
1842 1552
1344 983
632 1645
2627 662
2840 1393
458 30
1340 66
313 1891
1166 2495
1428 1033
236 173
1366 350
2835 179
2363 2007
349 2284
1068 637
316 791
2174 2247
1653 2762
2398 1767
1260 1469
693 2291
1122 1505
2656 985
1894 2282
1541 1641
2549 2892
495 395
1594 439
280 219
139 2798
1209 1941
1225 1577
1601 679
1118 551
1191 1437
2744 1
916 338
1329 465
108 2035
98 61
2878 1421
2592 675
1105 2162
2590 2887
208 468
2542 595
2397 1546
2016 1206
2867 234
2758 655
1102 2027
2310 1423
795 1990
2435 605
2507 733
2547 2279
405 2776
1139 2080
870 1520
2791 2466
1625 2393
2686 235
1750 1774
2025 1243
170 1087
1380 565
1487 2066
2065 2123
1487 2866
117 889
1196 433
2935 137
1864 2002
1812 2831
2201 1306
962 819
1821 1991
2569 2862
1417 1698
36 2941
213 1268
1244 1730
960 564
909 188
891 2580
1436 2174
1704 2563
2535 333
596 461
451 2781
2281 2288
1807 1079
2427 1352
1961 2722
1067 615
2631 1273
1330 2750
749 242
1263 801
2573 1152
628 1742
4 1729
1306 1542
198 72
967 2624
2231 106
2056 2611
817 267
28 1369
927 2009
1464 1765
1514 2045
1660 1307
1746 2494
1622 2696
1028 1320
2030 1648
2798 1594
2286 1400
307 369
1099 1595
2230 1116
2020 2138
1528 2614
1675 2407
1678 2761
672 1786
1500 354
1647 1197
2498 1477
2952 91
1734 789
2612 166
2240 2784
576 660
485 158
2645 1475
2145 2131
239 2180
1466 144
292 2568
2825 2590
2675 1020
2835 805
2072 1452
2849 2937
1770 811
1770 1229
2059 549
1125 410
2488 2302
419 2413
2423 782
1015 2644
531 2224
2010 1689
2236 2028
512 1988
810 883
900 1538
2256 2217
418 548
2531 1445
2899 165
1109 1816
2744 2072
830 1252
784 1198
2002 879
2233 1751
1630 2943
723 160
1282 2830
466 95
1940 1168
1085 2504
1769 2105
38 2103
1043 2874
1132 818
1749 1335
1803 2214
1565 1730
935 1508
567 1908
216 2625
2341 2366
505 352
2052 2848
2912 1657
23 1970
1107 569
2099 621
651 367
1525 1693
979 2724
2777 2345
980 1281
1241 1509
1170 715
2743 355
1467 2373
779 441
2695 369
467 679
2149 1906
2621 2033
1150 2348
2101 2939
722 719
284 2676
2562 2593
837 2893
1282 2910
1824 1522
2837 2137
382 1261
2596 941
2425 2495
2838 1502
2213 2847
581 1399
142 826
2652 1939
2512 2427
2305 760
1034 1063
1095 2803
1821 1709
427 133
1685 1158
2787 1807
1711 308
1180 2438
1575 1683
611 2521
1372 2206
2886 1849
2785 1798
1324 143
1973 1861
959 2422
503 830
934 1834
2268 1239
1233 1506
2316 629
977 1632
360 849
2484 1128
2679 773
1215 764
342 155
652 526
884 128
1530 2242
1982 1295
2010 1041
2054 2429
2690 1447
2055 1064
637 1485
2222 253
232 1909
1121 1381
1658 1024
559 74
2406 269
548 1822
14 2020
1829 647
658 591
2244 1010
2765 1392
797 105
413 1675
2801 302
1717 1535
506 448
763 853
2276 2920
41 1978
599 1790
1976 1521
2534 134
2827 1486
508 2482
2019 2737
2218 2057
1477 1401
2238 1366
2860 1676
1531 1470
1495 436
1745 2527
513 2019
173 1471
178 1534
1220 703
1288 2708
1584 2289
2542 2008
11 2598
1757 653
1461 1155
1164 2176
659 1385
2859 1861
2215 304
1981 2334
2002 1089
2461 2670
1585 897
397 1671
710 364
1158 2224
10 94
76 2015
467 59
282 62
2896 2851
1575 189
2843 735
558 1177
2771 885
764 1167
1744 17
635 998
2598 1256
1423 771
15 648
538 1795
1643 2544
1819 2861
1043 2694
2094 994
2950 1718
664 1184
2096 705
1873 1502
2810 454
2618 2044
1935 708
910 1011
766 774
2461 867
539 1972
1771 2573
162 473
1038 898
1465 2371
1540 863
2449 1012
889 6
2192 2727
7 2787
371 2630
2209 2540
1801 2770
2685 2706
2291 1980
1373 2261
1070 859
328 145
1609 49
2376 2059
2570 1766
101 551
114 1666
1832 1347
2615 750
1636 1933
1299 10
424 554
960 872
2731 932
2926 2817
428 2199
969 1137
1335 1646
385 2683
429 2275
2326 919
48 1091
1882 295
2254 2541
785 2355
2760 1196
661 2599
2247 2502
2599 1962
1917 2434
2029 484
337 379
2782 2388
2687 2854
2462 267
123 763
2663 2870
1067 1016
30 524
2833 1997
1577 196
986 2147
2143 278
2050 1725
1333 2938
1414 420
1481 2651
2649 1536
125 1295
1404 594
105 1686
138 2444
2913 2618
2169 2226
923 1447
2805 301
340 1924
80 1576
1533 2891
1744 209
2362 2919
982 2389
1019 1661
668 1556
1804 1515
586 1539
2312 358
996 1703
2701 1535
2709 2202
947 677
2742 2473
2296 1286
616 457
2263 230
2865 1748
560 1626
546 612
1961 445
2881 2130
895 737
346 590
361 2130
890 788
2441 901
840 487
2210 1289
2641 668
1818 60
1074 1364
724 57
2797 838
2450 359
449 296
594 402
178 42
371 1149
401 1936
1827 983
2255 125
1738 687
1913 2764
1134 181
1987 91
2853 884
515 891
497 2571
35 1883
2477 59
1814 1915
2252 2172
2605 113
1545 2812
1558 101
1484 2170
1974 408
244 2424
2131 2487
2756 946
1025 2373
2805 2463
167 1218
2401 776
1167 622
69 2471
2260 1561
2752 2509
1943 1743
2400 2090
511 2175
1409 2524
1298 303
1956 516
709 1774
1519 813
498 1360
356 1960
1192 44
1230 375
1411 1737
851 2648
2685 759
685 822
1857 365
2157 1668
1325 2925
1254 1163
1236 995
536 2882
1955 2879
2305 1182
2071 295
93 2755
1030 998
1253 185
43 2927
1341 2678
2900 246
1663 538
601 2884
2122 2700
33 1087
2184 2791
1806 2236
1069 1051
1108 657
1745 1654
587 6
1902 2297
1572 2449
878 1310
2828 1353
1203 1216
1546 1754
1764 1238
2437 1291
680 1376
2041 1356
407 2357
2239 1850
971 568
2319 2360
742 1004
2779 766
2314 1352
2298 1349
2266 1897
903 1758
51 1497
1516 2839
808 2745
1102 322
358 526
1898 2734
1817 892
1993 1598
2846 2632
631 365
1889 1800
1174 1853
1094 1798
2810 72
355 827
796 1338
301 225
1995 2566
2076 2603
1157 789
1042 2492
2278 714
905 496
684 1372
2923 2580
231 1227
2014 1777
2441 2271
2038 506
1223 2643
1845 410
1927 851
2437 1278
1889 487
2594 2155
534 1277
2250 893
68 2205
1817 23
1402 618
604 1002
1768 2043
997 2528
2586 1086
1434 39
715 1127
2421 885
1270 2726
1612 2897
1973 572
2499 1635
37 2940
1304 530
488 2927
1327 380
814 818
1904 294
1600 1665
2286 2635
2376 1976
129 1402
2832 444
1731 114
1655 1488
913 2249
565 2454
2470 299
902 1640
2580 102
1633 1245
634 1879
1468 353
50 2186
2501 1251
1257 186
1169 195
1473 2705
2653 2485
457 747
73 1036
480 802
835 1280
860 1467
2223 414
2121 2040
1965 2493
542 2133
2095 1874
1088 490
1809 1003
1918 388
663 2080
2655 1017
172 1457
217 290
605 1094
2332 223
1062 2905
2132 1992
1761 1259
2123 2127
2361 2745
1607 175
2079 2533
1125 971
640 2114
9 2078
2140 1323
439 2250
1826 2037
986 584
1276 1517
772 1728
2162 1862
2611 690
1362 1727
1935 2650
131 2846
1032 121
1259 1126
1838 1398
2160 2135
2729 1082
2938 1494
2262 2396
2566 1674
2176 752
2251 2023
2077 1251
104 912
1154 810
1895 1275
1631 1177
930 1603
1958 2285
1531 904
250 2161
2715 2522
1923 1156
94 2664
514 1844
2440 2194
1479 2647
394 617
1217 2753
1992 41
1264 1843
2329 252
618 1495
2446 2692
2668 2318
915 228
2811 1228
2756 1981
962 1782
403 55
52 421
85 1668
1680 2013
2931 2950
248 2098
1548 2517
1395 1975
1846 56
824 2523
753 2949
1989 1201
1561 479
1229 394
1223 1120
988 2099
1012 403
1082 2303
1934 1741
777 1198
2366 2136
2331 238
2139 1159
1920 339
2015 327
2788 782
2620 1687
762 2307
2912 768
141 1808
2863 2016
1066 500
2703 1400
2634 726
2604 585
1193 2229
602 873
2855 1170
1314 1578
2188 281
1604 534
1183 2458
2807 2446
1389 2582
1194 384
2897 2410
1208 160
1648 1670
1957 1629
748 1021
2349 2617
273 2660
1623 151
1112 1766
1827 2457
1040 2372
1459 2216
2659 1523
514 99
2272 1629
2399 460
1080 1483
1762 1989
829 1792
328 609
1738 2324
2734 2323
2845 1180
1408 1707
2357 18
606 1560
1377 1878
1036 975
1673 896
268 1029
914 2264
1805 2577
1840 2812
1617 1747
944 353
1811 1472
229 2933
943 157
1063 139
598 1220
1404 2280
1551 1781
2515 1521
1606 1625
692 1136
357 2307
2413 73
2442 1879
412 2211
707 626
429 1757
8 700
1998 2826
1020 1129
623 1386
1753 2156
2537 645
436 1930
751 1035
152 2856
367 1523
1794 928
2377 2200
1955 1828
347 2831
1522 1468
926 1205
1532 2232
2559 666
2423 2264
719 453
945 1858
361 1449
2104 1508
2591 2518
2869 2464
1011 855
634 2288
920 1407
1969 845
938 1980
276 2750
2743 2834
2922 965
433 645
2 345
1755 2234
1647 2588
1896 1634
1671 260
1499 2417
2198 452
2690 145
1358 674
28 423
757 2048
2317 2031
1865 2266
2057 1694
564 593
1501 2830
1240 1315
2879 2614
1905 2029
1098 949
2640 77
2193 1605
2111 330
887 228
1078 2802
122 776
1433 1636
2822 1524
942 2303
1188 2444
938 610
1651 1845
2352 1260
1787 726
1698 1985
396 800
83 588
95 2945
2171 2646
925 2790
705 2489
2870 1913
2308 1403
1199 1717
398 644
2936 2395
2456 2261
2403 501
718 1666
1303 2168
2785 638
671 81
1271 730
1072 1450
1672 1334
1964 658
603 1701
2460 2402
2858 47
869 861
2546 2315
2605 2903
2880 1816
1556 2528
925 2170
2523 2238
1873 2152
2651 1408
970 993
203 2248
2432 1098
1908 1122
1304 917
40 1813
1691 1649
399 1349
1987 846
2148 404
773 136
2333 493
2030 2499
847 589
171 2675
1949 916
1833 2935
2671 1685
446 63
2544 713
2229 639
2765 1714
1351 281
1388 780
2742 941
1374 2594
488 2227
2153 1224
868 2538
1490 1867
2189 1849
2038 2179
197 2235
2285 2196
1995 2907
1509 1397
86 2842
357 2271
758 2658
153 392
283 2290
2084 547
1044 2757
2698 1119
1252 1696
1382 1501
1855 1101
1362 1426
484 1371
1507 19
1874 76
2165 857
112 759
77 1591
1930 333
588 2726
1706 599
2033 2886
32 646
2842 1547
90 153
1186 2595
615 2799
2530 2500
395 116
199 1950
2862 2078
389 452
1829 2823
2529 2596
1446 2898
800 2134
2496 1277
2278 2265
2531 1786
2749 2096
422 519
2356 1606
1690 1041
2172 1719
84 1912
790 928
824 46
1631 1192
1213 1475
2294 706
2343 772
541 2627
1967 332
1377 1527
561 1309
2560 468
1101 864
1683 321
1929 434
211 1520
2319 496
1841 2045
613 2321
1946 1269
2067 619
418 305
2575 2181
2265 1115
2642 880
2753 1642
1839 2754
2731 2800
1875 1619
2318 2102
13 16
1375 2680
86 2466
2818 2782
2597 1042
2889 1951
2669 2414
1894 31
2761 291
740 606
1456 2345
100 931
654 1008
2951 999
2873 537
1599 2198
2384 2405
309 2486
2425 2640
865 1566
481 42
5 69
2438 319
2306 1214
1977 432
1088 2795
341 972
1695 2232
478 1463
1793 293
2552 1512
440 1006
2783 2411
39 2647
1057 2850
2166 2946
2084 2107
148 2272
383 1302
1952 969
1597 347
880 754
1346 2482
2740 2660
2406 2164
1490 2433
2439 766
1345 52
115 1431
2004 2220
1299 406
931 1264
127 1924
147 2134
1015 2156
2492 1376
2295 320
2572 937
1758 2525
1843 1233
1563 483
2049 1351
1491 1283
950 2328
1852 1009
2390 649
411 2623
918 1984
858 2206
222 1405
910 149
294 853
2380 2661
745 103
549 2885
272 1045
2143 687
553 1934
529 1883
521 2212
2299 1937
1543 2561
988 2496
2896 1608
144 694
1644 1242
2776 1072
287 2671
670 1173
1143 2639
636 2106
2144 926
568 2716
285 2937
279 2240
2128 1429
112 1491
2695 1958
415 1876
704 1578
470 2681
1267 1639
2583 1160
2819 1086
2228 1342
239 2813
2231 175
497 381
1047 47
257 1630
2887 673
2024 204
2692 382
455 2650
75 2557
2741 1076
990 2602
876 2519
966 2508
1257 511
559 1159
1796 1480
2394 2713
1232 400
791 570
1801 714
1433 2454
1206 2365
1380 1602
400 2021
2452 1263
696 326
134 1848
374 2332
2881 2395
1031 2188
416 1952
652 2443
2197 1763
1118 1747
1485 829
164 1429
2311 2497
71 2637
1343 864
1605 471
2683 1719
2393 1275
2811 1171
2382 87
2187 90
443 1297
787 2556
1922 1983
2913 2505
2940 2178
419 2452
958 2120
2036 1046
1368 1799
1021 351
213 449
249 126
591 1600
2626 545
188 2687
12 1249
2917 2725
507 2666
1466 196
274 857
435 459
1375 1810
850 2884
1866 2196
602 447
746 2875
2023 2467
1794 515
677 2428
544 1835
2234 2906
1191 2818
2034 373
2445 2883
2546 2634
642 289
2383 1954
426 65
2043 1474
224 2194
25 2619
741 2847
893 2606
165 1213
1110 1247
1699 2525
812 1061
249 2610
767 2119
2419 1384
9 1893
1343 816
1988 2904
2108 1327
219 2336
2674 1176
2342 2218
2657 368
2688 1962
1265 250
1083 701
2135 2852
2845 2340
2943 1656
2567 2905
843 191
937 2779
2272 2793
1569 512
315 1864
2248 2564
1918 2378
862 1240
771 2667
65
2 22 79 25 44 24 8 12 57 57 83 4 12 11 11 15 58 6 63 17 84 74 59 83 98 26 49 55 42 14 68 91 45 42 81 96 15 67 15 59 55 66 28 8 27 10 34 32 84 52 25 18 90 42 85 46 17 29 31 35 16 37 59 20 51
