2811
334 2548
2715 2747
1431 1103
2265 559
1464 659
1649 1539
1299 309
1380 1962
725 558
557 2564
1558 1863
448 641
918 2324
1693 2539
2361 2179
1644 1489
2521 2475
1033 1562
2060 1059
1335 942
2552 54
1660 1292
1771 612
749 1199
2066 1185
665 1095
1973 1096
2646 2526
963 1089
2031 1885
1688 1453
1123 640
2000 1156
1651 433
1701 387
1624 1568
2055 611
456 562
1865 1738
727 1289
217 658
1354 1379
2330 1945
1712 1004
2758 2591
1432 2124
1584 745
1600 2515
2559 2693
89 1358
2799 1191
977 414
378 943
530 2488
1600 1021
2131 2492
1510 1003
1784 1380
1307 1433
149 813
2281 467
1477 1990
62 58
2308 2090
369 2604
1226 2106
53 1421
1766 1255
2701 2181
681 1817
2681 2490
1475 1320
1497 2743
1756 1206
2560 2469
2248 1887
1920 1289
193 2247
1384 2705
2299 2059
1700 403
1897 1999
356 2292
986 2264
1722 125
1767 1812
1300 2501
1966 423
2408 408
349 1681
1827 2033
1456 1488
350 449
814 1849
234 1603
1577 2708
785 2565
388 976
2140 1743
1091 1471
1487 2538
1387 2729
2423 2075
485 91
1851 1871
705 266
755 1911
11 2478
2650 2282
361 606
2270 1194
2696 1604
494 626
1572 588
2636 1913
829 1778
2015 2728
215 1211
1844 1049
1182 1335
2581 723
1922 285
494 2062
2471 1368
1681 584
2687 2476
1463 264
262 48
2345 625
1258 2555
961 837
117 671
202 865
1820 553
443 1667
470 14
2295 2748
2007 1579
331 2308
2733 1484
2148 109
2369 2176
2770 103
638 609
2527 1529
2460 227
2644 2142
2569 1145
211 217
893 1583
128 226
257 1452
352 2631
2685 1716
2496 2024
792 1534
867 1890
1754 1867
319 1826
1975 1322
1899 2361
1598 2703
2771 1347
358 544
1406 397
1582 2174
1912 1459
965 133
258 1906
1275 2720
2211 2517
1459 1538
214 575
51 2018
465 2721
624 1848
967 1101
1625 1270
746 2273
1569 1842
983 695
323 277
1469 899
1126 154
2072 2520
2035 1900
2635 2207
1883 1962
2759 1992
2098 574
127 2394
328 2323
92 492
2778 2809
534 392
765 2176
276 2727
1247 1241
1519 202
1868 2173
2596 1726
2154 581
1178 169
2755 83
898 1541
767 1655
2043 216
2250 1783
756 2798
1134 1118
2536 1441
2437 2609
2512 772
1418 2532
166 2639
1214 2180
2250 2121
118 268
1639 1234
2339 235
1597 1908
384 1271
2132 1935
1535 1502
103 2408
2757 208
2010 1345
1845 805
1654 1704
1959 72
145 1570
1716 2758
1968 8
933 1642
1285 218
443 1584
1437 1219
2080 1133
2717 262
2014 1579
669 1056
1079 1405
2136 1336
1573 1036
205 1986
2344 906
412 779
1055 2793
2430 2422
2710 1159
1811 2403
1220 137
302 233
875 463
383 2447
13 833
688 789
1694 2185
1101 1635
67 1643
713 1595
1789 2551
166 1648
596 896
1258 695
2057 2546
1724 2385
326 210
2373 1897
287 371
14 2119
1661 1550
1621 1352
793 113
1066 1590
208 371
1457 832
200 482
2789 1158
1965 2803
69 335
2470 1028
18 2026
1809 1065
2645 517
2651 1669
1083 1185
2529 601
1359 1668
2289 2440
2226 901
99 240
2099 2116
1165 1183
24 1890
1033 661
1618 179
1916 552
2200 1705
1474 1171
2296 2732
1404 153
2796 2169
2500 536
2725 2434
330 1937
732 200
2284 1920
84 1693
1454 2583
531 1057
1278 2775
912 1047
1137 1552
556 185
1447 839
2002 2438
2224 1422
1515 2346
2773 451
1961 1102
363 860
1131 524
1293 242
1839 1472
2328 2336
130 1815
2779 2240
2122 472
1175 1467
2214 2659
256 1611
382 537
2543 1828
2343 905
120 138
1348 697
1381 2187
90 2048
988 621
1004 1578
131 2394
1115 1653
1124 2198
1608 1926
1936 1375
2272 309
2577 1651
1523 779
2028 1062
2282 2603
1423 173
2329 140
300 76
2583 454
755 114
81 648
2601 660
759 224
1421 1689
372 647
1451 1333
962 182
1620 2248
2317 2788
1490 2358
904 708
2736 677
370 71
1979 2391
518 1822
2305 1656
1929 1119
1238 1898
2201 260
1635 1170
2710 1038
2721 1784
1974 2753
40 1703
1801 2297
1822 664
625 1193
1850 1260
2672 320
1092 1506
1228 1993
329 2366
2210 687
232 1431
1666 527
2724 2406
2378 1269
106 1765
762 1642
426 20
1856 2628
1615 1366
359 2768
569 374
2801 1751
2243 926
1785 156
990 2351
1466 2237
2269 653
2353 83
2134 1127
990 1783
1759 2115
468 1362
2086 1609
1760 555
1800 1855
313 1492
617 1349
363 102
1679 733
156 1515
2471 2123
376 897
455 1915
2048 303
1505 987
1108 95
2082 254
288 1135
2264 2694
2804 978
979 845
2810 68
1031 2727
2017 2402
752 1303
1469 1131
2088 281
981 2620
247 808
927 428
1793 903
1426 1865
1870 499
1046 2245
1703 657
263 254
2580 1756
1798 2054
1652 1758
697 2695
1008 1817
515 1554
189 22
2162 1237
840 2701
1141 105
2139 2105
1765 701
1387 315
2223 958
1443 505
1138 934
2675 183
1745 359
1242 1983
1417 2322
2178 1
2702 2779
1592 2649
1111 1022
2708 1852
696 2634
934 1504
964 758
517 1591
2184 1628
1989 2335
1522 446
2588 1988
282 9
1622 2237
531 1881
2806 2206
2590 2773
43 1332
2437 1518
2574 1325
2368 1027
2440 2605
2334 2563
1041 1706
1439 436
2094 123
450 953
2741 1764
954 577
1540 1981
2643 664
180 466
1596 1720
2464 266
296 314
532 850
1904 2627
983 1530
736 1719
593 47
2278 2718
2160 127
1543 2116
908 308
2138 2253
2741 188
290 1243
2253 2550
1029 2121
896 2680
2064 1435
2645 921
1447 748
2369 1914
2416 1665
2041 1754
1691 126
1491 878
2657 1509
996 420
2515 221
1159 2137
1894 633
151 2677
1304 175
477 469
663 2418
1512 495
2443 2032
2644 2671
683 2713
2002 1249
2451 1020
2712 339
319 1807
1670 32
2797 667
146 1204
1875 2167
954 1123
173 598
305 2447
840 756
484 1414
850 819
2254 5
1253 1072
1894 2416
1129 317
429 1155
1542 1478
1082 2582
2706 2082
163 1298
701 124
2700 2683
409 2641
1374 1842
138 2724
854 1885
2682 1433
2722 523
1465 2265
1939 1514
1527 1629
883 168
935 1209
1370 1476
1086 2535
1416 2239
442 844
909 447
1200 2213
2330 2697
2325 1493
733 1921
2743 1221
2630 1140
1606 1110
2089 2482
2544 1828
85 2622
327 2784
2465 679
1008 2657
412 2549
2233 611
34 977
379 2661
501 1757
2445 724
1290 2042
392 1736
518 1810
2196 2321
614 940
465 2251
957 2579
1183 1310
703 1350
2474 421
1804 2100
1231 2608
1910 2362
2577 2070
386 582
2016 177
1146 1125
1708 2467
1360 1394
2108 1098
2409 1565
172 2757
1933 2789
219 2781
1589 2502
1453 2414
1612 535
2178 2208
2215 13
1731 473
1041 196
1410 1361
1323 2692
1655 807
579 2537
1220 793
1748 1639
1190 2105
2134 2525
1943 1953
552 2725
1909 400
1735 140
1256 629
1353 2463
382 267
1525 607
15 228
1173 2787
1964 2611
2713 1407
394 1007
1425 837
415 1500
783 1575
2204 159
1679 1864
1225 2486
1609 2168
827 565
1745 228
1536 1746
1685 1835
1799 1373
96 872
2573 246
251 45
2578 2348
1685 338
2661 1824
1198 380
42 2530
126 2001
2704 1297
2051 1154
1066 1791
430 945
2401 1044
1201 1498
1775 1501
2222 1801
436 2085
1207 791
1284 1068
420 1955
1964 184
1355 139
81 1270
59 1039
1846 2063
995 2337
123 1848
1998 2765
2605 2454
928 871
487 201
586 2081
2531 295
176 1521
1832 2555
1878 671
2769 2571
2511 1407
2255 1018
2177 2626
1773 2745
1629 1367
1450 419
724 882
2373 389
1118 1805
1104 1994
1838 957
1368 499
1960 599
1861 209
2800 2810
960 2570
40 1401
1943 2495
1043 1035
467 2195
1133 413
2719 1143
1392 1122
12 2160
2019 1772
63 754
1001 595
590 1597
1114 438
1108 1409
1714 1638
354 2006
583 1768
274 993
1319 312
1909 1091
551 1951
770 1660
747 1321
483 1279
2698 1502
143 714
2004 1210
2008 1593
1770 2719
2255 2113
1145 1967
1429 1560
1558 1245
558 340
2691 1905
293 812
19 1358
1195 2562
185 192
1262 919
579 1381
2788 1324
54 1441
859 110
1003 1240
1750 2805
592 694
1954 1959
670 2514
298 35
1899 63
1709 1276
261 2750
1083 1393
2019 1767
937 1581
797 2088
1458 2418
1201 1927
1492 1304
2445 2474
1854 162
1929 830
824 2230
1825 1637
727 636
616 2517
2077 2754
2524 2036
1024 1967
1561 2381
288 2193
943 2287
1510 1275
2427 1537
2204 307
523 2274
1214 457
118 1668
414 312
2614 550
283 2218
1292 2652
647 803
511 1677
1412 2666
217 2505
549 2355
2791 720
513 570
739 773
1418 2109
1215 2675
858 1479
1085 1768
2786 1190
692 2407
1790 1707
698 2498
2371 2033
1688 2612
2556 2005
721 1215
2254 2220
1749 1850
2422 1161
1486 2355
1208 561
362 1343
2568 592
1736 365
1052 354
75 64
2632 1219
1855 2157
1650 2584
1075 526
49 2514
1227 910
1698 1256
286 542
209 2157
141 2269
2140 1588
510 2295
1880 72
2046 2615
304 939
2097 1325
1244 2218
2421 2624
229 1830
191 2342
70 120
2684 998
440 1127
1157 1938
2553 2145
2780 44
2774 1928
1667 2259
2168 104
2038 490
1504 1318
1776 2313
1652 663
29 411
2461 115
1675 2707
1698 2492
2128 2808
1808 97
397 2304
711 691
2238 430
1009 129
1099 358
155 1829
1761 2678
2146 2174
152 1797
1720 1063
2156 2119
1438 2777
650 1969
847 2062
666 327
1234 1218
471 2022
2173 1385
357 1520
1764 1947
746 142
2487 2391
834 1991
809 1393
2637 350
2608 2311
1473 1214
1339 2332
2679 2050
36 439
1663 1317
841 69
2246 2509
685 1858
2534 391
1713 508
139 131
1508 1007
2359 2049
2439 732
1410 1752
1525 299
2433 2550
2065 503
116 1944
258 1932
1857 236
2307 920
1627 1779
512 273
2431 1774
431 1267
2778 1640
1769 690
514 1730
2360 2027
2655 453
603 396
61 1496
1775 1941
1622 2217
1305 1580
1130 2599
216 367
766 246
158 1902
2469 1742
1388 620
2664 1659
407 2533
1088 543
272 542
768 497
1859 2479
2715 2280
2785 2263
1878 1105
2513 1551
56 1375
459 520
690 866
2662 2702
1088 132
842 2151
2165 2198
2092 1605
2194 107
1069 1731
1391 2147
265 2537
1397 1463
994 1194
1333 614
916 1632
0 268
2129 1037
2294 280
639 519
604 2049
965 2234
237 580
2462 1402
2314 1751
1517 1060
1551 802
355 2691
1460 1414
526 369
1616 2613
114 1561
2552 547
1314 1995
2212 2356
463 728
1925 1830
1132 2587
1193 1107
1588 1001
421 672
799 410
527 1070
1833 514
1417 2400
2693 1230
2409 2598
989 401
667 1376
1734 1809
2020 2602
1741 2110
2589 2429
631 1608
2431 2525
1164 2442
821 2430
2196 1030
2054 461
574 2377
905 869
2324 2163
1328 384
204 2599
167 315
446 1762
1025 279
2245 992
2468 1170
2403 1470
1753 2794
1833 729
913 1531
845 2166
1938 1856
2228 6
961 970
1972 2462
2139 2040
1162 1122
1277 808
1147 263
2170 1370
2606 1674
2367 804
294 1462
1968 1648
1544 1979
1733 1797
2070 513
1657 1021
2384 2603
2560 2188
557 1687
955 1269
342 2398
2536 960
1978 1420
560 1330
2393 55
1535 79
225 1233
376 2479
2455 2241
1727 2268
1413 2399
1048 1777
1483 17
822 214
298 1161
787 571
870 2290
1550 2291
2244 2339
2676 2669
1174 2737
1006 415
52 788
2060 675
1875 1593
496 1203
2069 1248
1461 660
1582 2362
2219 2404
1038 1857
2730 1284
417 624
2782 1377
284 1296
1051 364
2076 1372
2347 2107
1647 480
1674 46
30 43
2081 121
1363 180
1081 1371
2528 2646
691 629
353 1067
2329 529
650 2763
2067 2687
678 1240
2350 992
935 1723
505 2683
1824 1811
707 432
165 2542
2244 848
163 2350
2420 832
2477 751
1198 1163
686 1944
197 2169
260 2
1142 1522
2699 884
774 2368
2201 790
1268 753
1518 1903
1293 449
2301 1526
1251 528
798 1442
739 1867
587 1546
2252 2438
2164 136
1506 821
1142 237
1735 1372
2728 858
20 66
2509 1311
400 1128
2450 1876
1645 74
2113 1262
1915 601
2722 2463
1018 2538
847 916
1294 23
1385 2614
321 2189
1983 1992
2142 1892
2450 674
722 987
37 515
24 1167
576 2020
181 2302
2349 1342
2494 2503
1029 445
2519 2392
2117 439
1580 2662
78 1013
1854 1171
911 524
1353 212
2048 2291
1028 2331
2300 1428
31 70
1359 2521
184 2480
322 2376
1961 1287
757 2511
853 1881
2716 1267
553 2293
1310 2494
360 1659
1326 829
1989 2279
1050 455
1940 413
561 130
2705 1718
1429 2490
985 1052
2306 2126
2809 347
1427 1930
459 2397
703 2066
2553 2190
426 243
2807 1405
289 968
849 642
2610 2143
770 122
1246 2753
864 1806
2242 2257
1702 2737
1913 2424
366 700
774 2289
502 1730
2588 1232
1701 2610
900 923
2130 491
2595 1465
232 2200
94 1994
1082 2396
2658 1438
773 790
1826 1263
1755 410
1996 1882
2120 676
2271 1946
2240 694
626 644
395 2499
1436 1503
1481 1334
566 915
178 2415
2172 972
2217 854
1403 2050
2392 1156
2477 1657
2052 174
2748 828
997 1055
2472 520
1878 211
145 2735
2487 1740
129 1189
1364 488
1928 2586
2162 1567
1308 939
82 2292
2670 67
1476 1740
750 2001
1711 975
1107 151
381 2069
1636 1039
595 1365
308 2527
1950 1733
2309 1273
1575 2622
855 2484
1369 1283
1641 1750
1204 1666
1802 2180
1283 1538
1265 1500
502 2717
2764 2389
693 1800
1831 786
1342 1876
2482 946
2530 242
608 2444
75 1398
2096 1309
2159 2556
440 1197
387 2393
406 1654
2624 1692
1636 2155
2306 2557
1203 1591
731 628
1031 1138
1411 1097
65 289
148 815
2216 2259
1224 1923
2079 2349
2187 1950
2287 830
1396 891
2364 2707
862 2548
1477 1454
1545 1762
2202 659
1695 2540
2018 2101
1985 2320
2723 2300
2566 530
1690 1599
422 1678
1023 378
1237 838
2009 1076
1045 399
522 1383
2593 498
2309 2432
1113 393
80 2260
863 1953
1852 1503
1134 2325
889 2133
1213 1182
668 2079
1619 1841
1117 307
1507 1818
717 771
2268 2175
2478 474
2738 1922
2166 1851
1837 2042
654 1005
2114 425
888 1583
763 907
2427 766
1956 1084
1192 2318
1618 800
605 279
2472 2685
1644 2046
154 1952
1942 1719
742 549
205 1792
444 2047
918 613
903 1734
2637 2353
1987 1014
1744 472
597 725
1067 2776
2706 2765
811 1671
1232 1187
77 1825
1949 801
2149 1613
2303 2449
86 97
2034 1617
1934 886
480 333
1524 1729
2506 521
2558 1019
2443 1787
581 938
1141 2484
431 1355
2288 2660
2263 2745
2280 1555
2805 1282
302 875
2591 1155
1985 1527
95 257
555 2573
196 898
857 48
20 2458
2802 1619
577 2732
249 2762
2792 2197
2716 764
551 1672
712 1574
464 2186
1078 2598
1252 186
2229 2415
1987 2565
1993 1328
1077 1813
1399 1695
2288 2643
1027 576
657 728
2549 335
2354 2417
730 1437
370 1917
2617 2697
2130 1187
1941 1168
2374 1594
495 975
2183 447
2363 2452
1268 805
738 2730
2434 639
2801 283
424 1
582 658
860 1374
1849 780
1808 1285
1179 2798
1205 598
2468 1482
2249 2412
2346 1208
2575 1911
2321 1015
890 386
2111 1120
2501 1360
2656 2327
768 889
1631 1319
300 911
2183 1102
74 158
2082 2088
761 1063
926 856
2620 2744
189 395
1467 2345
2322 1337
2044 2802
2647 2078
334 2272
2290 2123
2045 2071
73 1586
2456 2755
1390 1746
1669 741
600 2099
2448 784
931 702
2055 348
348 686
982 865
2041 353
775 2068
1796 1397
483 1671
2068 1317
1614 252
761 245
810 15
2808 877
1086 186
2618 2692
868 2260
1053 1415
2314 1053
1611 1903
1005 338
2112 12
2299 1898
1670 1521
715 2375
1718 2512
1780 61
2559 930
1371 259
2342 1566
310 1637
1316 635
2700 226
432 2239
1231 711
1145 1445
1002 1935
1412 1244
1981 1574
1250 535
1449 172
1548 2220
2028 456
267 473
2736 1621
1012 1351
1930 1419
1782 2257
1714 142
1079 740
116 1603
852 1625
2682 1451
1998 391
275 716
1812 399
241 2171
591 2466
955 11
1948 1119
1980 831
1528 2578
972 42
38 677
2720 1627
2633 1196
787 2771
1245 1965
2516 2441
2161 1318
868 917
2668 2039
310 164
673 169
1578 2513
1840 1468
2118 678
567 1495
718 2371
836 627
1229 1378
585 618
2639 111
87 1677
1843 1402
3 1169
448 881
452 1872
222 1843
1571 1564
615 794
1263 2628
1162 2756
1753 1191
2480 1665
405 2312
2083 2382
1662 1744
1440 1966
1034 994
1149 2271
2144 620
427 1907
1787 1883
1999 2405
1722 2414
1378 2195
1707 344
2502 2011
835 1785
88 2677
355 1487
979 2338
2491 2152
1682 966
1556 1874
1445 489
207 1620
2413 2435
1633 912
238 971
1529 1099
426 1803
2602 1917
1880 1957
297 1927
486 938
1616 390
385 2726
2410 1692
178 1321
2676 182
253 1148
1505 177
1209 783
296 21
18 689
2388 1604
1169 985
750 1557
999 2363
222 1279
1761 147
2181 1687
2589 1694
1702 2246
2025 867
247 1475
1494 564
1794 2135
674 1596
2343 1085
2709 2208
827 715
464 108
1126 1601
344 28
2068 2706
366 1020
1955 2089
50 1895
437 1836
1708 588
2357 2795
1727 1781
2158 2658
951 364
1444 425
1664 649
521 2545
1862 2679
4 1364
573 2382
1112 1982
788 605
1106 1530
2432 2558
2425 585
2030 132
1533 1079
590 1971
908 1606
2348 734
904 638
1347 550
1259 17
1315 1884
548 1274
2083 2673
760 1686
441 591
2596 2233
2499 1514
2347 2295
2544 1074
1264 546
1376 291
2806 714
457 1223
1117 2149
2457 2225
604 893
2135 1706
1026 316
1942 1914
1868 749
2326 1416
1300 1462
880 1090
168 474
143 914
572 2680
1841 31
2597 2456
1264 2424
623 2752
2153 5
1058 1202
2507 270
150 584
731 1888
1585 1633
25 1035
2315 2669
966 1861
767 642
2247 1886
2090 2750
1548 388
380 2197
2043 2370
403 2690
662 2593
1248 2380
2412 2402
2742 2739
2425 2746
1295 568
882 1243
2221 2316
1949 949
1059 442
404 2310
1290 1997
1034 968
159 2032
1222 1683
2583 1863
1862 469
1449 2379
712 2010
1064 798
910 1152
816 1901
2053 1205
2734 1181
1011 379
564 2632
2235 2406
2004 2203
1094 347
362 1958
540 2213
36 2211
506 2734
1715 2141
2601 2688
917 1277
546 2638
927 2216
1970 681
2093 929
1344 2199
654 1446
2338 2158
1615 2584
2453 1647
1045 606
2681 153
2137 2507
2569 1918
2473 719
2654 1779
609 944
1589 2395
2426 1926
2226 390
2486 810
820 1697
434 323
646 2285
2209 2053
2459 723
1217 79
1109 171
1585 295
509 374
2078 2579
1696 383
2057 2766
1051 2390
1921 1725
2336 325
769 747
444 117
941 373
2267 1415
2780 1326
1557 68
1710 1400
2582 1792
437 1738
879 1866
1835 1324
1077 1524
950 1320
525 2607
187 1678
2296 2595
2167 2744
269 321
953 1151
144 1354
2086 2563
1474 2768
287 2783
2148 171
2531 1607
786 259
256 1482
453 982
778 346
2101 1814
2047 2448
2164 769
1178 1313
271 2786
1278 37
1153 409
281 328
213 726
1336 1836
2203 2634
763 1908
1153 1120
1488 155
2571 2360
2627 980
377 2496
679 2106
2386 225
2781 188
1563 894
1109 2238
2772 1186
719 1715
98 706
277 876
1483 148
429 224
545 1549
1386 800
1565 1739
1406 802
100 2698
1236 1650
1978 2340
932 864
1871 1816
1452 1139
1573 1946
66 234
1130 272
685 618
6 26
1048 2118
1222 2460
504 796
2337 2332
1136 1932
1860 1793
1624 105
2252 1049
1839 2323
500 1104
2388 2656
164 249
2092 1314
1963 1656
2522 874
2568 2153
1111 1511
2483 1125
2029 1607
1630 1313
2520 885
1749 2800
753 2769
124 1065
509 948
599 1080
666 1200
1781 1569
2205 2294
1725 2207
1480 2449
1071 1613
446 1825
433 873
1327 1422
1078 1110
684 2307
909 1728
2465 1795
1432 823
2327 895
2566 1154
616 137
1382 1640
1769 2609
2063 1599
1729 1408
1246 1046
2491 1137
2077 1572
1710 869
2333 644
2429 2377
2807 2256
2631 2489
2231 795
1632 25
784 47
2076 1068
777 381
2228 2638
619 1172
2659 1844
539 157
1080 122
475 1501
1339 833
741 1559
2278 1019
628 2192
1645 556
1136 2214
1399 1391
700 2651
210 627
2310 698
675 2751
1771 780
1516 491
1413 1225
2274 427
1221 2581
776 2653
857 973
1011 1022
1456 1216
929 1430
1673 1774
1401 656
1239 1690
1737 1520
1210 2794
641 339
215 1560
1299 760
2094 2298
1823 2665
2125 340
2510 1576
462 498
543 488
2473 1975
4 534
1916 2266
2636 2597
2372 2340
886 1628
748 1181
563 2017
1594 73
2481 393
125 264
2221 2170
2161 1612
1790 986
2303 1891
2230 915
538 1281
1798 544
1254 333
2434 2058
508 2305
1084 9
191 367
1721 280
2759 161
2234 150
1902 1114
394 1073
1062 2594
435 735
1499 2067
1804 2302
466 1087
1919 2467
757 356
2266 888
1341 652
1296 2709
2704 146
649 2435
838 179
1152 974
1799 501
2223 1936
2740 2633
1012 10
458 1017
1446 1428
1893 902
3 573
1820 2647
1485 1859
2457 53
1919 1230
1816 1000
408 861
1478 2505
2585 688
2497 1010
418 1455
51 1276
1106 1143
2171 1177
956 478
2617 1810
925 1528
2660 887
1646 2648
1369 984
1705 817
1105 1100
2616 325
636 460
1874 301
199 489
848 57
881 1969
862 559
1060 33
2084 213
504 1813
1497 1030
645 1891
238 538
643 1717
1287 762
1805 2756
2085 1904
245 895
1646 1699
1977 2111
1970 1440
2455 2132
578 2485
434 665
343 1513
28 2190
623 1704
329 2007
1356 2072
2761 1455
278 1341
743 874
423 946
2545 89
2071 1889
239 751
2037 1242
1206 971
2529 567
2117 253
2689 2075
872 2224
301 1186
586 1140
2585 1259
2419 193
250 2797
21 1587
2711 194
1493 2576
1121 2587
841 203
1271 349
548 428
536 2654
486 2401
1301 565
1905 813
2410 233
2807 1280
2074 1879
1218 2466
460 817
778 764
174 951
2542 1577
1100 301
2100 2036
2232 2770
1129 1846
2784 1286
2312 2040
1250 292
2156 2013
600 843
1689 2397
2396 2103
2379 476
655 2286
2064 2625
336 2714
82 1476
29 949
1362 856
2027 1196
152 424
1739 2500
1112 1675
1460 809
1150 2291
2446 765
661 336
1477 113
714 1067
2621 1266
1013 2751
1405 1610
2572 607
1343 1605
824 167
2159 928
1167 318
1697 710
1971 102
1539 947
485 1344
689 306
913 77
2629 1396
1512 709
583 1555
801 1288
729 318
878 402
956 2576
2523 190
682 2655
742 516
1095 45
375 1912
2747 1093
1172 1424
1050 313
964 1997
16 2763
1517 630
2668 1308
1254 1676
265 2803
2383 2320
1699 1643
2125 2742
2533 1295
64 1732
2285 861
1425 1923
2073 1352
2164 2092
1180 1377
1097 1623
1311 2489
2150 2341
2154 109
2674 2653
33 2523
2147 2398
1074 2452
183 1149
481 1213
1931 119
560 803
699 1251
2411 1532
825 326
594 2359
2405 651
121 2689
1257 1544
316 1395
1531 1000
1918 2084
2718 306
2785 1361
2630 1338
230 1302
2665 1553
2557 2128
820 873
2186 2518
710 206
1331 1988
1176 1470
2170 2739
372 2464
2428 1260
220 563
1192 2096
2640 1605
299 959
2504 2652
2038 799
2684 2625
1934 1536
1691 361
1967 360
1602 80
706 1092
883 227
2404 2172
2711 2276
1780 2003
735 1952
863 519
1023 2005
612 2025
2575 944
1135 2236
2202 1093
2189 1103
2762 791
2506 1266
2590 2735
516 320
1887 619
984 2061
1821 2155
2144 422
512 622
1838 86
525 1763
398 1403
1489 52
2458 0
401 825
38 1499
2138 2528
293 2298
1853 1829
438 899
1351 1054
782 2009
1533 1723
752 1312
1626 230
1348 669
2251 1069
819 890
284 46
645 357
2461 1815
1306 831
1255 1241
278 2127
1634 656
377 826
2738 1807
1238 244
2470 1294
941 1772
243 1239
493 2052
2746 2535
493 1568
1755 2021
1511 876
1684 2493
1094 1058
2023 2141
795 924
241 2283
1075 997
304 39
2275 2796
1814 324
1653 1064
27 248
907 2667
475 924
640 704
1273 1840
457 1559
1165 1272
962 2483
1673 144
1343 2219
176 1759
203 1802
1676 2413
1227 963
2133 1495
1986 255
885 2481
2540 1819
476 1409
88 2365
305 2783
1623 2206
1116 1595
2561 2476
594 2365
1892 608
1602 107
2313 32
2277 181
497 99
1490 1658
2347 2623
1682 1340
1389 1233
705 235
1423 1408
1272 720
2686 2179
44 1439
1016 1070
341 2508
218 2375
1630 343
2236 275
1081 2012
1331 2444
346 2574
198 1974
1349 2600
223 593
804 2561
1948 989
2510 2006
345 1819
1144 330
2102 2
244 16
1174 1061
2642 441
1834 785
2690 672
1877 2664
93 1322
991 578
936 1543
1523 816
709 2764
651 532
1713 740
78 1763
902 1563
269 1680
776 231
175 368
529 2731
2352 597
1252 94
1163 1040
2775 2031
1076 744
999 84
2381 1532
1976 2767
1545 1566
8 201
836 2760
587 1236
806 653
1626 2459
1924 56
772 165
2097 2629
85 368
1896 759
1116 1316
360 1179
2621 2792
2790 2225
894 1212
1933 2151
2283 1199
1265 811
2733 1346
2623 740
115 923
1873 1977
1261 250
1614 2534
2261 26
1043 49
332 1866
478 2011
365 2695
552 952
777 1598
952 2641
818 621
1547 936
2335 1700
1541 634
1166 1025
1448 324
1661 2567
1592 270
1024 406
2073 2024
7 976
1540 2793
2726 0
194 1638
879 2618
2297 482
826 2145
1610 2570
1553 55
41 396
1570 2256
2091 1332
416 2015
2749 2505
1696 92
1747 2356
2058 1150
111 2546
1741 2331
693 852
1151 1072
540 2688
2357 851
2143 1473
2390 2495
2399 1884
1160 2215
978 847
631 490
822 1549
87 1057
1032 90
1556 1758
637 1547
2192 1537
545 1281
451 1010
419 1124
2008 575
199 932
2030 1448
62 30
596 687
610 2222
2740 2714
2760 1877
991 682
352 2380
2115 1795
2103 1542
507 1105
1071 1357
2110 248
2354 1009
2131 2611
91 2640
2124 2013
2562 580
2044 1847
2694 1420
897 1158
1026 1601
1288 236
1257 170
197 736
1329 60
2256 1473
1818 149
389 1373
1831 603
1442 2503
1895 2696
2635 452
522 877
471 1211
2242 1631
332 2607
2093 1508
1386 1177
291 221
1872 1721
2453 1486
537 2613
570 2293
2417 1280
855 2519
2428 722
2488 1937
1484 2541
892 10
2262 2790
1684 2304
1224 2787
2670 93
1662 252
1513 1197
866 1454
507 1882
135 2095
1680 1032
1945 341
1757 1061
1940 1672
1164 461
652 404
1247 900
668 2498
2795 528
2433 1778
945 2087
1195 2059
792 411
58 1683
1777 1188
1587 891
2772 71
2421 1870
2284 375
2791 634
1424 1773
337 2649
853 1954
2000 1791
1571 2231
846 1888
1356 2663
2023 435
1148 2056
170 39
1207 1554
2446 65
119 1496
1096 1963
1357 2554
2712 1786
1847 1040
1186 1435
2731 1346
2095 993
2667 1664
1980 251
1115 2378
2580 925
1845 2126
1389 1047
958 721
2522 1889
713 1098
1494 1901
1404 2319
2227 1235
1392 566
271 1973
1180 1770
775 2664
2227 2671
1150 2395
2754 547
922 1864
1113 562
101 2387
807 1776
1788 1037
1590 1379
2672 2182
1306 100
1363 128
1139 1471
1188 2074
481 572
1365 1286
2776 1637
1562 1939
2163 2532
959 407
1458 98
1350 1760
947 589
2258 2165
1142 385
2261 1586
2182 2729
1073 418
2358 96
1649 1960
76 699
1491 1128
417 738
1869 1641
212 2193
744 2551
630 1634
2384 2241
2016 2120
995 1388
2061 1546
2080 1823
1301 834
1860 602
1896 2400
1869 2420
1089 2454
134 1737
931 23
1411 948
1728 41
2229 1789
2436 240
680 2376
2366 1526
1184 2091
1552 322
2739 1958
919 2612
2262 676
859 2205
511 2012
1717 1782
726 1443
1947 2364
276 2648
2146 2777
337 231
2045 1743
846 2387
2344 806
613 1924
303 160
1226 973
162 2177
2370 2761
745 2328
1832 1984
1931 2286
643 2423
1400 646
317 19
500 1886
136 2087
2547 1516
1229 892
101 1394
1747 2383
134 1434
633 2352
1709 1893
1534 2029
2311 1519
789 814
157 2107
286 2152
239 942
1315 1564
1796 292
933 871
311 2210
273 2034
554 2372
2065 416
901 707
1686 2539
1002 1712
2104 1216
1976 1340
1742 187
1958 220
2104 445
1430 2678
22 622
648 967
192 1853
2056 1383
1302 2209
2619 717
57 1307
771 1329
1740 1445
2249 1464
1212 1996
468 2136
2650 696
1806 1173
2191 2616
734 754
1338 1711
737 255
839 112
970 1334
921 1957
884 2098
2108 2749
1995 1907
2518 673
1235 2439
2317 1017
1054 683
569 2037
1146 1147
922 2774
470 342
1461 635
1834 1042
1972 1910
571 2426
1366 2112
670 282
1419 1121
2191 2666
1766 458
1803 294
2493 1466
1291 484
1166 2592
1507 930
1006 462
2175 1576
2782 104
2194 492
1056 1398
1984 718
1367 743
568 2114
1087 1479
1450 1472
2014 617
541 2315
818 2279
1509 2199
261 2766
2619 758
60 781
2441 2051
1427 2407
2497 1144
506 843
1157 2564
1382 2258
533 1274
704 2592
1434 823
2586 2547
229 2185
190 1951
637 141
880 1160
1305 2594
2035 533
243 160
1337 541
7 2022
2475 950
1298 2276
311 1202
797 916
2703 50
589 844
198 297
1752 2319
794 1291
2188 998
782 2275
2281 2442
1794 143
1658 345
2543 1724
2699 1327
59 662
615 887
1184 2341
454 914
487 2333
1042 702
351 1956
2184 405
920 2150
940 1916
680 2003
781 206
2524 2267
1014 2122
1457 223
2021 2572
135 796
479 2334
1991 1726
978 1478
684 632
1132 1330
969 1786
1498 1436
2367 479
1036 1732
797 2604
2541 2385
1253 1395
2419 988
1016 1748
2235 1249
2351 1228
112 539
285 1480
2109 980
2723 108
937 110
2039 1827
2273 34
981 2243
133 737
1900 2485
1873 207
1468 1309
398 1312
496 106
1663 1788
1323 1858
614 510
1189 204
274 1261
351 1384
1481 2318
692 290
716 2386
1906 219
2026 1581
2767 1303
655 1567
2686 147
195 812
161 815
331 1168
996 1217
2600 1879
2411 27
1223 1435
2554 632
828 1485
195 1044
1297 708
61
48 41 24 81 62 11 47 42 64 20 48 55 48 56 57 3 71 79 63 18 91 12 24 22 27 83 72 18 44 18 8 24 20 17 76 17 62 40 58 1 49 73 13 75 65 56 5 70 67 6 22 78 69 64 2 71 30 30 48 51 81
