964
11 728
791 717
77 339
735 639
815 240
490 326
459 582
414 761
713 143
48 493
588 545
459 371
354 392
480 303
674 256
324 643
416 244
423 21
581 148
340 114
218 584
248 686
108 446
601 799
760 348
638 133
916 768
558 482
432 957
379 431
201 51
402 107
216 20
281 723
658 245
41 64
162 796
391 820
300 627
664 397
956 848
319 23
85 323
483 955
598 420
918 709
734 577
40 936
304 535
174 396
822 879
804 366
366 906
86 336
272 207
422 632
835 87
734 38
673 591
838 888
270 278
667 560
146 224
269 323
676 737
86 108
763 241
575 738
898 408
473 635
418 543
177 694
255 905
519 122
394 844
426 875
868 890
490 195
186 611
66 156
345 166
596 72
372 907
780 765
686 880
360 707
501 548
397 760
487 466
618 543
299 631
182 369
425 702
106 806
144 178
541 357
753 787
894 843
102 628
24 415
305 519
866 600
605 775
629 685
152 586
525 904
731 549
758 251
497 170
404 119
91 253
849 730
271 566
809 946
696 692
877 788
288 252
230 223
303 515
933 193
708 650
104 495
828 513
680 61
846 223
452 841
910 909
942 530
284 500
878 710
28 920
112 420
46 59
633 593
554 829
399 671
203 244
803 604
746 102
200 809
854 11
606 10
417 287
226 661
648 325
539 903
159 883
485 625
39 674
890 469
60 121
772 19
573 512
382 756
914 835
389 219
104 267
675 627
353 111
635 600
160 140
140 657
506 614
398 807
926 53
580 883
850 8
702 92
615 762
695 95
892 264
699 484
204 902
444 39
622 332
729 886
177 269
872 614
715 632
256 531
25 741
55 523
864 477
911 625
909 868
306 300
237 200
7 109
797 335
718 27
15 124
855 547
481 197
816 637
678 24
444 565
66 790
885 265
602 458
506 959
551 826
673 142
307 959
473 779
30 212
279 385
678 485
905 54
764 80
154 360
584 6
653 400
962 222
499 272
626 948
488 553
63 872
157 240
779 395
726 917
892 208
494 316
604 918
540 30
376 52
580 317
710 409
595 43
752 352
430 927
817 110
151 286
472 551
854 750
839 54
71 32
344 217
610 1
74 595
229 572
370 404
171 256
518 578
62 221
557 828
599 602
18 961
832 310
435 762
492 501
813 7
684 733
101 239
654 407
37 145
574 415
425 50
89 225
138 419
113 767
572 364
130 581
101 287
950 669
309 458
949 777
880 535
930 939
697 888
787 775
319 446
865 105
945 198
305 74
563 362
833 917
640 243
526 769
706 565
123 208
31 495
938 349
418 680
751 471
951 370
537 670
321 243
43 890
915 609
148 792
84 135
727 282
659 489
355 228
951 293
957 313
851 434
44 536
334 511
47 794
45 233
742 925
428 328
705 145
4 568
165 258
728 811
730 175
3 555
189 861
312 79
538 755
881 470
690 38
280 470
736 146
338 25
359 908
642 754
393 5
721 729
153 356
744 263
836 511
725 598
553 57
838 76
298 301
281 819
666 688
827 340
606 867
871 922
173 603
313 797
651 562
901 815
298 75
764 299
63 595
389 618
661 202
170 384
263 564
699 297
620 924
922 860
512 158
196 497
657 935
592 286
176 465
262 448
780 250
587 757
891 810
438 503
168 508
646 877
740 90
725 656
283 367
843 8
532 507
439 856
98 621
555 916
542 753
197 344
846 460
906 502
165 733
863 486
881 913
450 114
9 811
629 65
293 88
476 654
13 368
842 832
647 188
383 608
855 423
533 876
120 583
442 534
98 676
302 499
386 249
579 900
350 767
441 64
770 720
90 958
215 874
789 827
504 859
907 356
624 938
445 522
259 806
714 335
528 867
546 879
493 127
676 620
266 491
674 149
456 378
193 249
353 861
188 181
417 701
82 622
227 840
858 451
895 552
687 6
295 712
743 722
932 777
381 561
660 393
824 276
183 433
864 667
352 903
361 334
424 873
213 215
653 551
179 365
480 147
266 304
309 94
328 613
161 49
480 583
825 119
422 327
801 461
498 567
935 637
135 232
461 822
229 236
647 387
589 823
807 505
884 387
141 205
804 904
682 385
238 732
745 924
190 562
731 173
247 147
260 783
952 410
601 675
131 763
795 920
152 705
168 527
937 556
265 28
842 513
399 498
923 694
162 321
561 103
326 261
533 516
214 343
361 871
58 128
641 941
895 494
934 791
750 292
284 282
701 818
355 191
378 812
85 129
691 163
789 689
246 757
612 897
431 44
78 574
225 793
267 408
329 474
869 236
478 22
961 896
720 375
268 535
462 794
642 442
870 599
956 374
434 274
211 472
419 594
454 342
830 954
481 896
15 292
166 405
333 656
39 129
834 634
314 766
781 202
683 831
180 118
788 785
591 451
48 665
677 866
544 960
268 786
199 327
712 550
155 517
814 12
105 878
245 209
521 294
672 774
597 213
931 290
682 672
666 719
278 937
436 571
337 634
134 2
443 568
271 67
373 487
261 649
491 42
56 405
929 247
103 836
377 311
407 377
609 354
508 536
136 844
816 563
254 231
348 210
308 500
186 958
489 679
351 585
172 167
845 884
691 72
443 889
755 655
698 253
164 784
739 372
290 320
351 532
644 541
478 502
318 611
251 542
558 713
782 700
273 126
19 474
450 934
531 453
259 449
740 948
409 724
523 590
849 484
515 686
467 163
248 78
347 40
653 304
100 315
545 296
222 748
770 280
413 312
798 291
853 559
191 229
296 234
587 644
944 617
159 91
277 26
182 690
295 607
231 187
179 693
847 429
411 52
316 773
118 663
795 840
392 365
273 371
483 339
633 69
617 65
228 756
432 887
75 911
367 575
814 302
285 860
947 150
157 889
697 51
452 796
954 139
882 522
778 395
212 358
380 337
837 949
718 151
62 133
138 479
390 125
808 566
37 275
704 603
216 927
81 17
403 47
776 83
782 262
33 615
557 475
527 743
109 406
454 184
375 648
283 765
593 858
180 195
448 137
790 376
954 154
913 329
331 818
207 931
68 87
802 564
381 482
898 747
768 882
107 928
373 453
33 303
784 859
5 437
314 468
910 720
22 721
514 412
821 242
68 36
862 477
115 624
136 619
800 492
26 943
826 325
342 521
643 616
27 509
324 221
834 689
117 421
219 364
576 925
899 573
401 852
945 570
719 517
963 122
257 801
876 608
727 526
514 936
759 754
810 496
902 947
349 433
351 697
941 322
912 813
61 49
45 700
464 891
651 515
3 630
35 711
429 227
734 722
869 559
703 706
576 113
220 837
899 337
538 111
504 34
424 394
752 560
894 79
435 384
893 886
759 456
445 769
89 616
128 571
529 638
58 655
570 723
962 153
198 364
18 348
748 226
236 171
585 863
909 60
362 860
94 475
16 220
333 820
621 919
29 940
716 803
900 123
400 440
412 38
537 346
668 578
613 176
605 588
636 277
518 942
630 84
662 619
437 16
126 823
252 184
707 270
660 577
932 455
665 928
275 127
829 579
41 793
785 669
792 254
871 139
183 771
549 147
439 952
897 210
160 716
169 330
131 124
150 149
530 805
143 12
308 301
449 703
963 953
749 350
142 88
751 684
206 9
567 190
735 110
784 98
610 97
921 77
650 939
55 692
743 641
821 944
652 155
933 13
70 778
447 695
413 915
479 31
35 374
156 137
18 74
529 738
363 457
203 380
607 817
671 2
714 369
76 389
463 520
401 646
524 597
209 548
839 1
469 411
582 649
528 57
628 722
440 505
711 677
246 116
211 194
132 746
929 462
726 819
888 831
428 73
343 204
338 857
880 862
347 260
874 32
476 96
388 544
175 250
403 946
808 97
940 383
715 36
833 749
592 289
857 46
908 427
737 641
158 594
50 70
885 698
116 359
744 800
276 781
0 426
802 783
466 724
773 662
509 189
205 914
848 838
279 534
742 761
652 645
412 899
645 73
336 224
396 772
640 100
569 20
164 585
850 853
539 56
185 206
887 80
161 167
257 668
67 21
430 194
331 346
129 684
241 174
663 121
17 172
363 237
199 233
732 427
467 510
873 71
486 465
368 310
441 664
841 488
436 507
688 468
612 390
552 382
317 187
217 926
274 457
596 391
771 144
463 402
315 471
294 357
181 639
341 696
953 460
10 799
739 626
99 239
95 112
59 923
192 285
687 549
687 380
893 320
845 214
943 34
540 421
289 930
741 14
447 556
912 132
288 230
218 503
120 4
870 919
341 572
658 464
81 856
569 824
910 623
586 745
264 679
758 704
685 550
798 659
235 516
93 388
921 693
291 311
681 496
683 115
69 83
636 330
960 42
955 875
865 805
438 255
130 830
14 776
852 398
554 322
358 623
178 82
53 774
455 670
736 386
29 406
751 830
52
13 32 24 23 23 3 30 8 28 23 25 24 6 18 15 18 14 2 24 18 9 30 18 21 7 17 23 14 22 14 11 3 20 15 15 10 8 9 30 13 2 7 13 30 25 7 17 26 6 28 21 30
