1726
37 793
105 1604
1165 1567
498 872
1270 654
335 631
947 738
9 275
373 409
72 738
1644 699
1638 412
974 715
614 1689
951 1432
127 255
1403 1405
1591 979
277 926
1483 1030
375 363
1116 696
440 389
374 1482
1215 667
1519 413
3 971
987 1381
385 829
582 1337
113 942
863 1341
321 644
1425 692
892 614
1111 1100
1257 1656
1473 542
1648 403
326 1246
1050 1073
1504 121
1170 657
1694 1198
191 635
231 1288
930 1656
1640 1653
404 453
140 1705
1052 1598
616 439
1690 950
912 365
1223 1417
910 1539
866 1531
65 1225
1666 171
1646 1164
360 750
1706 356
1167 1685
784 1362
283 1012
1626 779
138 1025
906 932
178 1219
297 623
935 1004
1060 876
1129 1574
1099 1096
1174 880
6 1352
262 1342
753 153
1526 959
1412 1438
821 1201
629 1687
46 233
855 1045
293 619
635 220
268 1190
207 1290
1460 251
1397 966
787 1133
792 707
1275 1112
1302 544
0 995
490 722
12 1415
1527 797
1579 539
188 468
1203 393
1383 878
936 892
17 939
378 325
1171 21
1715 1462
1725 1495
442 572
166 1153
70 1102
432 1105
1169 1513
1059 253
339 258
1697 1651
159 34
1030 239
1195 424
1640 187
685 1009
1435 669
267 1175
851 101
544 484
27 1306
234 1373
112 125
735 796
538 1621
1238 795
1378 765
815 571
1664 1122
814 1286
1448 761
1343 605
1668 1354
1499 424
1065 1541
141 1029
972 1423
201 290
938 608
1310 626
1720 217
658 1146
569 809
297 1148
221 358
412 1644
1019 803
295 239
276 153
773 209
1299 891
882 340
940 587
39 682
338 615
1595 1269
1126 1032
30 1626
537 553
873 898
512 1590
190 1556
902 1681
1280 579
1186 86
168 390
796 1618
1366 881
428 268
1049 115
251 1229
1305 132
1172 232
710 1359
479 810
831 257
846 1212
1139 1657
811 283
317 861
849 391
988 185
441 34
1148 1453
468 1024
557 671
844 1001
1459 641
1696 210
805 128
1424 142
525 470
284 1208
1393 1614
1703 215
771 1005
172 1172
1355 689
919 677
1080 1308
1082 1623
1136 438
634 555
1117 472
1639 308
547 1055
1341 799
1243 1321
1071 51
1047 687
1430 450
1547 402
19 441
1065 287
447 1249
763 1558
1227 773
463 1134
1267 495
214 392
997 839
419 229
1345 848
145 513
1226 1682
808 1514
372 394
1579 1066
647 75
467 253
1057 1472
977 1184
1377 273
205 1160
198 631
872 809
736 1717
1431 182
42 36
1538 1411
150 868
1089 852
1502 731
648 1044
1721 897
690 1518
491 811
550 979
589 1246
1703 1649
611 1474
350 343
826 1436
110 1521
913 1713
301 71
207 1214
1501 1532
980 765
1512 1416
507 830
742 1492
1279 787
128 205
194 928
890 1312
401 1668
792 1402
1033 1048
1324 789
804 494
877 574
636 74
1548 152
344 1455
391 1085
476 707
137 470
1704 842
1268 176
568 850
1471 887
336 1058
286 958
713 989
1244 833
94 1144
1716 149
1296 369
535 1475
1659 1714
172 1588
1381 1325
709 308
1274 131
957 357
630 102
56 730
1241 988
1393 1483
419 54
144 118
531 1144
1300 143
415 1676
1081 445
1042 461
1462 312
915 321
53 1568
353 1101
13 175
1074 1449
748 1091
318 1454
1705 730
762 1247
1270 1178
971 362
597 285
1332 1249
148 975
1093 319
369 1694
1186 483
890 1176
20 1550
359 575
1401 1023
147 262
685 1019
395 640
513 1218
47 204
0 1334
443 1233
1532 230
977 1318
379 307
845 241
30 1659
1510 563
1098 888
168 602
743 650
1086 336
884 327
1685 309
358 431
505 1354
87 257
1261 235
181 361
1546 1008
840 481
998 1094
1557 351
1171 327
394 1437
1291 1713
310 259
949 720
1302 90
1421 502
1074 1481
507 517
1505 211
1195 760
745 1468
330 501
119 276
984 129
1228 1572
1269 1610
1204 1182
352 1075
1256 1359
1250 1143
1040 1013
993 159
1035 965
1684 1522
744 766
1645 1466
591 236
12 439
1634 920
550 118
1422 750
1257 1384
1667 202
100 1236
983 1371
454 1711
1108 1494
1138 908
586 899
225 124
1691 208
465 692
1239 179
352 821
86 656
1068 1210
1489 27
591 1706
323 1307
1244 261
1390 15
822 790
1022 260
701 1530
111 1252
1109 1263
598 315
1112 657
1477 410
956 1597
708 1334
1650 929
435 981
1698 968
1587 990
985 449
931 651
691 1399
654 1123
157 249
1011 388
788 948
144 1552
940 279
1351 905
627 714
818 1602
63 264
643 1267
1053 135
848 558
859 520
357 97
604 1082
840 1327
1544 396
1159 820
709 1481
638 779
923 1163
1666 728
819 1135
1166 1679
1337 532
1577 913
854 1391
1551 90
310 469
888 688
873 215
96 1428
1333 1325
156 1385
476 954
838 1168
279 603
955 916
464 414
601 843
1053 473
359 1375
1279 1464
1067 249
1330 1500
1193 548
57 91
1571 820
1529 1140
171 680
1618 879
1126 791
193 1616
1439 492
1295 238
384 1336
270 515
143 388
74 1718
1015 60
922 71
1683 725
1340 1362
745 992
202 541
1421 991
1 1325
594 603
1457 50
1452 50
245 1611
1451 626
10 546
627 1026
1088 1412
10 776
1007 906
691 641
1400 1143
2 1285
837 1389
720 1188
946 629
420 1678
349 1210
1563 1340
1202 58
426 1403
733 812
482 685
300 856
89 855
766 414
49 1622
1392 1490
684 1581
632 951
1683 1243
126 1398
875 519
211 580
248 833
756 1284
1701 454
151 270
1643 421
1248 839
619 242
637 387
1048 1684
405 101
1125 49
24 224
876 306
600 370
1204 1253
950 334
1573 1259
883 408
1290 1260
1070 201
1686 1576
448 1438
928 1583
1526 272
1367 1124
451 1175
518 328
678 1153
509 1606
1006 961
485 203
1486 400
371 577
782 32
1609 827
1467 813
173 408
72 474
1584 1273
962 222
711 755
1200 1016
383 1611
177 1702
1396 328
354 978
150 204
600 447
63 1494
1496 61
590 146
1566 1437
1374 1097
1582 1498
158 332
715 1300
996 1534
858 891
927 365
527 95
527 189
1620 486
1651 1004
946 227
1652 585
67 1496
23 534
1224 1555
264 252
456 145
1217 289
141 1125
576 347
1077 1073
1165 1645
645 1182
480 124
1115 1054
645 498
116 945
617 102
1607 416
735 567
337 578
92 1186
291 164
762 309
1068 1701
429 962
1100 410
1199 23
874 1217
917 664
98 187
776 364
642 1647
957 1266
35 122
219 824
800 1317
916 334
1093 1131
734 841
1470 1161
83 869
237 18
132 280
1399 1549
349 1074
857 1205
719 81
867 466
221 326
1202 886
582 1570
1327 1523
693 1255
1346 1366
851 625
524 1356
944 536
1183 832
854 320
528 191
93 109
885 250
1032 228
1504 59
1008 972
1032 742
25 1411
69 1029
1614 451
1445 1407
1001 254
877 661
807 1164
963 864
806 1505
1331 904
11 444
670 981
449 1637
1199 938
862 1191
300 1627
1591 749
453 723
964 31
783 227
657 1318
725 1537
33 1090
969 48
1587 1031
1589 1723
1177 1103
785 1502
1409 493
1263 1486
493 1661
1158 1565
1046 658
1639 825
1369 921
348 1151
1427 1518
80 805
1401 228
1636 1580
724 38
170 1716
1697 43
1097 1033
1078 1360
250 20
335 238
182 966
1617 58
497 898
382 816
1389 1298
1575 759
699 362
1378 1103
1105 313
1331 554
1031 1720
973 1319
1372 1419
624 903
1126 558
1603 1086
1209 606
432 1709
1250 170
1396 617
39 602
804 959
1151 597
1560 139
1662 1094
729 162
1321 88
1434 706
1343 555
197 1648
660 1433
496 407
960 1602
1710 37
94 1009
1010 1589
1281 167
1588 589
1344 1543
7 1511
1282 1106
1439 1632
136 970
195 1169
1514 723
1394 519
1358 42
1712 1575
1590 643
943 1061
1134 1586
716 1297
212 274
542 1216
129 393
608 417
515 289
1643 541
533 149
1247 638
933 917
1495 1133
1187 458
953 525
1155 538
1600 1024
385 377
97 1507
1249 446
799 1203
1233 831
1336 263
82 539
853 767
932 1664
1624 1605
1536 1457
1548 823
1524 1313
130 1095
937 694
697 1682
1087 1308
1303 593
333 1348
1484 79
1289 425
793 480
45 1350
1603 1090
553 1619
1088 780
665 700
1606 33
1535 40
649 199
727 1312
871 1287
106 1240
994 345
1515 623
754 566
1123 1326
561 1332
1508 252
1663 795
569 1385
1104 562
1152 79
1646 1010
1512 1062
828 925
693 1372
180 429
1671 99
262 1445
1174 828
1158 397
1236 900
1558 1158
622 511
560 931
835 674
914 436
908 1583
1259 746
1079 1207
1120 1625
746 969
552 68
213 845
398 1316
1222 1072
302 1441
112 181
1027 1220
78 32
1196 726
1535 801
991 794
186 423
104 499
1386 1353
1137 637
545 1465
764 1084
213 997
254 1479
277 1631
1069 381
1707 1293
311 1663
618 244
562 384
77 473
1508 304
1231 1147
993 1469
1083 1271
1196 1627
111 1189
1318 1052
1444 76
1693 1577
206 1152
751 1339
1114 1181
1420 1039
121 1458
924 1413
1304 598
722 609
434 1431
1077 14
632 1107
339 1553
907 290
978 1519
537 392
1534 1440
832 1449
571 436
753 836
624 325
1387 1319
1177 491
561 226
329 1455
320 672
1681 396
883 1136
22 1559
164 902
1294 1283
958 1538
1309 576
875 188
1388 1137
29 1593
1509 1295
1513 1356
1262 1228
28 1429
581 1320
849 26
747 1304
154 1632
1299 497
1141 1427
478 66
67 1673
437 886
459 387
1305 798
518 1034
430 89
1610 1442
944 523
460 1114
1667 433
936 1006
596 1045
233 1017
1000 1482
1258 778
376 737
1265 1695
986 695
1635 625
874 1169
1282 789
1714 512
1471 123
771 1213
741 998
903 1022
1253 52
769 929
1277 492
1480 1092
1245 1242
620 1003
471 1554
785 1352
1688 517
418 1329
1376 1330
322 110
689 428
1407 1616
1425 1285
921 1333
1581 648
1477 724
885 965
975 18
1458 1515
1163 616
1540 1311
1161 1423
655 234
982 38
941 217
633 1660
1110 1419
1350 640
235 1565
137 1709
879 229
739 1599
91 941
1524 1418
856 1533
719 870
1183 884
1213 994
1347 678
241 1122
75 1147
1383 338
312 1672
59 163
1371 985
1055 1379
521 116
303 1472
1288 1220
307 1149
1633 1021
572 1156
728 267
342 35
1630 469
1003 1198
1089 113
770 718
992 160
824 682
869 192
341 1490
1386 718
368 1450
490 529
373 1380
984 1225
1474 1670
1254 411
553 1395
1216 197
1061 1075
636 288
1377 1155
160 1168
712 757
416 350
564 266
1708 783
126 1571
547 16
954 426
564 665
534 1545
1711 1092
1585 403
930 656
734 1563
1289 847
565 487
823 1391
1657 1224
894 1595
999 324
1598 386
1050 472
1200 516
1345 1459
2 199
73 332
752 1154
48 1191
536 1111
1642 31
1612 630
1042 78
351 595
1525 178
535 473
1101 1315
703 460
690 1488
9 293
455 389
1674 533
1400 1261
462 54
316 1497
1014 1276
1491 1284
996 1113
81 333
865 1660
942 1365
1601 1528
1002 488
475 26
1649 573
836 674
514 1117
1335 1559
1323 1527
1283 1162
1064 1540
1624 55
1291 1584
509 231
586 1275
433 760
1037 274
1028 258
1197 1110
609 546
1585 1157
751 134
438 1043
1322 590
955 1492
1665 494
92 835
1280 167
1525 378
639 866
1333 535
1018 1601
57 243
1192 174
155 44
189 1067
1398 1145
256 133
1106 680
731 1057
1219 1060
786 115
1654 1380
551 377
1219 703
198 1357
697 717
1346 826
506 165
1631 314
867 807
1424 1063
1596 1464
230 80
1036 82
275 628
732 479
662 986
1138 1294
304 315
1417 292
1404 504
806 43
549 41
1056 1109
610 661
471 1637
1364 60
672 1522
1046 422
1361 679
1118 650
520 155
918 1368
395 1349
62 1402
495 1447
1277 1142
1070 463
1368 1698
161 1400
140 964
1121 952
496 1430
256 1433
1628 567
487 702
411 802
427 1139
1434 46
1463 28
733 242
1594 585
285 1156
1018 1542
440 1232
956 64
911 1642
960 1056
1689 166
605 1190
236 1416
1059 1328
1567 974
142 1410
1531 813
628 858
1600 653
1063 681
749 13
778 829
593 1669
282 1301
346 114
340 434
247 1561
1084 36
371 1725
601 281
812 7
716 139
1652 570
1473 1038
889 1655
29 846
934 761
52 1562
247 216
313 343
1674 169
721 288
1623 311
56 1128
948 1306
51 1676
1544 772
465 1493
8 1349
755 500
477 431
107 1520
1679 837
269 1230
1572 296
918 897
788 1180
1394 1141
93 1316
551 136
1131 860
1448 1142
108 768
1231 759
943 646
688 223
457 173
673 462
934 967
265 1470
853 1608
904 1476
323 208
1118 814
486 671
790 418
620 219
342 729
1570 622
147 85
98 379
1613 1573
581 176
801 1549
87 457
1076 669
1543 1360
767 489
123 1124
1099 214
1221 1159
1487 246
705 4
1098 1286
580 1468
1629 142
1079 1239
120 294
1234 415
103 1499
529 255
1370 1083
1051 331
263 708
1721 1091
483 1255
76 1207
291 1226
644 736
65 1489
675 248
1384 1622
563 827
337 844
531 752
739 610
19 399
560 69
1211 107
1194 961
1442 774
611 348
1456 152
1493 1630
1592 1215
372 1456
135 296
653 1062
1517 193
1209 1041
445 1180
206 774
1128 1481
427 1485
1127 822
1339 786
754 889
1654 1680
1465 1428
592 587
1223 666
987 710
356 1185
316 1173
218 949
862 530
366 353
1265 481
305 556
1197 1064
1237 1301
374 271
1530 649
1085 935
510 456
1251 1547
502 1699
633 1206
1060 357
1569 1344
1712 1322
422 194
404 713
305 1035
1693 44
737 265
777 1229
606 1314
1113 1266
1460 62
1138 600
1264 912
871 390
927 817
225 523
838 1612
1367 937
1506 604
363 952
874 349
574 61
1621 156
1395 865
818 568
1014 1157
1545 652
1604 780
1650 1382
1235 273
1038 186
287 777
1641 1498
1497 1466
183 1307
651 1506
508 169
639 1298
446 1595
1574 344
1450 663
1688 1418
21 863
1206 687
819 704
1028 220
1214 22
77 956
528 803
1520 781
1293 1379
278 1222
1390 1553
461 266
1593 1251
131 976
1510 15
1128 259
1187 1552
162 1578
298 151
1230 346
1719 148
1192 706
1619 133
1452 446
1296 11
209 212
1017 900
803 1597
660 417
501 1016
1069 775
467 514
1586 196
1376 816
615 380
1037 1013
1653 1718
825 1443
1387 1353
1044 459
1673 1662
1562 896
702 1167
366 695
677 120
612 957
526 1432
154 700
382 1076
1397 1488
183 578
269 475
652 1260
222 673
1348 1446
278 664
893 588
667 406
510 1338
1011 850
714 1413
450 508
592 1036
1436 41
834 5
1669 1212
920 543
104 781
1487 40
345 1132
663 1272
235 852
96 284
317 413
1607 747
1447 976
1509 583
545 1668
1556 157
1020 878
4 758
455 452
203 881
924 237
329 1686
1272 521
1690 84
552 364
741 1347
246 1671
770 794
973 435
499 1095
367 748
740 1314
1051 1039
1121 179
842 1081
595 184
1699 1063
1135 1
125 1638
511 802
841 381
114 24
926 711
1227 1564
1041 163
134 1119
970 318
599 1708
1201 990
843 1107
1722 1252
1634 579
621 524
847 599
1516 380
1310 1058
712 1241
6 1594
864 1324
1369 588
540 1582
666 910
1015 1363
1551 240
784 354
1066 1536
281 444
1026 899
1613 726
1392 1242
1364 1034
355 85
930 1292
401 1583
1355 743
331 330
887 174
1414 915
119 655
1049 1145
880 756
1557 223
1724 458
425 200
1692 185
559 999
1550 911
717 1523
1503 216
659 914
1271 1724
607 88
375 727
1700 224
477 1278
383 584
292 522
1328 355
1408 939
1441 117
659 73
1173 324
704 613
66 782
989 1599
621 860
1633 596
1104 70
1692 1374
607 1517
1317 613
1501 1537
482 1129
686 16
405 1335
1717 1205
548 448
815 1027
306 923
1695 1193
1179 1407
557 556
122 1641
409 1542
1255 88
967 1072
200 280
1661 488
676 895
361 1507
1188 1078
245 1276
165 1670
1453 303
127 1373
1342 299
1655 485
53 945
103 1278
909 522
506 1
398 1162
298 679
5 108
1257 857
549 764
1528 271
901 1615
861 732
757 1132
744 420
1080 694
895 634
1211 681
302 294
925 1410
1232 243
859 1596
1234 1719
1184 1354
681 1099
1185 504
430 1338
218 698
1149 1248
830 138
1365 618
130 1687
1576 1715
1480 797
1647 1415
1463 922
1440 105
47 933
8 982
1564 1409
594 500
1096 1102
894 322
684 817
1691 55
1704 1560
1375 905
1707 1238
1608 1181
1311 1406
1127 1264
261 1313
758 232
565 1539
1000 272
1395 1342
1665 901
573 1370
769 1025
1268 919
370 575
1287 367
968 1578
447 180
228 543
1406 184
319 423
808 84
721 1672
399 193
1115 1700
1040 146
577 407
1702 980
775 1446
83 798
1388 1208
526 64
95 1320
460 791
647 1254
646 474
1130 1625
1516 1605
1357 1258
977 117
1569 870
1189 1160
583 244
1476 570
1071 1108
893 1426
1656 1002
1722 1176
158 400
670 1087
1218 1561
286 489
612 195
532 1696
360 584
1541 1007
1500 1119
1435 376
1533 686
1478 478
322 730
3 868
1358 106
1424 295
1658 1484
482 1170
484 1620
1414 810
1629 397
566 299
662 1422
192 1566
1012 314
1043 1150
1677 1615
1479 740
196 800
896 503
554 1443
464 1467
368 1120
1363 1154
1250 1135
696 282
1675 421
705 260
1461 1454
1677 1274
1529 1166
559 341
983 1240
1678 452
1710 1315
1592 1609
1019 1555
1451 1184
1303 1361
882 1256
1116 1292
1221 397
516 1021
406 1580
175 1658
392 834
1469 675
1178 347
1130 668
1568 386
503 701
100 1150
1444 1326
1179 1140
1047 1420
17 1546
683 909
763 1680
301 210
1723 1511
437 612
62
40 15 11 35 10 45 31 5 57 18 10 30 57 34 24 2 52 33 3 15 6 7 6 25 1 54 19 16 42 50 47 6 20 45 6 1 5 35 12 13 31 1 26 56 34 8 19 48 56 12 4 25 32 28 14 44 25 39 33 23 6 41
