2257
1485 185
1004 256
812 0
1757 279
1304 2250
264 368
964 1213
1063 1905
1623 1017
768 1907
1770 944
575 1620
1167 66
1421 512
976 489
517 220
1882 998
864 547
577 245
1389 1905
891 2153
215 693
1340 1028
1787 1814
2162 973
2080 1978
1749 1023
1702 482
2099 822
182 1735
276 1045
1012 1158
1604 1094
467 677
1302 2106
756 1802
2023 422
2013 611
2198 839
1664 117
248 1083
2024 430
1722 12
2180 2074
596 676
88 1979
1658 600
352 1251
545 1164
520 1968
1982 1127
881 344
39 1804
1669 1274
1627 1291
1689 1297
1926 2212
93 917
927 1252
686 1379
1117 3
1302 94
1307 1934
334 1179
654 445
237 1761
1696 1431
731 416
358 1715
2015 1606
2132 2019
2007 1529
603 862
787 699
19 100
683 87
953 2233
954 1261
1461 1507
176 2165
212 181
1610 345
1392 1527
254 780
913 2167
296 1222
1494 158
1110 1514
116 144
784 1523
354 522
461 38
1089 427
1790 612
484 870
301 660
1383 1668
2075 1471
554 2124
2096 1600
1993 194
826 1554
1349 728
1238 2246
1923 1814
363 1280
1082 633
1174 690
464 1650
2062 1052
1631 850
282 706
487 1474
803 489
1830 2031
1451 1916
1428 1828
1073 1902
1409 1118
1560 1217
2155 912
876 1724
499 471
34 1484
877 148
139 1040
1551 1009
1206 302
1630 2092
811 1007
548 1263
1837 907
1141 1625
2078 252
145 1012
1291 1176
463 1365
1558 697
1288 1045
1426 1095
1672 251
110 1366
1569 62
1101 2228
1411 2
1761 1739
1875 676
1725 1143
91 1797
1887 2011
1406 1013
1454 1725
2068 91
305 1281
111 552
1053 1581
70 1891
653 1140
1046 1573
697 701
1762 58
440 714
834 200
2222 2092
1002 1249
1201 2061
1807 1005
120 746
1066 1532
922 2071
1484 1990
442 385
310 1837
1760 1986
1745 695
704 260
919 1242
1821 1763
1920 1475
2144 457
1352 1311
347 78
2000 2140
2180 2098
675 2144
2013 1054
166 1531
1357 694
668 1179
1055 1928
947 2054
143 1086
265 1718
351 376
1360 492
149 2140
462 239
2254 1128
206 394
204 1913
1903 750
1750 1634
948 2071
1726 2154
770 2100
1088 833
29 1344
2119 543
1661 1879
1158 2149
680 733
1423 979
1255 373
474 1433
1724 264
786 1611
1866 342
1877 1266
2066 565
913 164
1970 1383
1985 1809
583 1296
1660 411
24 2006
687 713
484 1773
563 1203
1048 2238
1784 1664
60 1534
615 2004
1566 1591
901 1541
2195 997
762 1175
2045 1637
1977 692
2236 1654
1146 1546
132 2089
481 1825
83 599
746 2147
262 420
1050 1868
702 1373
1156 872
1540 197
793 542
372 811
2112 483
702 693
456 1681
956 1023
1953 43
1236 156
1381 1182
2175 1240
1929 558
2049 549
64 2215
85 1115
1586 1694
1908 60
2119 409
1757 710
508 1092
1867 240
1546 674
1796 107
289 429
1342 8
1197 951
631 1543
1134 1079
486 1730
890 2055
727 2235
214 67
2186 1037
788 1228
1401 607
2226 1003
1880 1223
1292 1921
1151 2035
1112 637
244 590
1233 753
342 2091
2179 1226
1345 1819
1129 703
62 1760
953 1032
1370 1077
1367 729
480 274
321 2141
1133 1272
277 1088
379 1280
2026 119
741 2136
573 1276
243 776
36 1944
65 2138
1859 4
68 2107
1649 2151
1216 292
1295 1248
685 1930
791 1437
1220 1678
1512 33
2154 1957
853 652
659 1433
1486 367
749 1987
1475 720
294 203
1719 404
259 218
680 270
1740 1183
1863 587
853 1432
1597 915
1237 684
2158 1928
1273 448
932 1644
57 523
792 979
1257 1116
1000 1904
410 1635
1528 1515
1734 1620
591 56
1997 1980
1679 2048
2095 665
1747 1961
2231 2167
1194 1801
925 765
310 995
1562 1595
1466 821
47 2171
1493 954
653 123
278 2147
1021 1517
322 1
2136 1256
46 1888
719 918
1979 1632
1004 2086
73 26
1887 530
1405 901
566 230
1536 1721
1700 863
1833 1771
783 157
295 1430
435 1659
860 1489
421 1385
333 1287
1443 829
1020 943
1854 185
1805 1232
1514 1808
1865 1390
1199 1906
341 61
415 2223
742 1459
1262 2218
287 2011
344 507
1931 2158
410 1359
1736 1429
2020 1707
708 1419
510 539
2130 983
996 599
783 1318
730 1403
1784 1804
1448 1188
1603 1170
1849 1529
1954 1556
198 419
1703 949
663 150
247 600
709 760
1676 252
1609 1771
1378 1819
302 1139
1368 1334
1159 446
1082 196
2211 716
1309 651
712 1938
164 138
2085 337
133 1104
400 2110
1446 326
809 1855
244 1989
2072 2175
1906 884
1307 572
1231 1796
627 1136
905 30
1663 184
320 672
2139 211
1392 803
1288 1832
2151 1997
836 718
2117 1157
1639 678
789 785
353 146
1156 703
605 1686
132 866
802 1184
25 856
528 713
1284 54
128 873
936 1282
1767 1549
1601 1198
1330 1594
5 169
1289 2218
341 1671
1019 1342
1416 1429
1115 2218
595 425
2127 670
1345 278
1752 1711
1950 991
694 698
2150 1682
1794 528
1448 449
314 2129
190 903
461 1048
848 398
1731 1220
82 770
652 838
2210 1155
451 1811
1341 1861
434 1131
1949 280
2251 183
2185 1810
1182 403
1343 1695
627 2247
449 1511
1336 1011
1667 168
764 377
219 1250
1845 492
544 1376
1714 861
545 361
45 800
351 27
1892 303
1852 2014
801 2192
682 1368
1171 1264
460 821
265 918
486 1612
2110 1270
223 1982
1438 412
2060 1407
1274 1010
2197 1621
494 405
2017 1747
776 460
1659 170
2083 78
2252 630
2208 1285
537 502
1936 1987
1191 237
1394 1077
2234 2183
2178 1860
2165 621
1885 1618
891 2059
1422 1657
525 546
1090 169
2215 137
1349 2202
1581 1738
571 211
951 593
606 1545
556 1428
535 2093
1499 1245
1279 2206
1162 450
887 1675
934 421
1939 896
992 975
505 1652
1571 1729
2032 1087
1977 2149
508 661
102 1815
2191 2037
593 1932
1463 906
2152 1621
2027 119
948 238
2085 328
554 2208
897 1936
624 2104
1214 140
960 1748
1866 385
892 1142
910 1100
500 760
2109 1187
1530 439
48 1675
293 458
1692 1236
1520 475
1382 1522
9 2216
167 1305
1060 1852
614 1018
955 1242
1128 1743
270 1651
262 1955
2161 1437
90 1598
386 364
1269 1737
1900 276
104 1756
25 1642
1674 1118
1008 798
604 488
2008 1192
1419 471
2255 757
1505 534
1544 1093
174 1523
2210 1657
316 1909
977 636
1246 1214
639 320
1511 1647
1477 1153
2030 663
1061 1568
1920 2047
1197 674
280 1666
1372 1857
454 2241
1488 1347
692 2010
1539 962
581 2197
1036 1010
2248 1136
392 2125
487 1716
491 1404
1338 1824
1381 1949
1243 2251
800 2172
2230 1380
205 1948
1312 1572
1491 837
1341 700
526 1146
1393 1615
999 2054
1822 657
749 754
568 2111
54 1846
1073 446
1858 794
2216 49
2018 1551
198 168
1351 1629
753 1033
949 1768
589 1933
1705 1670
1786 2143
608 226
412 805
1476 1939
474 433
1503 1706
1520 1711
2205 946
1065 666
1744 572
2212 1070
444 1985
2032 2204
1925 1323
355 44
1736 585
1838 2082
533 2188
1836 609
2072 1056
1074 561
98 716
569 1910
476 879
275 1775
597 1248
488 1806
834 1410
1798 1362
1498 1660
925 59
1416 1781
98 789
366 1962
1063 20
1125 1853
1165 1229
2141 839
889 1057
1310 75
1954 1261
406 804
1472 1268
1399 375
1334 445
1685 1185
2232 87
439 369
456 1795
1543 894
1570 2039
763 649
324 518
1579 1327
628 462
95 942
1951 1369
1177 860
1435 1765
2170 1877
272 2001
1770 970
1414 1260
323 1268
1245 922
878 511
2185 1219
436 556
1577 393
21 402
1888 2118
2106 518
1355 876
1385 756
1445 2207
1960 1772
1580 115
1648 426
574 282
1673 2178
1266 1552
2050 326
104 1974
1908 1151
696 1776
1190 1049
1897 849
1492 1976
1508 1406
1691 1200
1803 1316
1619 690
1762 2243
558 2066
909 1120
1067 818
1559 1029
2043 1453
1848 1826
2255 239
1650 630
1478 739
1990 1235
589 2020
1717 2131
354 124
56 1743
1615 869
84 991
1850 721
1607 159
2087 929
1649 886
268 1054
1397 938
2189 107
2145 1244
152 1116
1903 2231
1821 1160
1960 867
634 47
476 175
601 16
213 996
1512 1467
1946 1753
506 645
551 1774
535 1494
655 1035
305 534
751 1983
303 33
2254 641
677 758
1015 362
1537 1210
2169 397
978 990
178 423
1094 1751
101 2053
345 1111
620 2159
1170 1917
1473 1482
141 722
869 1798
791 199
1608 2061
1626 195
1289 2113
1364 1940
222 356
2156 1509
1285 1788
2042 1469
841 1748
2169 369
1911 188
121 279
1816 213
1325 1726
607 134
1030 1536
1566 685
1883 1241
683 1793
852 22
1022 1863
795 1624
633 717
989 1548
1096 1361
2253 2204
229 1526
2135 1046
1617 1732
161 1872
387 1965
1441 2021
457 835
1286 2194
2242 160
1234 2173
1758 1237
311 1468
420 175
1648 1252
2076 72
1005 1744
612 1817
1224 565
1873 625
861 2128
579 1186
229 1545
1655 1080
1503 1400
1557 1641
177 187
402 2219
1296 1154
55 1789
1454 470
465 1802
2044 200
1794 2206
1780 691
759 553
1039 141
1068 1015
1769 2114
1713 1267
1547 1311
2070 863
1803 1644
1497 1108
982 897
1935 1464
781 1980
2168 1918
1354 1722
2113 1005
1963 2065
59 193
1607 116
2190 1230
1584 1052
1329 2223
372 1483
1460 1504
1855 1506
708 1914
673 1874
536 366
1557 1734
2055 1647
209 1610
1255 728
2033 1924
617 1677
2194 1672
173 1720
1624 2203
2125 2122
2123 848
177 41
1913 2181
215 1716
1113 1273
873 2035
582 1842
1102 1003
1528 1346
274 2198
1449 844
740 825
989 1440
1998 35
499 1984
80 721
1694 1105
1583 1561
602 1122
1083 1188
530 920
1505 496
2177 1932
787 312
1212 998
91 965
115 335
395 1746
2214 1254
531 919
1653 1869
501 643
418 594
740 2157
1527 407
1387 2209
2217 1044
370 2026
504 1869
322 1439
1813 331
472 1436
1024 1119
1162 183
2200 473
233 1278
465 46
2163 927
574 396
1745 698
1306 1402
246 2105
2160 190
108 1965
724 584
246 928
1500 2137
1324 1522
1425 1143
1326 1677
923 1229
959 1547
1204 1185
299 650
1575 1697
1616 2033
1513 1099
1057 478
794 1445
497 522
1915 1178
2237 1602
804 602
1935 497
972 350
797 1552
73 28
1298 557
93 1483
1198 329
334 203
1122 72
1173 669
782 1845
820 1062
711 1731
1559 1774
1901 1400
2171 135
2195 1534
1293 1643
790 910
1468 1473
840 972
178 1507
1878 148
1386 1093
975 678
1611 850
1402 365
245 55
1733 37
1656 1721
112 1669
950 1016
368 2199
1153 706
1946 722
121 610
2124 637
23 1493
682 1160
779 81
1893 911
1945 235
228 664
1398 2023
1358 503
1709 1256
2057 2148
182 2079
2057 2041
1050 517
20 144
1976 729
2095 1209
893 1277
2123 1337
368 1411
76 1718
1269 1112
1799 1173
220 2064
1854 1706
2148 210
733 1937
1367 2244
415 339
1709 1013
289 1029
704 1031
250 222
1034 2027
966 1148
1619 732
1243 1741
2190 327
1553 1861
1618 842
1695 1690
796 1299
2225 745
4 478
1026 598
437 963
650 109
311 154
1145 542
1502 131
805 1115
1613 575
292 984
479 374
1125 2242
767 69
1039 2022
723 524
529 188
138 2246
1956 506
1314 1961
646 799
825 828
857 424
363 1183
1791 1480
1295 383
86 526
564 1517
672 1732
562 631
1900 2240
1532 2155
1485 1693
1767 49
788 1829
1087 11
52 1434
1374 1239
2016 905
1944 466
273 1926
644 1098
734 621
1030 1258
777 1524
1500 540
1199 217
361 1090
1393 1998
500 1525
498 1628
771 2251
1588 89
1981 855
1733 1812
75 1584
1719 340
201 1370
2040 588
696 290
1120 1542
1150 2224
440 884
2245 1140
80 71
1799 1113
483 813
1569 221
812 1091
1018 1432
638 297
1975 258
810 1915
2001 1656
1109 431
284 1995
1363 2021
1959 2084
748 1714
1579 77
1506 1809
1883 952
590 1640
1654 2050
11 1322
2248 549
1 433
1305 2164
1479 830
1276 648
1575 414
1078 254
1589 1438
765 790
285 720
832 1805
1108 750
2130 362
1596 724
2126 392
1206 747
946 240
2046 36
2191 151
1071 655
2101 958
1165 1075
357 2068
795 586
390 1609
632 113
806 1531
2008 113
2069 8
1947 636
532 226
1219 814
307 744
980 540
1337 1766
1594 2094
1573 356
2168 243
1315 1130
1097 2202
1879 266
1321 926
1174 1512
2099 520
434 27
670 1832
2253 1332
123 37
1884 381
9 349
238 470
432 154
167 1568
1652 201
277 1753
1549 33
63 509
1380 295
738 1399
1155 1616
890 888
1377 388
230 1081
241 2219
1687 940
928 981
490 1283
315 1103
1453 139
1434 1681
2209 110
502 1912
1390 935
1226 837
260 1161
570 1159
1227 151
1496 94
397 1482
1487 1312
1201 2004
2115 929
2116 2002
1208 1225
747 423
1592 971
1178 1154
1874 1598
1369 406
906 1967
1184 616
1100 1195
284 1209
124 619
1362 671
413 1955
1413 146
1792 469
383 192
2252 1062
689 152
1599 691
1059 16
1800 1059
1963 879
987 675
1478 1727
973 221
717 1592
382 1556
1447 1436
957 96
1145 424
2256 1687
438 2034
1640 1671
735 330
2227 689
1001 493
120 1580
348 31
84 1275
931 1898
1705 547
126 868
872 984
1470 2100
856 1800
1452 1263
1605 1896
1121 1899
1301 1353
1216 24
1688 2046
1785 2187
559 1462
2183 796
921 601
647 799
967 2002
1207 1303
53 1966
1574 1535
31 1632
598 441
2179 1282
937 1689
537 778
250 715
987 206
1471 2193
388 1830
1988 907
726 695
1110 618
1350 0
737 743
1639 1271
640 2111
318 136
1290 2229
859 957
338 1265
1739 373
234 1501
1401 1040
916 711
1418 1914
1253 1907
2188 507
1969 467
1189 643
1809 1783
1480 748
371 1510
1032 635
622 1506
2238 1049
85 1042
443 89
939 1212
1524 842
809 1189
1670 580
1304 1901
1925 2062
1948 819
1267 1662
669 30
61 745
1474 403
1895 1051
2041 1971
1289 792
866 105
1891 718
939 269
1388 90
1172 1135
1444 1091
2129 1502
1461 904
521 393
304 2067
2036 1933
1564 71
495 1456
712 1138
2069 1894
2170 459
290 2097
17 1064
384 772
912 2105
1025 815
1111 103
2131 1818
1737 1333
1864 306
1937 2217
943 22
2164 1131
988 1187
642 172
153 1355
1881 1476
734 394
13 709
1181 1076
1995 935
871 539
422 1081
13 1588
501 1114
1384 832
1235 880
2101 1047
914 1150
1147 1822
1481 1103
752 1133
1191 889
1991 662
327 7
1850 1626
1941 1265
1829 6
2064 404
1460 1218
1827 937
81 1211
894 2079
1847 142
778 2229
2146 596
604 1426
490 1119
172 19
1058 2042
1973 1665
1186 967
1841 878
1147 2200
447 1591
376 1867
2047 2174
2107 1290
2108 511
1868 325
813 1679
171 231
494 843
626 1668
1196 1605
2081 647
1871 233
2120 291
166 355
966 710
1446 1521
313 1470
2205 755
819 1123
1204 727
204 882
2037 1841
1169 1339
559 1751
347 1729
2222 1373
288 1853
32 1469
6 1971
1839 15
99 1121
1884 1064
1420 578
330 335
1227 2003
1516 2181
1377 391
1712 1691
1340 1135
2009 2184
224 125
1896 325
1846 1270
42 1812
1818 955
343 840
1521 1727
74 1851
2121 1331
1129 2226
2056 118
1157 908
658 2227
1142 1009
1137 308
625 613
548 594
1764 642
1168 854
236 1612
2038 831
1698 1700
1085 893
1526 1303
2256 125
1646 1417
1425 1472
1578 2088
1862 1455
103 266
1707 1843
926 606
1427 1563
1286 1079
147 2232
1658 1300
5 315
2181 2213
822 2145
1587 767
1975 1281
1384 641
117 2127
1996 1293
1025 74
1730 205
1107 1555
527 1457
855 509
583 431
1848 513
18 1467
1014 2196
2220 411
1262 1831
1828 63
1314 1823
1902 209
1544 2109
2 493
1815 924
527 560
1361 688
79 1208
359 1595
608 896
118 550
498 371
1797 2153
814 1239
1259 1590
191 563
823 976
309 350
1892 1026
1923 1442
773 179
1403 1201
2076 171
149 298
1329 2156
2239 1638
1696 1865
766 1008
1959 1076
2122 1886
318 1561
588 2203
1911 1792
990 638
272 1330
843 2247
510 482
2073 1515
1044 1024
874 1347
2061 115
1922 337
628 870
1068 158
1415 585
2049 1510
810 1972
129 258
382 609
622 1827
2189 475
1327 253
1985 312
662 1773
1456 1972
885 1043
349 538
1357 269
798 255
1797 772
623 1516
1247 1144
1051 1069
1495 2005
2132 1637
122 51
1996 2120
163 1715
865 1350
1127 1554
1504 1070
2015 986
2243 1600
1951 18
387 824
1195 160
1233 2182
416 374
1069 1983
395 324
1593 741
1585 1791
407 1223
1898 1441
1617 1021
58 352
2036 551
1548 610
114 742
405 378
952 616
2083 170
1308 1253
1463 1927
2039 1857
1820 759
1343 377
2207 771
2201 684
2159 622
1991 2029
1450 224
319 130
255 1177
417 619
2211 2196
180 700
557 2116
1759 1037
2024 1613
2186 1371
1240 2248
313 1862
1193 584
1779 438
1279 1590
199 974
1713 1708
1020 1318
726 2052
455 314
1645 1317
444 41
1309 288
428 1016
191 807
70 2058
1811 892
106 477
1973 1785
2118 448
1701 1275
134 1582
1586 129
34 964
2031 189
1353 579
730 1601
1719 646
67 2090
1455 1490
687 256
496 978
358 26
603 1099
53 212
769 271
1412 1109
468 1969
1424 173
1035 1956
2080 1243
1766 1163
523 1623
999 933
1427 2078
396 578
1909 1287
1225 2103
1382 1513
413 1984
51 32
2028 353
658 885
1339 1885
936 1130
2114 1106
1942 1310
1363 145
961 10
400 992
644 1180
127 236
560 137
1053 1006
849 875
1332 1071
1038 2093
1386 1161
1989 1033
1301 1614
651 1132
1313 17
1180 155
48 1060
1856 441
2173 858
1765 321
1354 370
1086 1943
705 271
1034 881
1986 1636
307 1396
629 126
514 1495
576 7
194 391
1570 1585
2010 1404
418 898
1168 944
1895 23
1934 909
1418 281
1101 217
2175 384
904 1897
259 827
1421 1583
427 1244
1735 1645
463 1992
807 735
227 1692
186 1744
1203 1098
77 2065
2245 1890
1084 597
455 2081
1957 414
1328 1564
1834 1066
1408 1424
1241 273
626 1000
1042 408
902 287
1759 1297
2126 546
886 417
1741 1174
1880 2143
1231 673
1789 263
447 2102
1776 1558
801 1886
2025 1699
2159 1580
2088 1780
2146 766
1756 532
1518 561
764 1277
231 2034
1374 1964
35 428
899 1676
155 958
1389 1754
2089 360
1630 761
296 841
68 1572
339 1824
1415 763
332 346
1813 323
2081 2199
743 1642
950 1371
793 210
128 567
665 2233
635 1375
614 1413
2018 1927
815 828
2172 963
830 1464
1589 1027
1107 1065
1230 744
1092 1704
1011 595
1210 338
2043 2199
1439 705
592 1458
1338 1890
88 657
1826 234
380 1346
846 521
1409 931
1693 1633
2237 143
2052 2007
1680 1271
1319 2090
1152 1633
1728 2134
1950 505
106 39
769 398
645 1790
1795 1778
399 504
2121 1597
1078 1176
1603 44
1808 903
1105 1834
1833 864
1246 833
2038 862
95 1465
65 1629
1061 1038
495 1047
1541 2249
1006 469
251 515
2142 1117
974 466
2160 1574
845 960
519 1646
1930 1567
1027 1763
985 1499
902 956
1775 1486
316 1166
2073 225
777 1831
857 971
1498 1871
1578 1358
2063 263
1673 1002
969 945
1807 1538
699 569
156 1555
329 480
485 1666
458 1365
851 1190
45 715
1348 235
1856 429
189 865
1858 1723
1662 859
2133 1919
275 28
2048 1259
914 1560
1137 2201
874 1138
1171 755
1152 57
86 2084
1755 2000
1684 736
1430 1943
1872 257
452 938
454 915
1550 660
541 1801
1682 1843
1509 871
895 1423
1641 346
452 1394
1056 477
2128 64
2182 2103
816 550
2176 1816
157 1702
668 242
1938 127
1196 2097
1395 184
92 1752
844 1104
2138 1084
1606 970
293 379
1614 2250
1533 1678
988 515
1014 1028
1072 1344
1379 838
436 529
1817 219
1823 994
568 202
1232 1041
1218 2152
450 934
586 1375
360 2022
193 1685
147 1166
808 432
1873 317
1940 1411
1194 883
835 1576
1331 1847
1325 656
21 1820
940 102
207 298
758 1758
283 573
2214 291
1149 592
719 2098
997 1844
1565 43
681 2230
797 1881
359 343
932 218
1717 1870
1622 723
165 1096
1323 1952
1608 1519
1788 2016
228 135
2025 977
867 1993
2104 817
208 1335
52 761
924 994
109 732
806 294
1542 76
618 306
2240 1992
389 898
1321 831
73 340
1372 1859
1683 961
1582 1075
1356 1163
1217 1539
1875 1769
40 1294
2063 1921
1838 1405
261 995
304 1576
786 180
1577 1941
1205 965
2236 1981
707 2162
14 333
1348 223
1893 442
1680 1333
1562 130
993 357
1451 1257
1043 1710
808 1967
1366 611
1213 1966
2213 2068
1836 1755
267 1447
1710 875
29 982
1864 779
882 736
868 261
820 1336
1931 847
1699 2077
829 140
1587 538
543 2235
774 1825
300 1712
2009 1292
591 1635
1889 567
1250 1918
1466 2174
1192 1899
153 249
459 1994
159 336
1175 824
615 309
1945 1538
281 1628
12 1148
1408 319
1565 481
2075 887
846 1686
852 108
2053 1663
2234 105
367 725
197 1319
686 785
1704 2134
1519 1690
836 2096
1876 2012
549 1767
2082 1335
1298 2187
437 2176
99 1391
1922 639
1410 2228
1738 1364
1356 297
920 1359
2077 1072
1772 216
1001 485
2019 980
1114 1876
2225 1247
453 1916
111 1924
930 1487
933 2108
571 1320
1781 562
2166 1793
752 580
1224 1835
2094 1683
2239 1742
1149 1391
464 1412
381 1139
1181 2030
986 1222
1999 613
165 1249
133 176
624 782
775 1720
895 202
435 1688
664 181
241 1322
2142 267
1698 1501
2051 1031
1489 50
947 667
1202 1462
587 1126
232 247
1422 2040
1703 249
162 577
1215 2137
161 725
285 1651
2086 1234
941 451
401 1228
2 312
555 2067
701 453
389 654
2056 941
1055 1571
2004 1849
1164 1397
1839 1488
380 2017
2139 1518
774 3
1806 66
1294 1929
2014 299
196 1786
216 513
1452 768
336 1529
82 163
985 97
1684 195
1420 2060
473 880
1530 688
1395 605
1835 1414
514 516
208 1894
2193 1238
775 38
1783 472
1962 409
408 757
911 679
519 1636
1017 242
375 1840
762 1272
1313 1942
2087 959
544 681
1958 1449
1260 268
737 1563
283 1215
443 2221
1953 1912
1777 942
826 1167
1465 827
773 69
1701 1787
1917 2163
174 2058
1728 1661
1779 1782
479 917
332 2192
1074 640
2045 802
1317 1211
1567 1284
186 900
1254 2115
656 784
1593 2166
300 2029
1351 566
1665 1443
136 1378
1124 50
2221 286
564 659
845 1172
1988 1999
2184 2224
1655 83
1638 2117
1643 1602
1723 1477
1491 100
1496 348
581 1525
582 1459
1625 364
1994 1970
1764 1622
969 781
2003 1968
10 923
1741 714
1844 945
286 1754
818 1141
96 962
1431 629
1442 1200
2070 1106
2112 930
1417 2249
1376 187
97 1134
1283 1537
378 1750
1878 1328
1251 1497
1746 1492
1207 1674
968 401
1974 301
1123 899
2044 2028
1604 79
888 541
248 1089
1870 390
1258 1599
1910 570
1205 1202
2161 1851
1041 399
771 336
883 1964
1144 649
1398 908
738 816
1457 1648
858 780
2102 430
754 1749
2012 555
533 1067
536 623
1308 667
1947 192
1058 150
1126 1095
1742 993
2241 101
1097 1840
412 1450
232 617
731 1667
1768 921
331 2091
620 142
14 739
707 308
916 317
1533 365
2074 92
42 179
1407 122
1450 40
1300 225
1193 772
1019 817
1697 1458
28 900
214 512
257 1708
1958 847
1842 823
1440 1388
1952 1316
1306 1540
1036 227
877 1904
1627 1278
634 2133
386 1315
503 207
851 468
1740 968
1132 1631
516 671
114 576
125 927
648 419
1169 2135
666 661
679 2005
1085 328
1102 2177
131 491
1435 1124
2059 983
1221 2006
1778 2244
1479 162
47
73 68 26 18 65 45 29 15 21 73 63 12 66 39 52 42 48 68 36 30 58 59 67 74 72 36 63 56 66 13 63 51 69 2 49 60 16 20 65 26 9 73 4 30 58 66 42
