1182
1137 1170
912 367
94 1123
321 530
104 267
669 312
22 691
361 570
1021 1132
989 1157
193 7
762 986
511 53
356 1004
213 54
31 361
602 769
935 307
227 484
365 1154
1146 988
258 87
311 79
506 554
1019 741
351 713
394 570
1031 1046
704 490
882 867
432 821
920 129
522 920
1011 49
712 961
44 170
445 1074
169 203
50 519
937 503
496 754
779 655
260 390
640 706
680 868
25 514
143 386
216 25
147 872
745 1180
1113 623
29 327
1074 853
411 1173
958 380
45 145
455 538
1099 32
257 400
228 14
102 1171
375 664
1113 588
784 282
26 297
647 946
179 984
895 542
1175 95
925 887
600 211
28 700
535 854
78 194
119 460
813 480
639 317
689 964
139 701
632 303
359 1173
569 943
300 1082
260 539
263 811
159 860
222 1097
452 80
1156 4
38 1124
874 502
471 1072
937 881
69 838
1090 660
900 275
770 354
818 891
417 664
1058 637
728 451
849 871
189 1169
53 300
167 1006
341 1103
112 537
393 1077
185 1127
135 1080
815 318
642 371
486 1168
168 444
15 1137
808 1110
867 571
0 657
653 907
755 316
846 211
1130 991
883 1161
43 736
412 190
1161 481
281 1129
20 498
391 305
397 525
965 590
262 313
621 47
107 448
861 17
916 841
1138 835
1126 956
842 524
1152 196
571 727
601 23
515 478
684 291
1098 906
493 472
369 329
640 246
948 553
975 854
1017 0
757 565
98 828
1128 936
636 760
665 76
271 59
578 389
793 62
918 1024
1021 527
605 952
63 996
1133 110
579 689
94 217
718 994
770 798
281 1099
398 556
863 153
655 806
598 1034
579 139
816 134
288 983
1117 1061
935 630
419 438
876 26
1052 1139
795 1181
646 99
466 207
546 889
955 490
853 448
591 268
583 103
646 505
298 151
46 1054
1058 727
979 415
1051 1090
968 210
938 652
879 1046
1079 235
1084 1043
335 535
338 957
548 1047
683 529
428 970
730 123
33 85
779 370
365 1000
404 478
712 321
402 722
738 710
577 200
241 875
91 345
786 496
1166 2
629 964
840 722
1124 163
171 465
623 635
856 369
294 908
575 796
102 279
347 1141
292 401
348 582
350 266
1150 242
237 455
54 435
505 215
457 1053
1063 1146
161 617
563 1164
773 622
844 573
221 836
776 1033
815 699
610 425
1143 47
736 103
533 796
1055 740
106 442
306 1115
599 239
528 648
1022 374
320 856
1162 237
933 838
1171 904
199 919
751 113
694 1078
1119 158
991 162
864 742
860 140
128 654
18 121
185 344
1012 63
1003 124
868 953
293 309
1056 564
499 1048
718 60
453 763
41 81
870 65
687 558
873 942
1071 382
24 671
350 437
431 1030
596 356
564 716
817 249
1031 439
182 109
165 694
931 117
612 414
35 245
747 441
883 334
313 280
1029 179
78 1060
21 142
1035 866
700 1107
777 922
143 576
161 778
662 285
520 1103
1070 132
585 897
649 19
903 902
1102 120
657 131
378 1056
954 678
799 177
463 1130
292 898
1007 245
1144 1024
166 903
682 220
1035 988
8 118
394 858
495 463
721 852
967 830
688 337
791 878
218 1094
687 96
98 534
1037 717
603 537
386 826
1020 951
572 642
485 1160
1011 834
759 8
73 866
111 493
241 679
809 547
468 70
641 51
190 409
294 1135
515 423
349 711
332 110
500 767
317 130
969 531
862 174
917 413
1106 475
296 906
378 822
1027 413
528 287
369 732
84 581
510 302
740 610
21 1008
156 1134
859 784
1010 345
890 687
634 229
465 574
706 119
304 1166
153 768
1026 1066
178 69
118 619
667 523
314 107
64 216
100 576
422 743
417 397
956 467
252 1169
187 893
109 484
370 944
1075 66
801 223
742 551
925 630
1038 794
1167 734
606 527
214 172
130 702
163 222
146 405
614 549
613 479
1015 720
83 443
754 2
22 639
614 173
126 357
980 225
363 325
202 989
621 552
138 1105
1061 802
884 1048
319 797
625 447
122 765
226 234
837 899
977 233
402 694
626 405
603 1073
993 337
270 848
349 753
692 684
1126 1001
1023 845
320 162
372 977
686 247
540 28
886 878
822 65
674 220
685 302
486 41
279 80
433 1155
521 55
930 773
40 540
667 625
653 1028
658 473
834 68
1160 563
137 945
1067 675
508 274
266 520
803 87
12 436
1176 826
387 371
489 97
194 898
251 157
921 969
67 894
1108 924
176 1089
692 788
897 813
752 434
144 548
943 735
746 267
1089 429
545 596
521 288
40 447
1093 970
616 1083
44 52
677 1136
971 284
791 450
1155 1117
995 648
366 1016
125 919
392 470
580 517
101 670
1172 978
150 265
583 236
1041 872
810 997
1123 790
173 592
240 438
221 494
716 886
789 810
93 303
77 306
636 981
877 400
73 781
430 1140
732 702
184 156
149 488
1060 295
246 612
660 930
1078 26
120 670
113 1114
734 912
188 385
662 353
722 910
855 987
574 214
588 595
253 843
962 888
616 117
416 814
141 90
666 682
553 164
432 710
600 651
1149 870
889 111
481 1067
1029 966
11 633
917 961
1030 1111
626 708
536 276
78 436
338 905
726 37
1002 427
360 27
1084 1159
1106 871
794 1053
941 322
771 586
530 1159
362 671
18 43
840 748
323 441
1138 10
372 1112
926 36
1069 1002
7 656
901 990
393 136
251 70
594 635
1170 1120
1069 585
104 483
177 931
1036 764
276 666
844 929
938 644
228 954
1100 790
842 358
287 137
593 205
800 196
387 705
1121 1106
474 309
529 301
368 707
771 340
875 605
901 140
183 819
629 252
690 978
195 882
154 1167
1000 58
234 1020
853 1153
76 927
659 950
1064 531
833 460
250 342
128 697
1066 1016
1096 132
765 708
105 723
402 539
783 981
1162 290
693 238
425 1065
541 1095
839 637
724 134
681 663
319 916
322 627
911 170
717 476
509 55
82 244
48 804
1101 615
695 913
203 186
887 278
108 1101
458 719
1088 959
592 749
284 957
89 1174
426 884
865 1119
20 1115
1087 581
1041 593
382 200
193 977
927 942
892 894
212 923
508 485
753 821
395 1092
264 914
126 101
643 225
129 146
808 218
678 900
918 310
807 442
803 567
116 650
594 1121
806 431
560 556
395 1052
1118 819
774 696
159 1133
936 769
461 5
975 831
6 517
1050 122
330 92
1145 608
647 986
7 896
1142 766
175 782
364 800
60 673
15 565
589 467
11 880
293 904
797 1059
995 915
389 584
127 84
145 379
703 376
701 968
597 13
940 758
312 587
668 232
1010 1013
827 157
477 522
136 835
688 1019
17 81
368 248
518 1134
1148 1177
93 597
841 1014
1079 825
166 851
243 323
403 690
519 1131
171 761
24 92
766 154
812 802
358 379
326 768
359 1028
781 507
1049 1044
1149 510
1136 672
714 618
923 729
566 913
514 830
271 939
709 1092
1017 72
1114 446
258 544
204 871
436 450
339 178
283 381
155 604
297 133
14 513
95 737
1150 1036
298 804
421 582
757 852
200 83
685 1073
721 823
419 352
164 1003
669 42
1 786
738 34
1127 193
148 150
48 1165
502 755
388 36
947 411
408 19
566 890
144 555
219 424
677 10
318 518
148 780
650 410
750 1063
507 1086
730 611
86 74
340 675
254 210
809 108
1072 289
767 1100
332 787
336 50
799 198
51 756
857 750
396 89
468 501
724 762
1071 728
562 776
16 1147
380 263
748 459
74 950
955 1055
704 1045
454 175
479 375
377 273
652 825
929 711
949 176
172 239
1051 905
182 1044
1131 354
357 862
458 106
236 1135
388 1076
1097 686
248 550
330 857
259 908
409 602
476 1040
261 760
643 286
979 892
696 789
855 208
1085 641
301 551
1178 509
934 348
663 1121
1077 591
169 544
191 466
383 152
696 451
86 56
88 839
952 264
503 308
439 407
719 310
341 612
285 57
255 1062
777 985
454 277
1177 960
501 1093
932 34
96 362
159 483
1007 829
495 77
560 384
324 705
410 342
1085 792
1125 1091
412 549
1005 607
865 399
902 649
801 689
1081 1128
433 1122
856 998
311 644
12 654
331 661
1181 731
209 274
992 114
224 443
6 226
1062 115
256 133
949 253
1070 633
1158 335
406 277
879 1102
424 336
620 401
818 945
885 1096
946 557
959 353
877 735
782 1057
976 943
577 1163
174 188
728 127
449 334
859 1140
547 39
27 861
661 1091
381 71
536 577
1139 805
761 233
1045 926
1178 384
656 927
149 112
1120 1001
681 223
462 492
725 333
201 873
645 1180
737 56
1112 278
654 180
617 123
963 1033
426 376
247 914
624 282
199 604
464 763
32 326
869 1015
138 1109
1157 921
512 491
638 328
609 99
1023 124
181 79
429 622
876 404
215 1071
880 627
673 1027
116 45
587 697
428 561
793 434
195 299
186 998
1105 896
295 715
75 377
720 49
992 850
115 681
1142 850
1009 758
817 1172
1032 772
347 471
181 206
316 811
732 30
848 151
727 381
499 280
543 1132
590 494
596 1058
778 452
238 580
155 915
665 68
9 230
457 982
31 620
352 792
999 131
1025 907
230 5
344 542
964 756
37 272
333 1086
901 297
232 1148
448 516
346 257
346 598
747 676
1164 546
408 619
1082 1037
676 1163
38 814
847 125
645 227
1009 543
1125 562
1042 480
1039 449
731 46
212 97
327 558
976 418
290 849
1158 235
470 837
713 1004
820 373
416 1057
764 1013
679 475
893 695
990 504
558 180
135 275
90 472
489 787
658 922
57 958
739 430
980 982
192 561
142 183
532 698
557 385
1014 152
1 987
254 672
3 843
569 194
541 948
343 305
1122 693
451 823
91 746
52 437
997 231
939 932
315 788
440 933
105 836
845 4
846 249
739 1059
351 1064
533 75
940 360
895 554
1080 966
780 488
82 601
703 881
420 160
12 772
618 1094
464 891
474 869
1153 1174
1095 524
197 307
399 114
1145 1111
674 1144
798 304
698 58
885 1022
283 1076
807 1147
482 1108
572 824
1088 147
709 1050
723 1152
504 325
445 899
994 268
373 1129
374 42
511 559
831 888
1151 71
1054 863
851 707
29 469
1110 1116
1098 67
832 928
1068 595
191 23
39 459
1018 847
829 567
729 683
1006 423
538 749
497 213
64 568
418 973
331 1040
1156 204
983 785
140 631
240 824
88 628
1034 699
372 998
469 1107
810 632
392 339
61 506
35 9
1154 1025
1008 1078
270 744
928 532
1005 208
299 121
953 534
420 497
962 526
59 1118
971 487
13 1026
805 427
33 631
613 390
759 462
523 272
1165 611
775 890
314 205
396 606
1179 158
874 1083
16 559
1080 1074
187 72
743 444
909 1141
482 1042
526 269
219 1038
204 246
960 974
209 231
500 1018
1104 816
972 363
615 289
984 550
391 725
832 911
941 456
512 924
1109 398
1065 3
634 168
715 286
85 383
909 415
315 607
828 498
1179 795
66 259
192 1168
207 944
446 714
568 1087
71 976
668 261
492 244
1039 967
324 403
477 1151
355 366
741 223
733 974
536 629
201 1175
997 910
555 343
1004 942
702 107
456 552
812 525
545 364
733 589
217 224
1049 680
820 993
229 833
1081 273
858 62
414 135
329 269
296 584
407 242
638 774
586 435
726 1176
1116 141
864 934
1012 965
744 985
609 308
61
11 26 21 23 2 25 38 13 14 2 31 33 18 4 15 9 10 37 15 8 9 8 16 26 21 1 5 27 1 31 11 38 7 26 11 22 25 23 7 3 35 31 26 3 33 6 29 18 28 26 3 10 26 26 26 1 21 7 2 5 18
