1541
1490 861
517 858
1166 759
567 1511
482 1505
334 53
762 505
1455 1146
919 495
404 1523
1326 589
1354 164
1316 891
825 1232
997 674
1215 335
493 1109
1368 1038
288 932
921 1336
1375 911
740 514
938 102
382 1491
1223 417
470 175
896 1326
1484 465
169 70
247 1533
432 972
220 727
210 1254
743 538
1434 5
834 1401
57 690
811 1521
1298 803
894 722
1269 785
154 1433
971 1290
1370 1171
408 544
872 1024
647 948
599 713
1285 237
782 1073
961 1135
1347 56
1358 951
781 821
1248 1379
566 751
575 1175
1196 1493
1445 1109
964 134
770 226
1494 1012
1091 228
775 78
1275 658
798 813
854 599
1128 878
1481 1344
9 1346
36 650
560 328
1020 426
911 925
731 1531
247 182
1472 238
481 1482
454 58
1159 829
692 114
840 33
733 720
322 1327
659 261
1337 1101
713 1425
1398 135
510 242
524 1155
1504 1259
728 899
592 1405
613 847
627 1224
1140 1234
438 1336
814 1303
1360 315
608 649
490 279
1127 941
1416 222
799 1169
350 1437
437 1418
737 250
259 1279
1372 1328
233 1036
921 491
198 1485
1405 48
1514 678
714 1485
1089 1173
712 865
1169 534
18 950
462 630
1013 1075
351 125
902 124
1065 56
473 219
1304 216
1383 1077
780 1278
111 1497
586 1495
1402 363
57 669
967 469
1026 990
385 109
1079 28
434 709
365 958
662 741
1333 286
3 294
10 1330
239 741
546 1395
67 1005
391 64
126 472
659 384
112 687
1138 1347
1179 133
461 1127
871 797
260 1080
1389 1014
987 1143
744 146
1513 252
1205 1262
381 924
371 1398
1059 1074
134 1361
1056 1008
1350 403
1119 130
308 1465
457 398
524 954
779 1055
1314 223
1457 1304
1396 808
107 396
291 1396
584 72
361 870
555 14
533 1444
262 761
206 1403
1413 1492
1340 860
933 626
381 420
725 1530
892 1258
1365 586
1256 1236
1106 528
32 688
1264 962
1289 842
954 1122
552 323
1461 1021
1442 1053
1364 656
490 1047
1067 1128
1013 829
618 1113
1463 1332
1180 444
585 1235
1043 648
290 207
75 707
368 1525
1460 131
944 223
81 989
162 850
562 934
530 996
1356 68
1432 1177
15 1319
811 1386
60 1291
84 1406
1035 1352
319 959
979 1312
1444 552
681 85
47 1025
374 661
46 196
1057 1359
851 758
87 204
791 185
350 352
545 285
113 575
408 704
936 609
1145 545
1272 47
1536 300
1214 680
685 44
698 1087
0 1131
667 1288
603 942
30 919
1483 282
91 1068
194 564
1165 610
1478 511
1412 1112
816 716
81 1010
1229 281
275 1199
766 1357
680 118
1409 393
765 1247
985 1215
1416 79
1435 352
481 1300
395 472
1111 584
1083 654
1201 1204
1254 890
122 1476
735 999
645 1187
241 1174
1266 276
1193 349
1210 51
341 1539
1289 154
532 188
860 224
1480 86
912 1049
1116 913
429 689
1105 1384
941 1374
1287 706
601 245
1532 1250
1243 1400
690 581
802 902
120 309
712 318
418 598
956 255
1136 1313
471 414
516 1466
824 1194
1248 412
769 1095
698 1168
783 13
59 995
1387 401
451 321
172 818
489 1471
464 173
85 546
1492 1295
483 1339
179 732
236 1038
31 591
68 1460
94 1525
217 879
1208 621
97 878
1157 668
701 96
89 106
1085 41
312 71
1250 1450
148 988
190 804
951 392
499 518
1017 190
806 316
455 1447
1511 1081
1103 458
1082 1424
427 1459
1061 1037
1477 1406
583 686
123 456
1448 451
241 1029
78 1473
437 1458
172 752
1292 1333
652 147
1360 1189
1243 220
1408 1498
1138 1432
498 736
139 745
1537 737
912 183
822 296
1272 581
1504 1392
815 256
574 1019
27 721
167 309
1472 295
699 952
506 616
666 1012
1274 1380
974 1334
1497 905
1529 1357
258 343
1486 950
887 1536
184 503
198 1208
614 157
178 126
244 1095
778 1003
1474 535
1063 643
597 463
1359 916
965 444
174 1312
4 726
891 653
145 856
526 353
284 280
1134 623
984 945
804 855
1361 1249
1324 650
275 683
1252 657
100 562
1115 1518
556 289
372 748
957 105
1464 1458
148 329
711 859
874 1508
363 906
482 1327
477 1023
1411 739
1440 772
421 512
773 827
1058 930
976 1482
686 137
1390 629
1151 1001
291 375
690 450
1014 1527
493 313
250 1323
1474 305
1388 45
303 1094
777 906
1276 525
719 641
1318 1500
402 416
1365 533
234 1508
612 286
479 226
259 993
321 767
122 861
1298 910
1439 1184
870 405
826 249
453 968
295 537
76 1237
171 485
625 886
1129 1159
789 417
486 138
1468 1002
1484 823
139 1317
1166 619
1437 339
651 579
868 810
858 1479
1533 212
1073 1121
873 1147
1123 211
442 1219
572 743
696 1461
597 1034
377 233
189 1489
161 24
115 271
1108 274
246 1282
682 416
766 498
136 635
407 40
1059 1372
812 521
528 1488
1079 1271
831 1365
1139 1395
821 215
1524 1176
1348 440
1367 418
506 914
516 299
731 536
549 355
640 1247
1220 1294
563 1064
34 530
1180 101
660 918
396 1135
917 378
287 887
1149 425
34 1042
468 460
812 492
71 633
931 491
1534 272
682 984
1132 197
251 1397
338 869
1354 267
1356 871
400 1300
1076 1216
1041 734
778 504
400 72
447 229
862 626
1150 1117
1287 645
157 1072
1153 749
11 123
1033 855
333 1055
447 494
1191 1177
156 1351
1086 269
706 1154
665 651
296 340
390 423
1449 1152
1309 605
58 693
289 1203
1430 1275
264 1133
14 1502
410 846
1521 938
1184 703
882 91
1088 1393
274 644
167 519
318 357
329 571
510 1077
1430 1346
717 299
2 652
800 888
37 1338
1517 1442
467 835
1178 80
1515 907
1153 653
1256 1409
638 596
124 423
1191 370
583 1076
1314 1143
1026 646
324 748
828 559
790 153
807 1456
277 61
1218 798
55 817
520 555
128 1091
60 315
903 988
1344 89
1335 588
1197 1092
1431 601
87 415
574 360
55 69
128 424
1445 173
25 966
1195 1523
1121 1260
108 422
1065 166
1046 559
6 863
1394 687
90 502
397 92
514 1452
923 774
1260 1499
1074 757
132 1375
22 1005
20 99
1227 214
554 141
317 1426
21 561
1242 952
353 232
899 446
1436 1321
225 848
1218 136
1148 734
1212 1518
279 406
737 1007
1246 1426
237 249
183 840
422 593
949 1307
560 797
1480 125
225 218
965 288
135 746
1003 600
464 39
1036 898
644 263
1441 1233
1368 892
1373 1126
1107 785
334 917
523 607
1473 1295
1507 140
149 1371
453 787
1217 175
1468 918
764 298
700 333
1154 138
879 1268
960 1021
684 210
1176 238
240 783
795 471
1236 553
1053 880
752 26
1093 547
837 800
17 699
710 121
1439 121
252 189
992 1162
77 614
1258 836
93 409
880 62
1325 364
194 1081
1029 218
882 1072
1279 203
580 1044
714 267
17 541
757 1253
22 1268
187 440
710 504
750 755
1070 751
900 1517
511 663
1040 900
998 476
502 319
1131 473
1048 939
660 43
668 287
1122 1069
292 527
1239 630
109 366
576 18
707 452
723 897
177 1111
347 269
569 1174
850 441
888 132
610 801
144 1170
120 1253
1377 478
1198 1378
738 956
271 278
316 550
627 1463
229 568
608 935
792 724
834 174
548 33
1376 1133
1031 566
162 1330
1320 1532
1051 272
970 487
1421 1257
866 108
266 700
221 1453
636 387
246 726
497 326
1203 1369
1470 1062
725 932
314 231
205 893
137 1456
503 1207
1265 923
695 842
1297 1429
119 664
1318 553
1415 1429
671 88
280 1478
66 898
432 1167
1352 1102
1500 1328
1515 1008
467 1064
40 787
38 466
1084 191
1477 1210
913 1200
942 324
1370 1231
971 1181
696 1519
805 48
3 1487
676 284
399 1458
1339 1422
681 823
1306 346
1199 1414
331 1228
549 999
1288 217
384 1197
292 314
200 772
1082 448
760 449
398 1496
1247 1316
578 1269
875 1144
745 265
41 1028
590 615
1538 1157
837 670
171 1379
224 1382
200 1378
1090 1152
978 542
843 1071
536 243
632 799
38 1160
1302 948
607 257
206 975
1321 1018
1158 1469
1225 1150
856 1086
581 341
1216 1221
474 1358
1060 567
1443 209
149 469
376 857
1524 181
327 1230
133 150
1226 1386
1094 1020
1030 312
603 199
677 839
409 1528
114 991
753 1000
480 1369
118 437
1098 1348
605 728
448 258
889 617
1237 1383
30 368
1464 1528
7 1045
929 1421
70 322
227 153
1024 1090
928 727
480 1164
443 1331
470 711
1016 73
1498 1317
1428 166
669 1382
1018 946
527 281
1513 715
42 735
184 920
1507 1110
1099 1142
317 19
1058 1427
300 1364
1136 495
966 1391
1264 849
1238 1438
1116 1501
939 180
45 1034
1290 1196
1388 103
1322 1068
602 426
476 689
1385 776
570 230
763 982
1235 1232
1129 972
383 24
354 394
658 1342
1412 1067
1057 744
455 1084
922 708
525 1130
1252 1427
1540 1100
1 180
1294 1107
648 355
1267 337
293 344
1462 101
348 85
832 1209
359 244
446 1245
573 770
894 345
746 1510
414 1403
1231 1072
1425 435
625 655
1155 216
723 1371
170 1219
91 1257
130 107
8 496
1019 21
239 875
765 730
450 1113
1078 191
454 1031
683 989
484 1101
1495 1443
465 845
910 611
749 1401
508 786
19 1241
1071 802
1040 889
1139 144
169 489
1462 594
529 181
969 1302
1004 885
1355 636
1390 895
1285 754
993 789
1192 960
973 208
65 1061
587 1315
42 1446
0 790
582 222
646 1503
376 940
1255 1322
1296 973
620 336
697 675
1538 1310
679 1283
589 282
1291 195
268 872
399 1472
193 378
1105 1311
1049 155
1278 150
115 815
176 253
1422 677
1233 494
1395 1495
105 1096
197 1117
1231 702
1015 936
1261 1004
953 719
570 1039
1433 74
701 254
573 394
927 928
1168 1120
1469 1178
881 775
1466 1063
576 981
424 838
1009 1035
1108 380
569 1171
268 201
1367 817
253 1125
1481 1404
486 768
395 475
1096 896
1050 379
604 774
367 958
676 388
1531 788
716 1281
392 163
883 577
920 1387
257 90
820 1186
595 1158
1010 924
1506 1501
193 1037
537 606
356 1276
1363 290
857 357
441 364
907 23
517 1366
1047 1509
806 1212
1098 439
278 304
1179 1198
1280 1114
779 15
1242 129
97 979
998 1170
365 51
32 331
664 88
1341 876
1048 558
1527 242
8 436
1281 980
1255 2
1148 358
1450 373
461 1052
488 587
1118 736
156 1007
1104 302
1190 732
497 604
1132 628
208 1201
1060 930
937 76
1471 980
323 1391
703 1220
1093 1366
265 1017
963 1163
974 1420
5 102
848 466
228 809
1137 63
377 943
673 1185
1244 1447
532 84
251 1499
4 373
1323 52
1244 1392
1381 976
822 500
1171 831
307 722
765 263
254 73
818 561
1534 615
1266 1509
49 1070
31 580
127 1502
1066 1164
531 94
1270 1351
496 933
1341 95
885 1451
1539 1423
845 236
155 388
484 883
435 833
230 431
462 356
1052 969
413 926
1345 709
160 1377
501 1041
1284 909
824 851
413 475
1114 1188
747 1329
852 463
931 1261
1145 1240
588 260
459 671
678 935
205 12
1475 369
1305 962
997 968
1307 1167
1227 248
354 859
367 1414
158 235
468 628
814 1124
63 529
301 947
297 964
306 1453
75 672
1206 1187
98 79
445 492
1349 294
1104 1188
256 1189
825 1450
458 221
1404 634
69 739
623 959
326 151
421 507
307 54
12 1010
49 1050
203 82
1193 809
46 1516
53 1332
141 1358
1467 591
1277 558
1419 96
926 509
1246 1296
927 412
386 29
769 215
302 539
1229 235
694 330
407 113
841 951
1441 685
945 59
755 1399
830 204
199 240
1342 1431
768 702
147 1415
535 1349
1001 1479
1407 1487
1209 994
1526 358
110 568
1199 666
1181 1490
590 344
379 1438
1301 606
717 733
165 1030
1151 1222
1434 992
449 1200
847 621
404 1299
248 1144
311 1335
943 74
655 613
1535 983
100 1428
978 577
402 27
1022 1016
483 1126
1343 977
914 1345
825 1011
1277 1282
1516 708
1410 864
306 1522
1435 691
884 1182
1355 1324
515 1118
986 901
554 1014
893 867
320 187
99 30
786 729
1381 159
995 152
185 1265
4 1295
1362 351
500 1147
277 1411
106 813
761 767
957 1172
594 1313
186 1423
1112 1146
368 381
841 1414
903 1186
763 209
202 643
688 389
178 632
629 165
35 1308
819 308
1069 807
1512 188
877 1301
159 77
196 293
212 762
143 1315
853 1088
1119 261
983 1512
439 298
1343 129
429 152
641 846
1305 1241
543 1162
670 26
657 1172
750 771
1308 673
593 327
443 1002
117 947
901 929
694 695
119 332
843 1165
548 675
1022 515
1273 430
877 1211
320 622
54 1141
158 1455
62 836
346 794
35 905
163 411
520 507
1238 1262
619 1384
452 598
304 436
1142 199
1420 747
637 1454
98 1062
1110 531
784 1115
835 1380
1182 1353
95 521
866 1211
720 92
93 161
433 28
780 383
833 1006
924 816
679 146
884 1459
270 1338
647 1488
459 865
841 551
793 1202
1056 1222
1213 796
986 213
513 1457
1239 742
946 981
543 1506
283 262
211 791
637 642
975 1448
337 1054
1226 551
160 245
852 579
1213 1483
633 1286
1011 456
240 242
922 631
674 1032
801 371
1205 390
808 310
1510 1274
1334 127
10 428
145 433
6 1102
874 1161
1194 1475
397 631
509 1408
1185 110
430 1467
1097 176
1263 1163
336 1092
844 1436
1245 955
1130 776
330 909
1340 715
345 140
721 142
919 730
1417 1454
819 672
1023 104
66 1173
1039 303
369 151
179 438
795 634
1027 624
640 360
1190 1530
556 83
36 16
1033 753
1025 693
1251 793
505 1540
214 886
1293 635
1309 111
934 1028
1224 996
803 325
603 567
234 830
977 310
1373 1075
342 617
7 419
1066 52
963 890
1156 142
649 1410
718 600
564 450
1522 684
1325 1267
609 182
411 1046
557 1400
1303 876
1080 1417
20 50
839 332
1272 1524
61 1124
389 1440
937 868
387 869
863 853
1385 83
1519 50
844 895
1100 1273
1476 758
1286 1207
1407 592
1078 255
1446 1329
202 1228
1280 854
1337 37
586 374
940 882
143 618
401 478
37 348
519 474
485 522
1087 1045
916 740
697 116
794 39
578 526
1526 1503
881 534
585 574
742 219
828 428
654 1175
168 662
1214 9
904 805
335 967
557 639
342 116
1527 1399
201 1270
1032 738
403 1009
622 328
1320 283
362 1141
612 29
1376 1263
1140 86
955 991
349 64
704 1027
602 1156
1223 1494
434 305
457 692
264 1161
565 1195
67 477
987 1000
1350 541
385 904
788 386
1452 1496
760 1397
1120 1486
1204 838
771 170
11 820
391 1099
572 1319
985 826
1137 23
970 540
565 1292
425 1283
1421 1537
1234 501
1363 488
1251 1
642 343
663 1271
1240 16
862 1514
1284 1044
103 1520
908 792
1149 756
564 375
361 705
427 393
1394 82
325 522
372 1097
1217 168
192 639
405 1043
1183 1160
1413 1338
1249 1306
897 1529
953 1006
406 80
43 773
1083 270
781 177
1402 554
117 873
656 1103
1293 508
1232 1299
1125 487
849 990
1331 311
1393 460
595 1389
1123 982
415 1221
705 596
1192 1134
513 238
754 1449
1489 1042
339 827
1374 1353
227 104
994 949
571 1465
1491 419
479 777
1206 616
832 620
539 499
661 1015
195 1413
1505 338
276 313
1230 915
864 232
867 192
540 131
44 1297
420 1311
1085 275
362 1520
523 908
1424 370
542 301
550 1493
611 518
638 1183
112 544
1202 582
538 1535
796 273
52
46 13 51 18 37 4 27 9 32 18 28 43 2 8 7 28 37 35 17 26 23 19 45 44 25 7 24 21 25 5 26 15 16 38 31 19 34 44 26 16 47 28 37 38 7 38 32 21 46 51 4 39
