272
33 185
182 4
80 156
176 159
226 160
200 263
13 26
62 254
192 73
78 63
95 69
52 213
267 16
50 108
247 236
116 184
104 228
203 234
223 233
12 51
92 41
84 146
206 223
197 161
84 138
242 94
150 180
34 57
199 189
178 227
269 131
239 218
204 114
184 181
67 173
233 102
257 183
189 267
195 111
71 122
229 136
136 80
269 63
198 137
122 207
253 152
148 155
199 131
217 42
220 270
72 129
199 59
93 9
127 153
200 126
229 64
238 72
256 108
181 256
106 36
20 14
206 82
17 155
266 162
101 65
39 1
246 40
64 204
240 12
81 66
214 27
167 193
27 90
31 198
137 185
110 260
67 239
22 230
92 269
155 74
114 264
249 23
28 38
210 262
9 11
134 261
153 164
162 245
167 248
196 79
77 17
108 87
241 211
2 135
78 271
230 174
142 265
160 154
10 96
251 29
44 110
27 255
237 76
251 128
0 70
139 237
255 253
100 191
266 29
4 54
12 201
72 64
175 91
125 52
135 75
243 146
150 4
8 117
159 118
130 43
248 137
179 149
5 99
171 120
217 30
106 149
49 123
209 98
194 187
83 85
13 139
215 59
212 54
119 43
90 127
176 117
115 130
240 96
235 55
37 196
126 141
169 165
11 175
113 50
128 172
157 66
103 79
141 113
172 212
133 228
53 186
169 35
207 48
262 244
14 164
156 232
69 40
60 103
182 45
151 95
188 224
225 34
161 68
39 61
35 144
2 33
140 118
120 37
259 215
71 116
82 152
42 229
238 36
132 143
31 177
7 163
158 247
124 70
248 47
201 188
19 254
129 143
166 165
264 147
148 89
100 88
86 13
157 112
120 181
234 26
74 57
222 74
60 261
209 28
212 10
154 107
105 225
211 259
195 1
168 177
235 151
194 32
245 242
97 38
190 138
170 257
178 76
216 202
198 85
171 192
258 265
215 42
147 23
101 252
55 49
32 45
144 24
6 46
46 102
51 118
97 25
58 16
107 268
197 271
21 124
121 246
54 91
18 99
44 179
125 86
62 123
140 219
83 208
191 105
205 5
87 56
61 56
213 174
249 202
203 226
119 133
18 224
163 231
166 59
218 85
258 58
221 115
214 236
187 15
170 132
205 250
238 95
83 214
87 222
243 221
65 190
53 15
86 0
192 145
151 167
145 63
138 125
232 3
180 253
21 81
75 210
231 109
139 17
260 220
109 93
193 98
39
4 8 9 9 8 8 6 3 1 4 3 8 1 7 7 4 9 6 8 5 2 3 6 7 2 5 1 7 6 6 6 7 2 1 4 8 8 5 4
