2334
951 1893
1756 1840
1233 2333
1701 2289
1607 2236
1951 2291
1616 1753
192 1620
789 2028
471 531
844 1931
1331 936
724 1410
553 1870
2150 126
347 1520
618 857
814 1969
1323 1941
74 879
1412 756
2222 526
1615 389
1472 1941
2052 943
1518 952
842 1742
320 995
788 1468
352 1124
704 2133
336 1741
983 1998
1399 382
2251 1469
171 1595
1539 199
1182 1093
348 1516
812 1776
456 1003
762 1125
1673 1706
1013 116
2109 2186
2181 1068
1816 1403
270 941
2315 873
809 1057
485 316
1894 2113
660 2248
1073 1316
1064 2024
1330 1547
453 268
1493 1082
1766 1377
1229 1867
699 1298
1261 1794
1644 173
1647 726
984 1419
853 482
1883 1404
755 532
2189 550
182 93
2283 2267
267 1660
2159 722
928 1122
1094 1884
558 2089
1730 610
1137 1471
1658 2225
1800 2233
820 319
1830 1579
148 8
896 1552
477 2328
1005 152
1076 261
2065 639
21 763
2160 2025
730 304
53 1973
1300 140
831 779
1324 828
1608 242
1732 1221
1682 32
785 1140
891 1686
1462 1118
1968 2024
1120 1397
813 397
1422 1444
1272 597
1766 113
884 431
668 2059
953 1805
2280 1877
1729 1413
82 903
1067 899
912 47
836 1372
1101 1648
1227 1984
2052 1308
1971 944
330 434
2015 405
799 746
369 1368
78 2076
112 1553
1549 357
64 1791
2316 1943
2280 599
12 50
1973 1149
93 1852
305 170
289 2319
584 2146
868 747
1846 735
2015 2293
1660 1585
1748 1126
1780 297
2217 778
212 2314
971 844
185 611
486 13
1086 2317
1606 1283
598 1381
54 1449
1526 1613
1398 833
391 852
571 681
2215 1220
986 1359
531 800
1983 1137
2011 933
2195 962
821 1121
2265 931
474 827
1123 1436
1151 511
1308 1959
582 2035
1936 310
1228 2147
1279 1677
1086 1687
742 290
2141 514
2226 1163
152 2117
366 1513
1804 1206
1108 1269
1336 1597
1913 1583
1992 1061
2155 1985
121 1897
1172 1059
1757 1519
1990 628
1065 1653
2300 672
657 100
2149 1856
1602 861
67 429
1280 2021
950 94
559 2205
69 1763
255 1473
1194 2192
2187 691
1083 877
749 2115
2102 1173
743 1789
406 1844
1909 2143
1479 1738
2326 1621
1131 375
1234 1370
350 2100
83 69
1795 570
241 1515
38 641
1008 1421
2259 1144
1589 2043
993 189
124 157
1379 2061
372 1845
312 547
1996 1955
130 352
786 1440
554 2281
1374 856
2281 1442
1047 1684
1930 1175
1649 895
2047 1205
672 52
1566 196
467 1740
1790 608
203 1520
2285 376
818 2240
113 188
520 1480
1363 1287
1217 901
339 1333
1159 1825
1494 530
1351 1812
1462 1475
1720 1015
1709 1136
1351 1608
1038 1730
1416 2303
496 387
2148 879
406 2000
2007 1619
1275 426
1919 450
264 696
757 686
1666 1568
228 20
685 458
2029 2125
2128 1167
2237 108
1625 1056
2016 648
317 1631
1996 1106
1849 2245
1764 1118
1958 1145
99 725
786 302
1472 816
1570 1043
2273 1328
1307 1949
596 89
674 1195
1267 788
1486 2018
2104 340
1706 2287
1438 318
976 541
2086 206
1042 2147
2295 1872
1059 1921
237 1652
418 1228
1539 2097
449 2185
187 1557
1434 374
1453 1482
1323 1373
385 1327
1612 671
1438 1110
2201 1087
1426 989
331 914
1115 2037
496 2049
711 1365
2266 472
926 259
1817 1057
1459 1543
1807 154
904 1055
1850 1553
95 462
1376 590
1248 1056
415 1225
2030 209
1355 2233
1381 2259
922 1138
1130 678
1573 373
1993 249
2187 357
1807 632
238 944
932 1606
26 1613
1523 2254
935 420
1731 1603
644 2050
1587 1041
272 2236
2325 257
1192 1242
949 2063
2311 1993
886 286
1908 1524
1322 1389
826 416
953 768
1296 151
519 80
1044 1890
197 1219
1414 2060
360 1967
1002 900
214 1123
1260 2022
1070 363
1452 1537
1168 1052
1599 1294
1046 457
1813 1862
863 669
1711 266
2074 2313
720 1880
1027 493
1780 545
2073 833
558 934
1033 647
800 322
1609 186
1255 147
1659 1258
1050 1117
210 287
445 1725
1871 1895
1432 948
437 2197
510 1273
1281 136
21 1696
1804 2173
1510 1279
562 1461
2159 536
1045 506
1916 9
1301 153
2323 132
547 2244
1332 1353
1748 884
1460 2040
162 1992
361 2014
490 1178
1382 105
1669 2058
2165 432
1004 1441
556 2329
464 1116
642 653
490 664
1225 1880
851 1449
483 472
144 1337
815 717
909 151
495 1963
516 572
500 190
369 1395
1724 775
1547 2262
1017 1043
807 271
2189 423
498 1808
1979 1154
1443 610
543 175
1129 16
2322 2036
1798 2140
1352 1818
612 1427
687 276
1681 1760
631 1974
539 1072
1403 1834
1366 1071
1072 132
1484 1961
169 104
1864 405
88 846
1810 1562
383 1561
1799 578
2262 1904
207 1635
266 475
2044 678
1246 2234
44 429
899 605
1354 1810
281 28
1875 1407
288 1489
979 1597
2004 1315
283 304
2064 1487
1257 2226
1094 1305
766 1827
998 1064
1707 1458
1727 1142
1490 2075
1277 1522
623 850
2291 67
904 1387
598 19
477 1624
395 525
1230 22
1067 2280
239 1762
922 1822
640 629
2224 792
333 1928
803 1905
2066 2142
1754 1600
486 923
101 1464
235 1175
1541 2122
698 6
433 1444
1503 784
1048 1936
404 1620
2085 398
1215 1758
1691 1800
940 528
342 1090
1481 1204
482 1030
1268 1
1945 1743
1268 2324
1179 390
651 815
315 1542
1847 758
1979 1238
2092 259
145 566
666 738
2133 1495
1911 1219
561 522
1098 2182
1031 414
2009 1474
1207 89
1517 659
1266 1577
664 989
542 1333
2228 2268
91 1369
1216 2129
1675 872
849 2116
2260 913
663 1383
898 55
1467 201
2332 220
2081 165
2190 2074
1154 1861
1128 131
268 539
122 1166
1919 819
545 1618
497 261
1040 1419
1011 214
1092 1745
911 666
2210 614
96 1723
237 1755
965 942
424 492
202 1647
1455 1920
234 2083
458 2207
987 525
1932 1662
1299 298
1250 701
508 2043
2076 1359
1023 566
1853 1091
452 251
2028 1542
1248 1591
2292 537
1585 1942
1988 173
912 2055
1718 589
508 1020
938 2061
435 1861
1775 754
75 1492
235 1450
864 1514
326 253
1318 278
225 1110
1741 961
993 24
2182 770
1428 1029
241 1425
1938 1409
2169 684
1116 676
2032 1555
1962 457
976 194
1322 1576
294 1836
715 1495
544 1703
978 1303
50 422
2214 721
1560 1491
38 1187
1747 1815
1354 1231
306 263
580 1463
1753 631
1824 1771
344 1740
2156 245
119 29
1671 425
256 1536
2166 551
533 1964
1974 1854
708 809
481 1853
713 808
2304 2048
70 1625
1300 1071
1754 1821
1335 1708
733 1000
2315 1664
1161 1496
1635 1417
128 2040
1153 1942
244 175
1422 2135
1382 2034
1864 1824
1307 750
1302 1744
294 1368
1197 2002
251 1282
940 792
1172 1533
136 270
908 1877
1079 1537
1531 446
1240 234
365 335
1784 1245
2319 247
207 1883
255 590
100 1312
1921 230
716 2320
196 151
795 102
703 2148
2113 1281
1468 1555
2 1849
1735 1236
752 85
2194 1199
302 273
1957 2108
1656 2252
1832 950
1994 736
845 752
1296 2221
2256 2029
177 1396
630 372
349 2301
1729 2267
1726 1477
1710 1234
881 101
567 1779
1002 518
2045 1452
263 324
2072 1320
925 1001
1609 416
2188 1060
163 841
1829 925
402 1902
1342 1019
2308 160
161 964
1811 1888
46 27
1412 1299
371 222
980 1981
872 1144
2069 1185
1848 239
1167 1415
58 683
1535 2097
787 2179
2053 811
1164 2057
1341 396
1654 1141
571 76
363 2020
2155 1924
1873 1636
1905 5
654 1722
386 2175
858 1731
391 1767
1826 1194
1211 796
2211 168
473 337
1135 1787
1676 920
1278 1665
149 688
5 1019
2261 350
770 2046
2033 256
758 1417
574 12
2270 679
700 707
2068 1033
930 1575
1776 1999
1650 767
2022 376
1013 2034
498 1970
1206 356
1791 2119
499 1962
1568 979
1304 267
749 2094
1180 2086
1257 55
1393 1430
1876 1851
1500 1838
232 2115
601 150
51 274
1897 2264
40 280
1025 522
2145 1698
839 2294
2247 288
557 2110
1871 2102
706 1008
1196 2176
906 2066
1170 1353
1650 1626
2106 1509
958 2077
1276 1129
873 1353
1442 285
866 2310
1402 1887
205 1377
823 1147
66 2132
2301 1339
2067 43
1523 774
1415 260
1965 466
1768 118
382 937
107 682
513 427
1983 1816
1951 1705
824 1451
1446 1984
1567 1986
1040 1665
31 1049
178 938
931 628
342 638
2199 1214
1217 1474
548 1628
1949 53
1724 1288
73 15
732 1893
470 49
492 277
523 1084
309 2143
676 1171
1103 2141
30 218
1717 1890
1112 734
2309 753
2298 176
1975 1626
1632 1793
2202 675
1723 102
1957 1576
1811 2123
1552 1549
1142 2325
945 992
463 1456
1629 1242
2172 1054
1113 998
1298 1273
907 791
1998 2208
2057 1966
1060 364
1496 661
1588 359
2285 1420
2010 1306
1978 1589
1638 2290
774 2078
1831 1190
1947 1011
817 1868
859 2289
2111 308
243 489
2181 586
75 537
1689 2218
1643 759
1292 636
634 2153
494 820
621 2308
1386 997
589 1637
577 1956
772 204
690 1143
2283 1364
2160 1642
1350 1858
332 447
723 413
1577 1700
68 1340
2326 527
1990 1112
98 1612
1119 17
731 1986
125 359
2129 1734
1770 945
45 2005
315 325
433 1884
1605 1590
790 2139
638 1954
1063 1545
25 1404
233 1835
1646 1598
2178 449
506 852
836 1964
1988 1918
1304 876
1558 2010
814 436
804 1224
307 2250
2051 2111
2072 999
2130 1752
2184 1559
682 1418
1253 1889
1544 2217
1927 2171
2027 1767
1770 1859
2064 1772
903 1698
616 1443
2315 929
1152 2249
171 572
276 1053
2324 198
2238 401
1750 1749
963 66
161 1831
1631 1042
407 753
106 2207
252 338
297 1865
1453 811
546 503
2235 1551
1131 939
332 2206
2288 293
1159 902
381 1891
90 1798
155 469
221 1686
584 1306
1025 2014
430 1697
1406 521
1120 1132
1909 2253
2033 671
1141 1111
1819 463
1099 1855
301 1277
650 2196
860 168
776 2049
1866 576
299 794
1867 2069
540 1858
1603 1948
803 459
1021 1343
252 1430
2255 1293
1961 557
647 645
215 1022
1829 443
1062 857
1162 880
210 905
81 667
2118 2005
730 551
1375 991
1578 635
1433 59
727 1270
603 2114
2009 2180
1143 349
1284 1907
947 1409
182 1122
714 1285
1634 2224
1222 1361
119 888
1367 1374
1174 2176
1695 819
2200 2279
1773 1425
333 388
620 1104
2117 206
873 1394
1207 52
59 411
153 1107
639 463
834 92
775 1878
618 1135
1924 702
754 1583
978 1629
1498 328
1600 726
1529 1211
2167 1574
1546 1615
760 248
1895 1108
2180 368
2178 1139
1276 876
1735 649
1530 847
2173 2001
229 300
1548 593
122 2096
115 331
1662 1976
2011 969
1584 1428
791 176
1525 573
1664 1565
1336 883
2322 2163
1630 1843
1692 1804
124 878
1946 1400
617 1859
697 2087
1978 2138
1184 2242
410 351
1765 2032
2090 1674
96 1607
1933 794
540 2016
1728 2231
1695 1259
1870 502
2243 712
1026 2195
1822 1156
906 2151
27 1235
747 1531
1772 517
2165 1376
691 722
420 669
1035 2079
653 1692
23 2241
740 216
1953 9
1579 179
1882 2137
1447 1024
133 731
85 1640
11 2131
1879 1513
326 1960
279 524
1669 757
644 1148
660 1693
292 1093
1906 1721
1346 2213
2001 665
2190 835
1445 583
1035 1065
236 563
1843 1785
935 1734
1545 314
1515 716
654 1570
1839 1788
688 129
1611 649
77 869
488 2157
1275 180
1160 877
1260 1044
284 1956
2137 1952
2253 828
1004 2068
396 982
2317 358
438 1940
240 1717
1231 2083
1536 2059
1485 806
1451 1805
895 1581
2025 725
2038 2204
177 1145
777 1782
520 1504
523 556
287 2124
848 710
1885 1594
1437 636
1668 652
1863 1855
1331 1296
2266 650
1704 560
229 2098
243 1834
1470 805
1380 1156
308 532
147 60
1688 383
2191 1465
1468 468
1102 345
2100 1661
1356 123
962 783
2225 403
1226 172
460 1624
2199 1879
448 313
949 686
1769 1282
1517 141
418 1527
2287 2232
1891 1454
1068 139
133 2328
1458 1396
668 1007
1950 355
1344 57
1863 928
2124 421
400 1066
1671 265
1838 760
1610 1945
381 198
1896 1894
1835 131
679 1508
773 78
1174 1005
387 129
2046 228
2219 1560
1934 2168
2272 624
355 1683
444 2134
1191 126
966 507
2184 146
293 739
1519 1165
889 1146
1505 170
2084 1565
845 936
1041 764
2220 892
646 2250
480 493
250 1
1910 358
275 1173
683 1179
1927 1521
1369 2071
1825 2089
1334 361
767 310
2013 1763
2284 613
2222 1088
1499 2303
2311 1926
984 2051
861 1709
1085 2106
607 230
2216 1383
165 1601
1420 974
1270 867
846 1274
495 1266
412 1586
975 2023
941 993
86 63
1676 1102
1878 1271
579 200
700 587
1181 2299
1685 2288
1274 1149
193 1622
2021 1378
120 2269
829 1371
121 1774
952 1906
432 1326
125 434
2228 2080
383 1705
2063 918
1789 1584
1254 674
1127 1022
323 902
1777 970
739 290
1284 1975
285 810
658 1006
1392 645
719 88
957 549
1727 542
1251 335
1262 627
1388 2099
1247 695
1197 505
1779 2269
1972 281
479 1680
797 253
1398 370
2037 937
635 633
705 1708
1017 1641
959 1457
1318 488
889 1604
1440 447
1076 951
1995 2286
1656 2031
1948 1833
2110 1932
70 157
1414 2309
48 1395
280 617
1485 360
1588 630
1488 1653
309 891
307 1704
1828 1689
838 1164
718 1937
1696 1935
79 423
2077 199
247 1630
1554 1654
282 343
1497 1739
1191 1371
964 2212
1238 1330
1528 174
408 1771
582 1365
2062 1538
379 677
2213 1320
992 81
1171 2154
364 1399
1888 1823
269 203
1530 216
167 60
1338 2101
2282 1144
1350 1128
98 451
2045 283
510 403
1801 1688
246 1678
1873 1046
1378 1672
2297 2027
1787 373
1795 2333
2144 1982
771 848
574 1702
1836 1401
1288 319
2231 1407
2201 200
2006 390
1930 1012
2019 409
2107 1721
191 470
1329 1617
366 2174
782 1922
1036 134
785 1535
2293 927
1518 2067
1250 595
1809 431
2095 1747
573 1155
471 1431
987 2304
1790 1582
1367 698
988 87
2062 2278
1201 1215
120 1380
1833 2156
2007 997
1303 835
1431 47
215 2105
484 1554
1239 695
79 450
985 1494
1966 2163
220 1529
1765 950
855 1344
461 712
1959 68
2103 1899
986 1146
25 2138
2302 1679
2056 7
1476 83
2188 1876
1223 947
219 2254
853 975
1892 2227
428 1586
378 507
476 1934
2212 400
103 2073
465 1484
1773 2087
1009 1205
1480 1243
626 1737
1074 2092
114 1821
718 269
1408 90
1892 1502
528 1946
262 2294
1069 1384
386 1610
2136 2313
1402 1262
743 494
292 745
484 2175
1532 1302
1997 380
519 859
2161 821
1925 1471
1188 1937
2196 2161
1970 2258
489 1433
2273 260
2054 1285
738 1670
1516 1694
1229 1889
505 1872
1715 1074
2263 321
592 1316
2042 1202
2263 1683
764 202
1241 244
156 2108
768 356
34 425
199 1918
1157 1887
2249 1881
1550 1668
596 56
1321 1718
1083 2240
1387 554
870 190
1601 211
208 1500
1152 870
193 2128
1037 426
408 612
737 1540
92 478
1200 1469
1117 2118
278 62
1755 939
2216 629
1508 483
1237 1657
201 2
1604 1898
1503 1903
707 205
662 708
1844 232
702 862
33 1075
217 942
1639 1089
1783 1099
917 843
1134 2276
1482 51
37 2149
1541 1184
1840 1427
1080 1170
659 1980
1087 2126
1862 1617
1026 282
1851 1641
1540 875
227 2082
637 706
341 728
1328 909
2113 176
164 696
1203 1598
187 1297
795 1324
1854 837
1751 789
223 1627
1590 955
2126 1244
1933 1700
313 143
2239 1707
2094 781
568 504
1067 2300
1716 829
1828 961
865 2120
61 1463
2211 642
1007 717
1366 972
144 1903
19 1105
137 538
529 849
1384 324
106 2247
586 42
1499 298
1077 648
183 1292
2246 2071
1498 58
2131 191
1569 2306
620 2270
804 1024
109 1010
1714 2290
1987 178
1614 2041
265 1563
1944 890
790 142
415 1915
34 1621
1263 1061
1317 2257
1057 707
1460 1247
1928 327
1095 115
1435 424
328 1793
1769 2209
2223 114
1418 893
1388 274
515 2004
1325 1319
1332 1768
761 2214
158 1390
1714 1910
1781 1290
1786 1264
2041 322
179 222
1521 1492
1591 2047
1255 880
1699 1524
923 311
1331 2123
530 1952
1571 1390
1039 2127
1931 965
1314 1785
374 1587
977 1981
1759 606
1018 2275
502 1623
1055 1358
108 1525
1291 2170
49 1423
1885 2264
973 1860
1150 110
1725 1187
552 1169
1874 855
2121 1991
1713 1466
673 1637
842 1510
1557 778
18 2096
2116 911
892 398
1209 1732
1429 1100
2327 1916
1575 118
1027 1252
1759 2112
1715 1249
481 475
1054 890
924 2332
128 936
440 1010
1506 1424
926 128
1896 816
1327 2219
503 1638
1295 330
697 159
1290 1226
2255 379
1752 2286
1213 1405
982 624
1712 1977
28 1346
885 1413
1989 690
896 1246
1265 2321
339 711
868 1900
741 694
327 166
325 117
1283 233
1309 843
487 2030
1778 2200
970 1069
445 1222
442 303
2020 277
2162 422
52 1688
1788 588
959 2105
772 1646
1459 1177
1227 2109
619 91
367 733
1391 2012
604 1967
2101 17
1627 822
1917 1235
1343 2183
934 467
279 2312
1136 1189
1661 2039
2274 1188
63 798
399 905
116 607
701 1526
968 1550
1744 271
981 127
720 1261
3 1483
550 465
2248 1832
1483 2169
1385 1929
39 793
599 1958
1737 1815
1573 130
1701 512
632 1114
156 1899
346 2256
2298 417
2114 1733
223 76
1578 1845
526 2003
1868 1593
1935 1397
1092 189
1623 2000
704 2002
1064 1692
2258 20
163 6
1168 1269
735 751
1457 1953
737 419
1806 1782
1749 565
1401 401
1658 1947
856 1100
2297 1923
715 527
2146 1929
1632 634
2330 1315
897 2227
1512 872
1385 1783
740 453
476 1869
609 2193
1667 2095
579 854
1527 670
1310 1439
1214 1733
608 606
656 1869
1151 454
2082 850
26 769
840 2056
1364 1347
1193 1819
878 559
1195 564
1053 2098
142 509
248 710
622 1326
1809 990
227 548
1467 87
1774 2299
553 1256
1841 111
2140 1301
685 1490
8 1009
2048 560
1914 2142
1126 362
2012 1501
1465 534
226 851
2279 793
1479 874
2206 1675
1869 2097
184 353
900 323
1803 2104
799 411
1392 1101
1239 1405
2158 7
1186 1914
1221 881
2306 41
2331 1148
641 756
18 1464
1677 1375
1090 1339
2237 626
1989 776
1507 837
1051 435
2260 825
972 2274
33 858
583 801
123 1130
943 1965
1158 1645
1208 2157
240 524
1210 2121
637 44
1077 514
1841 375
1722 667
611 439
1839 1062
834 555
346 765
2084 918
763 1912
994 404
1720 1682
236 1203
1045 1511
1070 1792
963 1291
2088 2278
1437 1678
1592 639
1155 150
897 1049
1264 1037
1362 2154
864 461
969 1900
2316 967
2245 1424
62 1532
2205 1295
1534 1157
1113 1253
1058 2036
250 2008
826 2197
136 1176
1746 2296
217 714
305 1685
127 601
614 1954
1852 1441
1313 1622
732 1728
2243 238
1814 1564
2003 286
1095 399
1450 1220
1408 2295
670 919
1690 901
30 927
1138 1806
1922 2194
1293 1176
780 919
2259 1456
2179 1719
65 1347
1551 86
1595 1556
546 245
699 862
1140 1680
16 1917
954 1882
1416 2103
1363 1190
1943 77
0 1636
275 2218
1901 1345
1447 2026
1357 84
1237 1778
166 40
1389 1596
1562 1874
2193 1602
1373 1522
1915 480
2305 43
351 15
439 32
2026 1470
869 565
2085 1580
2023 377
1196 1080
926 1746
1355 1497
1063 913
1036 1169
167 1265
0 543
300 2276
2241 1294
1466 1955
1158 1181
1224 781
1487 1088
736 1047
2151 616
296 1950
354 2230
1244 882
1846 511
22 224
436 2039
80 1134
1507 665
1340 1693
2257 1478
1533 2310
729 1058
1170 254
94 1918
99 1925
569 1289
1280 509
812 1393
689 1572
1305 748
1337 1801
1736 378
988 195
871 515
1096 1165
1193 485
1342 825
1075 1212
456 1147
2017 212
1312 1857
1558 188
1904 2018
1030 2031
588 380
689 692
1649 985
1690 2202
2171 146
673 999
23 2203
392 1311
311 1183
500 1124
1185 446
1153 1818
562 684
343 2208
474 946
1475 915
1802 1335
479 4
2252 886
2239 609
1648 2198
1488 750
1745 591
595 1760
2318 2235
2078 1563
1098 1066
1139 31
1018 1902
1618 109
195 1886
832 1674
1348 1236
2038 549
57 337
887 137
2125 1509
1923 1021
1572 2093
2177 95
1473 138
1012 2314
766 783
345 2271
831 827
2176 1877
657 1980
442 158
1995 1345
317 2119
460 1679
2162 499
1161 1478
998 1675
600 2150
910 2055
627 1096
111 497
454 656
1528 2099
808 1034
680 885
219 1177
2079 536
1913 1640
1911 2265
1349 1210
779 734
663 1267
1564 968
625 1455
1432 139
625 1325
468 1561
221 1582
14 2272
640 262
2198 289
2172 1310
466 1702
1204 656
74 2251
646 724
1127 1847
2090 413
1796 1183
1762 516
362 14
822 2177
991 45
1309 1997
2060 619
1666 2164
149 521
1786 2075
1436 1711
299 1410
1999 141
258 1743
813 384
464 1106
1611 1163
1645 2204
1362 597
258 914
1694 419
1233 1252
1971 1556
407 594
367 394
1103 967
1216 713
2244 329
742 192
1456 744
1802 655
1286 1014
1502 1357
1739 2093
2054 2321
784 1028
72 1297
1757 818
117 1489
538 1504
1511 604
2035 306
341 2088
348 1538
427 231
567 301
700 1501
1777 956
1360 592
2215 687
1634 213
1681 478
2221 748
605 863
602 1114
2305 544
773 762
1245 1435
841 1218
1594 960
915 1543
1886 1580
1311 329
159 365
2307 428
643 444
1799 1566
24 511
1034 533
1544 1160
1794 887
2229 1200
981 1939
4 1411
407 907
1150 1875
1477 1334
2134 1314
2008 1651
973 371
1960 1097
2320 1254
2318 719
1574 2323
1084 218
585 1969
2242 1198
709 1015
2053 71
1812 2327
320 112
1109 264
1400 2081
2292 921
491 1898
703 529
1837 204
791 186
2330 2042
1605 272
1097 729
751 1286
1240 1652
73 377
2080 1050
894 1633
1628 832
1539 1726
11 798
817 1186
2017 1166
840 393
1761 36
2019 796
535 103
694 1272
1358 185
1429 257
693 284
61 455
1249 160
675 908
1901 36
1051 1259
344 1361
296 2166
1001 1691
966 10
389 1985
865 512
681 135
1751 1421
340 1038
2013 623
727 1423
1546 1232
1860 1178
2092 1488
107 2127
1213 2331
570 1105
916 370
1032 2107
1559 787
1111 321
1814 410
2282 916
1243 1445
181 2058
1920 2065
2186 462
1078 662
441 741
440 392
412 1202
1830 1014
1162 224
41 2152
977 824
1512 1758
1684 2120
2277 955
2135 2136
1016 1672
1865 1820
1599 1742
501 1842
1712 1133
312 1940
1481 996
97 459
898 971
576 910
211 1192
1199 1338
534 2168
1642 417
996 575
957 105
692 1028
2210 1476
1761 1349
1434 443
894 2185
661 291
1082 1201
140 491
318 622
1614 1341
860 1976
1820 1391
2183 1348
2145 134
164 1848
368 1939
448 2284
847 1411
1230 1180
1703 1994
1699 1317
388 2050
581 1593
875 334
1514 37
1719 1493
1643 1764
181 1987
2192 2044
209 194
917 613
518 1837
145 838
577 1826
395 1119
1446 1651
441 633
1991 839
1287 769
854 983
1866 830
782 437
273 110
1881 888
2070 48
990 871
1271 1659
1653 615
1644 2091
797 651
578 1784
1926 721
2065 615
473 1781
314 1461
183 1710
1081 1982
1663 155
580 1182
1657 874
1439 1426
394 2229
1813 1289
24 2220
3 745
1133 338
1189 728
174 1633
430 1856
242 924
291 954
933 226
1206 1817
1256 2232
591 1039
84 1592
705 143
1581 2238
1797 65
882 10
883 658
1212 2139
455 2130
771 451
1251 921
693 1571
765 138
2261 1198
535 1842
643 1132
154 421
2223 1567
995 397
594 1406
452 677
561 208
1052 1360
225 1716
414 1109
2153 1663
1329 347
71 569
213 1208
956 1151
2112 1313
2006 303
13 1912
759 1258
438 2307
929 196
1797 1796
1085 1078
1639 1370
197 568
249 932
1775 504
802 1352
148 805
801 1827
960 2167
1907 1079
1319 1655
1687 1968
42 2170
655 402
1972 777
1670 802
54 1596
780 709
1548 72
1016 1232
2296 552
1736 1938
1803 1023
1505 867
2268 1486
2174 575
1697 1491
994 1448
585 920
513 1073
1209 295
1738 810
893 1107
35 2271
409 541
1534 1857
1356 652
1031 1241
353 1278
2329 948
761 1561
823 162
1081 1263
1394 487
603 1977
1223 1006
46 1823
2246 2144
1091 2230
1448 1569
1000 2158
2312 1089
1616 29
501 1808
1667 169
621 1032
39 180
246 1115
2122 1619
723 135
930 1673
1121 744
564 35
2091 1048
1379 2070
866 384
1756 1750
517 2191
1003 184
172 336
53
58 65 32 9 51 54 60 63 66 60 42 14 4 57 6 14 43 58 10 65 24 45 42 36 13 46 43 72 1 54 28 29 16 4 44 72 61 49 61 54 64 55 66 55 29 23 16 64 10 35 21 34 32
