1566
3 554
1453 296
731 1238
895 1268
813 622
310 980
4 379
1194 361
151 87
1501 168
1012 235
1226 916
1255 299
510 673
329 1454
14 395
995 100
879 949
1009 1261
1005 450
693 1313
1480 1395
1243 947
1562 240
167 1565
134 27
363 1211
174 342
878 1339
496 680
1303 551
1514 356
1524 77
108 862
821 1550
1033 597
1035 637
353 1480
112 1324
1408 627
512 13
46 247
887 1012
1532 594
1433 1482
986 515
818 261
397 469
846 1092
452 1479
835 101
926 381
1127 1354
33 911
1294 291
927 712
425 981
770 754
793 143
110 431
83 544
769 1305
940 591
631 16
722 1540
200 356
610 247
165 391
971 279
1206 62
650 69
1552 1502
1467 149
761 402
794 1189
1411 11
1357 1432
288 384
687 1453
1423 921
768 189
223 1362
782 135
355 58
1496 46
1314 48
546 806
827 768
1030 710
1414 1228
1402 601
1554 776
136 370
1531 1365
611 1507
524 860
1099 133
1384 617
1498 325
1135 1374
157 402
10 140
1075 264
944 262
36 1185
60 239
1055 213
1023 1415
655 856
366 669
929 499
744 1326
910 778
1493 1120
372 219
811 738
922 5
1170 1497
967 648
673 1451
783 1145
19 1302
856 91
749 513
484 307
931 569
972 1180
1511 1066
1233 821
68 472
1008 278
516 788
816 432
789 1084
1547 1037
1471 1144
1351 971
1457 1109
154 939
538 183
1011 89
877 725
526 1074
992 857
317 1179
639 1465
434 122
450 938
121 364
761 1103
1211 897
400 373
883 92
665 29
1479 1068
872 347
1156 1282
1118 990
1443 1245
605 671
1036 1368
324 1010
248 406
1107 1399
378 432
599 517
1099 1032
1022 1279
1536 78
983 843
1040 149
309 176
1076 885
1097 215
483 57
1372 35
127 1456
1343 267
850 1491
970 1206
323 1418
1130 399
938 939
114 329
137 1265
980 501
1231 733
1535 146
1412 1195
385 692
1350 1558
1292 185
1487 365
441 1560
689 39
510 994
748 102
619 852
628 481
1538 448
478 1090
322 664
1039 210
444 21
1392 1532
707 966
896 1269
1169 1193
1285 587
311 1478
1451 407
387 306
243 103
871 1378
1510 654
993 1470
886 1467
203 648
1212 1050
1396 1022
735 1040
660 511
563 59
289 744
173 464
1064 1424
338 1430
724 173
78 12
578 1341
969 72
387 1098
234 54
1209 1044
1457 941
576 701
1238 756
477 917
1371 253
1094 626
406 316
738 974
1089 1120
497 1505
293 611
132 702
727 424
221 63
827 767
569 302
1118 111
1214 642
11 164
447 679
1212 69
644 1139
1563 400
1239 621
584 1069
1051 680
1463 1026
243 115
1254 451
1538 774
1309 360
1091 1045
1458 96
3 1447
1254 1379
304 1528
1401 56
1050 1082
1445 952
1098 1100
1256 81
854 506
30 1177
511 1207
414 1420
1251 1214
1216 1485
1451 902
1060 552
1555 1316
1431 1518
116 876
101 214
1053 126
287 1358
308 490
437 1283
1244 1114
1506 988
438 1270
1147 150
49 1288
311 561
129 1271
1276 82
1187 636
346 985
37 679
1021 227
119 188
1556 1073
1002 1444
904 1546
1104 184
1301 461
113 77
966 1344
1101 1019
226 948
567 15
1196 56
1356 160
276 655
1073 287
692 1406
1068 285
382 207
1154 28
1327 489
476 491
1405 166
1123 791
1321 405
1088 543
822 1171
1215 339
805 410
1242 228
525 346
31 182
1466 708
884 115
910 42
841 320
201 864
141 1008
1221 533
390 1504
1017 1007
672 1077
658 314
245 635
787 1448
1172 1023
411 930
882 1499
246 151
671 1248
705 1035
1388 475
1204 1222
161 1162
145 1057
530 49
823 653
1434 1481
944 283
392 869
613 920
494 262
518 1275
208 1079
156 866
217 1336
590 12
1454 64
1347 982
844 617
589 924
204 388
894 320
1115 437
641 604
935 462
429 804
1320 1387
1134 1313
461 530
503 60
542 650
969 50
534 1375
576 75
1386 290
892 1537
1403 1187
65 581
1034 163
1559 1460
422 90
521 306
837 1229
93 900
1139 792
1419 842
699 263
583 1478
987 719
845 781
1330 1361
912 99
231 97
764 354
1276 1347
712 1207
404 214
1084 1311
950 317
268 973
138 1552
641 1370
592 1298
589 1088
1066 1151
1486 497
1403 1240
1200 1501
1450 169
261 1350
990 895
213 339
1076 824
622 52
1443 92
759 913
132 1016
1213 646
1191 35
55 723
467 83
524 338
1445 1295
1296 710
726 564
736 76
970 445
751 362
331 691
839 359
349 1337
1225 1078
697 326
147 488
436 1521
672 41
275 547
929 1536
1107 1263
1109 1087
162 991
284 878
239 1461
235 1127
1004 1106
118 345
1456 757
1199 1475
369 1161
734 1038
1147 348
426 164
560 568
386 505
131 95
963 1117
808 1394
315 1006
973 1296
1251 1001
1302 297
829 1167
10 700
1547 1519
1086 222
1393 399
345 858
861 532
289 902
396 976
820 1402
1553 1036
154 1235
250 570
181 107
155 186
974 117
1260 352
1208 1466
300 271
999 582
935 1435
1161 1518
1223 784
717 991
1235 1100
948 232
500 463
457 943
430 182
1384 834
1470 1227
44 409
629 530
47 1284
734 1558
825 972
487 933
725 956
685 0
264 695
667 1550
1489 215
119 117
702 1305
961 1224
341 1515
1524 44
376 806
1328 1020
1300 545
241 187
430 1494
1328 928
922 1428
1219 63
518 662
1220 1209
457 609
479 543
965 1376
1250 217
411 1409
1005 1116
728 1027
375 1091
473 1237
1028 381
455 1031
1165 1327
1427 719
199 1027
1465 417
1181 407
1422 1142
930 258
1054 1289
24 465
66 1110
888 735
334 1287
325 59
148 765
283 560
1391 205
120 1306
892 409
1492 784
227 924
979 830
344 632
385 690
1131 146
198 817
1264 1333
1191 1110
1033 1093
531 493
845 336
909 786
1256 1072
1069 260
1361 1112
739 383
677 536
1476 512
185 553
664 517
863 1229
1153 1113
277 460
1408 550
61 2
989 417
175 618
22 992
623 278
591 810
771 442
1259 886
1177 632
1542 1439
51 689
177 418
586 439
1070 1288
1176 446
949 813
724 1559
888 645
563 865
588 1174
808 1201
358 830
568 626
741 363
435 100
1405 800
1440 601
1397 729
758 423
1441 936
606 953
1085 206
1345 1317
668 660
474 950
566 678
380 1067
502 1521
1213 1246
1307 998
442 625
312 796
1541 522
1282 32
1434 1258
946 748
1393 997
1116 993
860 40
95 858
694 1534
414 535
43 1174
529 726
1222 965
242 544
1404 745
347 1504
305 1245
1157 773
1193 1497
1340 567
1360 1353
310 699
365 1192
1126 225
677 268
942 1503
1417 1150
674 187
583 222
161 1352
244 1411
98 330
1332 1030
1058 651
713 975
1349 145
553 596
1056 704
1061 275
573 1509
1539 105
1198 1373
180 1179
233 327
1300 597
1348 785
741 194
336 1169
210 1159
1428 1400
951 272
361 1400
1146 76
1319 588
1281 1304
899 1315
378 269
1526 379
1131 673
301 1346
882 1297
799 168
645 514
175 700
466 1394
1319 281
374 196
1363 1447
630 779
805 1337
953 1272
757 1234
41 252
441 1237
925 893
643 179
834 847
577 1410
1149 255
506 332
394 321
675 153
1514 370
314 337
43 766
636 229
881 171
1195 364
1341 313
98 884
541 714
1021 709
177 88
1345 1498
1013 1464
1437 918
371 797
157 1468
487 616
1184 144
975 657
1052 197
1508 352
537 525
1513 416
996 557
331 94
1551 265
401 739
770 871
853 1495
1356 837
0 803
452 302
681 32
811 30
1059 859
1210 575
797 1220
652 9
1183 1074
788 609
1290 505
384 193
767 474
99 1564
10 598
616 663
427 126
104 849
1331 621
190 865
640 1430
644 890
23 116
947 979
682 1103
423 764
666 1257
698 582
1186 1332
598 1307
265 1452
219 542
112 135
175 630
716 1531
1162 826
253 1435
599 1167
445 1188
1215 1419
831 646
1293 1433
102 1181
237 1135
789 1014
557 1437
1062 954
1490 348
1469 1157
665 103
1299 420
759 459
837 1436
957 777
252 656
1228 207
1031 541
45 977
1318 1080
1306 523
205 755
313 603
952 68
236 539
1119 212
71 470
788 106
366 1352
1249 1482
1322 522
410 1491
730 1029
89 688
1029 923
1236 463
421 335
984 862
62 997
917 1404
73 1277
1272 26
1485 1372
1367 36
676 729
1442 995
376 978
812 1310
1149 539
319 780
1368 1311
290 1002
1461 957
1122 1308
1266 1565
1418 1477
686 1312
359 1152
332 708
1077 492
1530 1056
552 602
904 1286
1138 1450
493 419
1355 321
153 340
1247 494
1017 954
259 742
1133 228
711 678
1028 1136
657 209
360 859
67 1188
453 266
1234 697
1504 618
694 1208
605 1449
900 1015
640 1173
1335 1080
707 1343
1562 109
194 323
107 482
836 1186
6 125
45 1255
612 468
392 861
324 877
826 1249
802 271
1385 878
1460 907
389 284
772 596
1503 1310
1487 791
54 93
1230 1413
1132 318
221 874
1383 549
1325 540
651 1
1102 1156
172 1155
1522 521
1283 143
362 940
1424 608
272 1510
1333 84
1175 1275
1317 555
1440 1011
628 661
1436 753
42 623
1391 440
244 1122
299 1477
1563 1072
1488 404
1322 1398
1464 840
458 874
629 848
14 642
202 330
197 51
26 715
1285 1041
1131 558
1446 894
1312 343
300 1364
186 749
602 85
53 1321
137 91
528 1007
291 24
906 413
206 2
1506 199
1104 653
1448 635
1111 1286
668 536
634 1438
670 1422
538 652
1389 771
1260 218
1342 110
269 491
1159 1241
427 1268
20 407
934 1087
1086 572
526 1382
733 676
1366 696
868 484
1006 1227
1026 989
1355 440
1044 547
898 701
891 1163
1014 772
66 467
1349 847
745 593
216 546
382 270
191 129
932 1541
607 1205
1184 869
327 369
1221 873
130 148
1544 1525
932 713
1528 1154
1018 1226
1125 322
760 928
401 1354
1543 593
614 38
1414 1515
1395 1201
684 58
1549 595
976 638
1018 1499
908 848
534 612
790 1102
810 294
288 394
760 941
84 1369
620 1269
485 1165
1380 578
556 256
156 1253
1199 141
792 787
170 37
1053 134
298 1024
1273 1336
1003 72
50 883
890 587
1046 927
756 108
1247 594
1338 722
106 1232
527 424
478 556
1061 1502
52 988
819 342
1489 184
387 1108
295 663
1004 889
7 685
1483 828
1125 1129
824 1133
1416 1421
1426 1190
1455 1543
1257 600
996 1314
426 934
592 1377
1114 171
1513 798
55 1121
835 887
962 840
1471 403
471 138
809 1362
733 1339
613 1407
1522 160
1189 731
33 1496
737 358
1476 258
1071 743
443 1197
245 838
999 575
202 1292
1287 273
815 74
1173 1512
1231 561
453 842
1551 899
807 959
1082 368
1270 1517
448 34
125 608
486 1063
531 711
233 246
1168 1144
574 504
465 1013
765 548
301 684
1094 316
1150 398
1426 851
977 1113
1009 1291
1564 1401
838 960
633 721
377 4
1001 964
1299 985
1204 618
393 1290
1280 367
945 1064
350 867
144 377
1263 1052
514 1517
481 1461
1463 174
1128 1522
344 559
79 816
754 403
943 1417
1081 1105
354 133
515 274
1049 931
1108 13
1244 675
498 984
794 473
863 504
836 905
104 421
1003 479
1375 1124
1089 152
408 750
1561 1554
752 90
1119 162
195 120
1042 1160
600 1059
1137 898
746 1239
747 438
225 158
1371 1353
152 343
799 22
183 923
631 17
896 422
413 415
1041 1229
1038 29
230 1217
661 1452
249 1216
1024 1219
1381 65
879 1043
1429 31
255 1557
318 998
469 433
854 1324
1225 732
1330 643
420 705
1548 501
627 956
743 1289
111 1140
1376 270
444 891
1533 1197
439 1365
1075 195
1523 706
123 762
292 303
1381 1230
106 21
460 496
1388 914
353 1500
1432 649
913 814
873 798
629 1390
380 951
25 1015
958 1425
216 238
1016 903
532 373
1379 388
1071 242
462 159
714 1083
831 516
565 405
740 312
1295 793
1277 1071
315 654
192 580
158 846
1262 1342
502 340
1548 1051
280 367
456 1420
223 480
619 1129
81 911
328 74
1079 812
1374 849
1540 337
901 1386
1252 293
334 127
238 20
1396 1062
267 1218
832 523
1556 815
615 676
1519 1210
921 1262
919 897
822 80
1096 801
659 263
720 1124
762 1171
1494 718
755 1271
1431 7
1192 987
570 200
889 53
180 139
281 412
1472 876
964 1309
1264 250
709 908
851 519
1065 916
266 670
1267 1223
1175 1250
1444 231
155 458
509 795
260 476
468 170
179 715
743 20
1359 1534
16 1202
309 647
1474 251
1194 804
1338 97
113 1351
580 615
790 1380
1203 855
109 606
753 295
628 637
323 695
333 1101
254 1475
1363 828
1143 286
1339 326
372 1364
1297 1137
864 386
480 1360
166 562
721 1298
519 590
494 1041
1325 1048
408 1407
1200 875
823 248
172 937
698 758
1523 1280
176 1530
374 1425
147 638
1047 880
1458 1369
955 1111
1490 1474
1 795
785 70
1063 1334
1134 1163
159 500
520 1155
716 750
747 1516
579 249
681 1217
193 833
696 906
1340 1505
1266 1274
1106 1329
481 307
888 1091
40 492
1130 872
982 18
634 870
659 1473
1265 454
436 936
1183 958
687 25
662 305
736 625
1500 1525
355 776
449 1492
937 1481
1000 558
603 832
1141 1248
574 867
579 508
455 763
604 1415
737 490
23 1054
308 1138
703 459
1067 1198
73 1546
1294 1392
961 594
735 1390
1409 983
67 520
257 1095
150 1389
1323 852
528 728
1382 933
1452 389
839 1429
1535 1359
1182 752
477 1132
1160 19
1218 189
1178 5
683 551
915 124
1032 1090
1267 1078
1509 296
298 773
1488 1232
130 1253
885 163
256 1397
1115 1385
1190 730
451 1473
955 1025
241 1093
88 1527
488 1560
723 136
907 395
803 1508
1098 165
254 282
1291 994
1145 774
919 507
1180 224
1034 1246
79 704
1141 1049
220 1323
742 495
1126 142
533 8
1112 1370
1484 1247
1468 1233
693 1096
545 454
1539 1320
86 211
1418 777
1387 946
1545 968
1000 1158
1316 428
942 391
1279 96
729 558
169 1185
1520 595
139 1278
434 781
1326 565
204 472
639 1545
224 1416
981 780
237 763
1459 647
1241 1259
1095 128
1182 192
425 550
416 1301
194 461
1048 48
351 1383
328 1446
6 1542
870 482
259 1406
802 319
1335 304
1081 277
554 208
1410 86
1284 1427
633 585
495 368
1441 1037
333 571
1047 807
967 47
850 419
945 620
925 624
1486 720
844 1117
1020 801
390 1348
435 751
28 783
1527 160
548 218
1304 1462
809 513
1555 499
880 294
242 690
1318 915
274 866
123 178
371 1549
926 918
746 212
683 229
71 486
209 1377
1168 766
1366 280
70 39
1148 375
853 555
706 190
1438 34
226 428
1152 396
875 433
114 1060
1315 449
573 1398
232 105
1083 142
1178 1308
825 286
351 686
718 1128
607 86
470 819
905 962
251 1357
383 1065
87 571
188 796
38 85
1293 94
607 385
357 585
909 1533
350 549
1166 1202
691 1148
1176 562
121 349
498 1085
527 740
566 118
393 1413
1055 285
1140 674
1170 1439
577 1151
868 857
1274 960
614 61
446 658
447 17
1203 483
412 727
303 829
963 475
610 1484
1344 1258
959 1164
1281 820
9 1561
1164 1412
178 1331
769 509
236 1070
191 82
586 1516
57 64
375 609
21 775
196 818
667 1123
418 1367
649 273
276 978
1057 1544
968 1039
1236 1483
814 779
1224 211
1243 817
292 201
537 1449
456 1421
8 1121
1529 1512
1010 1495
1459 1507
230 335
279 920
1273 656
508 682
1553 485
1423 688
529 1105
75 466
1526 220
122 778
1390 1166
535 1329
124 1058
624 1143
1493 131
1520 1046
786 1529
1019 572
240 15
390 775
1224 584
429 1042
1462 18
1358 669
732 559
464 841
181 1511
27 800
128 912
257 564
1334 1240
503 357
398 431
80 843
1278 540
52
12 7 11 49 11 38 49 13 40 45 1 27 33 40 47 8 43 6 40 7 30 14 33 44 43 25 39 38 32 2 15 5 27 39 51 6 8 36 51 1 37 21 43 48 17 16 51 46 20 46 25 21
