2690
872 987
317 1256
2197 1589
2011 1878
2075 1459
356 1213
2014 1624
1521 937
2549 338
944 2123
1567 2267
2171 1875
2641 1262
1574 1562
1825 1457
932 1907
1404 2574
1429 1246
2262 861
2392 1398
305 2362
1995 179
392 410
1991 98
246 678
1357 2381
604 443
2298 906
354 1574
2556 1601
2401 854
1124 451
1413 809
564 1189
80 856
974 885
734 802
2553 1566
489 1172
1279 803
1143 1038
1573 2053
2249 1287
1637 1714
478 688
2652 1226
470 1345
2399 44
809 2358
1494 549
1151 480
535 1934
2681 1932
1328 2589
2354 1918
1627 1320
913 1527
1095 2098
261 2433
2305 428
252 1184
1747 1160
836 1543
1207 2020
1963 2548
1909 1958
1741 818
480 1039
1538 1086
565 772
1075 1487
1231 985
1784 2119
422 2643
2394 2032
223 2274
540 1839
1760 2071
707 2638
964 537
1270 136
1964 914
1668 2615
880 575
188 329
2056 217
814 1458
2226 140
317 1876
1501 1464
2388 306
1257 113
1857 600
430 2422
1049 1452
36 1416
786 1234
1015 1359
2492 1922
903 2676
689 1968
724 612
2235 2536
68 1967
752 619
847 1363
268 782
1414 1097
1411 2303
954 978
2188 240
1151 910
2028 1238
678 25
780 1209
1113 1378
439 1995
840 259
787 674
2627 2453
1032 628
270 240
275 136
2017 575
2549 1333
1694 883
411 617
1462 437
1090 740
1464 876
791 2126
221 1621
860 2636
1451 659
2287 2196
2580 1069
2224 1743
2569 994
2436 1345
921 206
365 1949
2372 676
650 1233
692 423
1763 1001
551 1653
2261 2006
1941 795
149 66
2209 72
1215 164
2101 835
783 2324
1804 129
2357 1221
1156 2618
744 1471
1375 1369
2286 507
838 984
2572 245
1009 1207
103 2365
1712 2557
1313 1850
2415 902
343 2481
2525 16
120 743
2091 371
1997 732
1410 878
1397 593
680 841
1541 2593
2081 26
1061 176
738 825
2631 345
2141 2398
2610 1921
1930 1982
1646 2538
220 352
282 1821
406 1709
1246 1428
2616 2008
178 2370
494 1556
371 1953
1054 1026
509 361
2623 1316
2524 468
2027 2494
1492 54
20 362
1592 599
413 865
2006 907
1654 875
2045 2463
603 249
2543 2045
1312 614
1671 92
1240 1728
447 2013
1583 426
2561 1029
2659 1179
1916 380
208 613
2332 1851
1277 1275
1723 75
1793 2360
382 2412
2498 359
78 1135
462 2180
2260 519
918 1346
1666 787
2687 915
255 1990
118 2202
1722 826
2629 730
1727 2563
863 2316
1295 1376
1645 1906
42 789
1355 1635
580 1300
2317 2609
657 2500
192 1102
982 1795
155 2675
2499 2176
790 2327
1473 369
2501 339
2636 1885
812 1560
788 1901
2602 1099
2391 50
877 1388
1042 997
2341 2517
547 2277
846 606
782 1310
359 168
1711 1389
2328 497
473 961
2124 1751
1318 2668
1648 308
554 215
1383 822
610 1278
2148 1106
32 2216
930 355
932 1192
789 1186
998 475
475 2532
2568 1480
2348 1053
1870 612
2078 74
1477 1379
2234 1571
1857 1047
2509 106
2489 2084
1631 533
2210 2609
2024 238
2496 531
1726 1320
212 950
2052 2125
1922 1370
2073 1796
1931 1590
71 1211
664 1248
580 1732
2248 1595
1620 264
1073 1147
2409 1771
1928 1592
1783 92
61 1937
2620 490
2523 1323
884 2447
303 1957
1887 2577
734 640
416 645
1510 1757
1063 1466
1858 1000
440 1721
823 839
1389 1169
2343 2235
2304 1643
2026 40
2458 55
1853 748
497 1733
161 1065
1697 2601
2673 1180
1661 1336
1513 237
437 1407
182 1638
27 711
1772 992
1779 1235
202 148
2036 295
1838 1095
1273 2294
2545 62
241 1319
585 2533
1022 1647
2586 1989
377 433
965 206
1143 441
544 709
594 1455
273 630
2435 1730
667 2666
2444 928
2604 446
139 2169
1925 2429
958 2657
2086 77
2678 1728
134 923
281 189
1744 210
528 2454
847 102
104 2503
2043 24
1597 1613
852 1720
1103 1535
1439 12
2635 1558
2541 770
1314 795
228 2242
971 2573
1678 320
1858 21
2310 672
2306 1419
1476 2440
1761 1480
2424 1815
35 1603
2478 2441
2566 1870
2629 1792
1304 1070
454 261
1889 1409
840 306
2513 479
1149 2364
2380 616
2390 1579
503 60
1377 2338
2097 747
683 1565
1185 2386
110 1939
1445 922
204 2103
1799 1911
1067 305
1984 1769
2190 1890
1182 954
539 1232
2642 656
846 888
1664 2420
665 1884
643 577
2625 1897
1460 2155
2639 468
1780 947
968 1724
1780 1557
195 2504
2153 2670
1334 452
1981 1041
456 1208
2121 1623
1305 562
1283 1802
857 1507
1657 786
1130 2169
1898 1150
936 173
2373 276
1894 1342
665 1660
1815 823
209 860
2294 940
622 1371
1909 2174
541 1610
1347 65
2660 1872
1873 301
2040 227
1564 2599
351 1219
1623 495
412 1344
2248 48
1974 1088
2355 2591
2107 2267
1847 1862
722 788
927 1315
1781 1277
2247 2460
2496 1524
1753 294
727 1341
895 1177
2129 562
2181 844
1356 2417
871 2244
699 1520
251 63
1053 2499
1715 2407
1993 946
63 2640
1163 2265
656 1924
1773 1770
633 222
1503 2615
1071 2467
650 120
1031 247
451 2559
1085 1084
1014 686
1120 1030
963 1031
2074 853
1745 879
2034 1907
172 763
128 1925
1322 2177
2503 1166
797 1641
376 2142
2531 1514
10 340
2590 906
499 2580
2046 1901
279 594
2618 1559
561 1694
591 321
84 1493
2651 2044
1348 250
2036 1920
293 723
2270 2185
2241 251
915 614
82 1729
582 1618
933 644
409 303
2239 2111
2461 421
1161 1141
1738 427
1734 1311
1441 173
1826 266
1138 1831
440 2114
1064 2464
2342 135
229 1577
955 2311
1640 2325
1746 2223
990 781
708 1902
663 1636
595 324
2083 1991
977 463
2256 1615
1691 298
299 1881
403 1420
2327 2374
2097 1204
153 942
895 697
2665 1717
488 826
1025 893
1325 1633
1972 2027
292 1406
2157 117
2393 125
1297 801
2508 1111
1396 2120
2039 610
108 1308
1771 634
1834 426
2447 2658
919 746
1475 2057
1723 2626
1297 504
2467 2527
1214 234
1999 785
1176 1669
1005 1404
625 443
2340 833
1421 2330
1500 1223
1456 972
2127 1299
909 2518
963 1311
2289 1336
362 105
212 2273
1589 348
2377 1947
2318 336
2650 455
1061 2125
220 1713
217 995
481 2131
2180 135
1906 1853
993 753
760 545
2516 1849
132 1477
1676 1844
1627 1241
1219 2334
1829 94
1608 2463
2217 147
1048 534
1068 1057
476 1039
285 1542
2369 7
1895 2393
1827 142
1978 2187
1197 2030
1687 329
1698 2490
916 1882
2445 1214
1504 1503
1875 513
2110 1215
546 1137
1571 992
146 1242
553 512
712 315
512 960
442 479
1237 2368
1861 1947
2113 255
219 1254
1200 1744
1953 387
1788 466
2519 132
159 2005
1550 1051
1285 157
2251 1294
2318 1980
335 1599
1551 1238
1176 2298
1609 1132
38 850
374 1034
1975 1111
375 2227
464 1700
1968 79
2093 1196
2515 2194
459 640
1393 419
257 917
2106 2255
1204 1893
466 1824
535 2038
196 807
760 1978
53 2482
2553 1553
696 2290
126 1661
2145 191
269 43
1093 390
1684 1557
1992 2371
736 600
69 2039
1767 204
463 1976
1889 105
288 1737
1888 2058
605 2187
684 1658
645 1566
603 2275
2645 829
2253 1787
2621 893
425 2263
712 1360
380 991
764 1114
1445 2122
530 289
1552 383
1492 2437
784 900
618 1993
2375 256
2486 1027
2479 990
2436 231
2353 150
2543 2024
561 1195
1344 642
1093 2295
1580 1913
454 920
2344 648
366 1578
2293 1781
1482 2566
153 735
2273 1940
1455 1281
1415 1490
508 1969
975 1625
93 2535
357 23
2451 2259
996 1766
668 1499
2054 224
1385 381
1788 1479
1339 1809
424 2008
1422 517
196 1874
1378 1044
248 695
2285 2240
2164 2185
264 1393
1264 1946
1885 906
482 10
805 307
1236 629
2061 1805
931 2095
202 1635
750 2258
1199 1133
2493 162
849 1227
1212 842
781 988
2539 1820
651 861
769 1952
1979 615
1672 1755
430 1693
2648 831
1540 1243
1119 70
299 2347
2351 216
1575 872
2337 2388
1748 1600
2481 928
705 2042
452 567
429 1064
1689 1400
2366 77
577 700
164 2070
2050 1271
286 912
832 1563
1572 801
295 1783
458 2605
1081 1408
1833 763
154 1619
1114 727
1538 1333
1048 1610
884 2269
611 2551
191 2300
2438 635
844 171
1817 1986
1784 266
2200 1154
1225 517
1170 124
821 2477
574 2686
194 764
1844 682
873 38
2582 1079
2358 141
1381 2490
1587 1864
1530 1016
2102 328
177 2145
1897 638
1729 1268
1371 87
123 1235
709 2500
2564 356
349 263
1774 1555
2336 2372
1395 1721
2170 2110
523 1489
1782 39
1210 1006
364 518
1252 1442
1212 181
116 2497
2166 560
2610 1826
87 651
2404 1125
2239 1170
2085 1611
2159 89
704 1774
866 1109
243 607
679 1354
1028 765
1884 1597
70 2252
1199 542
2166 945
968 2070
469 400
396 149
2443 2101
819 1653
2132 333
1851 1817
1936 2211
1049 2299
47 1453
2628 128
2625 970
1055 1587
2605 384
323 566
2491 2515
672 1157
2092 2209
2051 2004
2292 2
2521 39
2067 1439
422 1586
1194 573
630 1834
1681 1148
318 2023
1986 2156
1746 2293
550 1349
216 667
2333 376
1940 1427
592 1454
476 1139
661 348
905 83
1798 195
1606 2201
2335 152
1703 1498
1810 2031
1183 880
2095 1312
44 1182
2465 2154
1258 707
951 1284
1546 697
1384 112
1837 1245
524 1955
1887 680
484 450
1680 1572
2351 911
1772 1075
1575 2278
1673 1266
1218 185
1778 2371
869 886
2622 453
2167 1537
74 424
2173 1757
587 1903
1483 544
2150 1683
762 1020
951 2603
2082 162
2474 1301
1197 1607
570 1962
1033 1734
2080 258
2090 1690
1463 484
1594 1994
1385 2491
510 417
2524 1152
375 157
2441 2386
2367 2017
1929 2495
2131 1669
516 1877
109 1518
812 1942
2427 2108
1964 1629
824 2116
234 1242
2219 1726
1325 159
623 1586
1059 2356
907 1428
2068 1670
1198 435
187 1298
1496 825
1525 755
508 1730
1251 621
2218 799
1985 453
714 297
1836 1407
525 1059
2250 1705
2446 2411
521 974
193 2431
2161 1206
385 982
1034 2076
1430 2266
938 1752
1112 2448
2533 271
1497 2383
741 2163
1856 1201
767 1469
2403 2640
1576 1221
962 2100
230 420
543 107
2480 1024
2401 1686
2047 2144
663 1092
24 1619
1303 2190
864 2664
757 946
1685 1942
929 18
2510 2220
347 1481
1626 1327
34 589
2547 241
1960 687
2675 127
1010 2430
647 474
800 56
1499 1759
86 1164
815 1549
1681 155
1676 1881
1427 1650
1286 439
2560 1796
977 2658
1534 1081
2492 987
2541 1818
316 1318
176 1698
2488 2054
90 1558
298 1855
2336 211
2308 1131
2443 2123
1099 1456
1129 730
1529 13
1751 2545
2579 547
2146 81
1856 1284
2278 2326
1519 2578
1202 1845
2575 1710
1420 225
2534 2130
214 314
2457 72
780 403
1155 1426
2314 923
1101 51
2602 2139
1475 2303
110 502
1773 2220
1076 2404
2453 2183
566 900
743 745
1824 2534
1614 1785
145 1239
2442 111
706 2345
1207 285
553 1758
2603 1471
158 1313
394 1966
1513 1394
1386 323
2672 207
2312 350
2188 945
1261 1659
408 228
1046 1191
520 541
773 777
373 2617
624 725
816 2037
1066 1076
287 662
1128 29
1665 2093
1244 383
398 2575
1551 2289
1731 2149
2402 1083
1272 597
336 2137
2432 557
655 410
2396 2594
1484 1547
405 1735
613 1164
492 61
843 500
273 849
2646 2279
2177 1486
2366 2408
805 1713
232 2429
438 523
853 1315
332 448
46 873
192 2250
1136 972
2511 2576
2025 1249
710 152
1255 1644
576 395
1084 859
1195 2363
1677 183
910 346
1926 1795
1483 457
1022 1689
207 1640
2682 720
2662 1019
313 235
909 728
1332 2542
639 477
996 1500
2176 1486
2301 1573
1352 1568
948 876
1196 737
1463 2002
583 887
213 1923
2651 2094
1998 244
1999 407
798 1329
526 598
1072 1646
1855 2648
1396 1526
1612 324
1025 2368
1302 733
2517 1113
710 808
2073 1358
845 119
2522 2493
2680 2033
2425 756
669 1187
1109 693
1945 1218
56 187
2355 1350
1436 1174
1307 739
1707 1918
1935 316
2482 2561
1971 1928
749 1050
428 1322
2117 244
143 973
2202 1507
1138 1353
1691 2068
2332 415
2157 330
1454 1846
268 2656
1469 2106
1533 1018
2322 2548
1382 2010
2595 1166
300 2195
785 1308
572 2630
1758 2271
2683 975
344 1097
753 632
1708 1467
1071 1992
1665 855
1444 2281
2596 908
471 2590
1701 1534
358 1359
311 1556
1705 1787
1702 2287
571 2468
2016 1473
2136 694
239 121
1088 854
290 146
845 2195
1668 1739
1517 953
2077 2215
624 1016
1341 2320
2411 2322
122 1247
1200 1544
2487 511
949 1690
2598 15
2475 1715
1893 2432
160 1265
671 734
1706 1321
1832 1126
1989 721
1725 1052
1770 1988
373 1935
1133 1387
2621 2587
1408 1251
2115 2529
389 2381
2240 1309
1051 1247
2369 1544
2181 399
677 1981
1931 64
718 296
1554 1821
2203 1962
419 28
1979 698
1253 141
935 1035
815 37
835 1811
584 2623
360 2238
333 644
1159 1852
312 1863
2671 1777
924 1391
865 1845
1343 2464
413 1231
582 2612
863 2377
891 2146
407 2043
1232 1274
2457 690
1474 198
794 836
1470 538
310 957
2071 674
2198 1139
233 1886
1709 1687
1800 1860
2340 2297
414 1956
834 720
774 2506
256 1108
186 1607
1842 870
386 2251
554 2649
2435 1009
589 1030
1890 9
979 2570
1745 828
881 1008
2151 2345
1791 2178
1983 1833
777 433
2034 2480
2361 257
2254 1985
1013 800
1508 2400
2579 2598
1719 1108
2624 1567
160 1227
145 485
2665 1883
2173 669
1162 917
1716 1975
1090 1636
1373 2367
581 2041
4 1228
22 2131
2321 1295
1032 2119
232 1017
1302 1171
526 279
1699 1654
1576 399
2056 1474
1510 447
1222 404
703 327
999 1624
1229 2373
1386 194
988 446
445 19
1596 2452
1350 970
662 1203
27 315
506 144
1085 2163
822 3
2104 409
2245 2666
966 1437
1530 685
2505 351
2613 897
198 80
2326 2245
793 901
267 1381
52 2319
2400 848
147 2526
1914 1140
1087 944
2670 2032
1403 327
587 1187
1156 1583
169 1704
253 495
270 1863
85 1150
1696 1569
1007 1414
444 1107
2033 1805
418 1944
401 1590
524 1716
2140 1924
616 1334
2382 2205
1914 918
477 927
226 2473
1127 1505
2608 889
1812 555
2053 2428
2275 807
1528 976
899 1380
1092 214
2631 666
2133 1401
2476 961
2072 761
2680 1731
40 2416
208 31
935 2356
170 272
1072 2645
432 165
974 36
1645 694
144 2286
2440 57
2422 792
1305 1060
2385 2612
1491 2661
1521 1915
1168 200
98 5
1718 2306
527 2282
2236 774
1852 1224
1923 2689
1601 1553
2613 1317
1667 912
1769 828
1443 890
2238 337
728 1361
1829 803
1146 2595
2067 2431
755 2510
1331 981
2284 929
563 2434
1422 165
2470 1644
2475 54
199 1040
230 2019
1276 1526
1029 2655
883 259
412 668
1509 601
1153 1749
1122 2526
2015 372
122 775
2029 1512
2261 2109
1037 1360
1175 296
2375 1137
85 2212
119 2237
2544 102
2619 309
58 1012
7 88
2581 1014
1528 1945
37 1649
1835 579
1547 1814
2449 1801
109 766
904 2160
2129 2000
106 2540
364 838
1082 640
1441 1581
1390 2405
1961 521
95 99
1790 2174
1550 1495
2257 1517
1449 123
1260 2512
1210 1073
1011 1820
2155 2584
408 969
2600 1680
392 17
1600 4
12 2191
1917 1707
1435 2361
978 2229
660 474
851 1026
2335 2378
237 1961
1602 574
2343 1803
1825 78
1591 862
1545 1387
1269 311
1220 619
653 2256
1167 892
434 1412
1487 1904
2076 2290
2417 2591
445 1659
2642 1876
2502 2451
137 237
450 1921
1274 646
2438 245
314 1950
125 1585
267 368
628 6
2669 2394
1129 2577
2179 2412
2323 955
661 1144
1841 1971
858 503
1481 178
2231 2304
357 608
623 2339
1017 2184
190 174
1537 2354
571 2570
1594 2035
42 1423
908 2022
90 2232
723 1621
1021 1818
1123 1356
1957 205
866 1948
1472 1584
2632 2224
1280 1562
52 2292
1869 2472
2087 569
2556 1658
1435 1436
2078 952
1662 2555
1398 401
682 1613
1570 1467
1628 505
2007 124
925 1582
2062 2264
817 1276
2637 1284
2379 1327
2344 2196
2309 2222
239 236
1879 1122
163 1847
615 397
1070 5
1465 436
201 1997
1415 2107
238 636
1009 659
1158 1750
2164 1148
783 1147
353 832
1023 331
1188 2189
2352 1973
1677 1987
1036 1616
2133 111
942 766
1520 1105
1259 2011
531 2161
744 1499
938 1599
1366 1932
2313 850
358 82
1634 1193
868 2537
1098 576
1603 2010
2225 2663
1209 921
2050 2359
1548 2144
1974 1793
549 599
1425 2673
2603 1351
2606 1827
656 307
1338 583
1263 113
2663 976
1655 657
2059 346
2189 226
302 289
1950 1331
2514 1564
1167 691
1074 2178
2414 1409
1867 2689
1910 1400
2392 2041
2333 593
370 1082
1364 291
1132 2563
1390 2562
62 2254
74 1950
1843 1424
620 2507
742 1241
367 2470
325 532
309 1761
2395 1353
934 310
172 296
1902 2409
1806 2338
456 798
2162 1816
1943 1446
1934 1100
41 1181
2350 1797
109 1078
713 2268
1522 1764
2183 2026
2528 2019
2055 1722
388 96
2550 2450
1955 1748
294 943
488 504
1240 1682
393 101
2029 67
1944 1702
290 1903
472 344
1485 1045
738 1961
1697 1110
735 1239
568 2329
249 830
1183 573
421 920
233 2685
205 2062
2397 2476
675 2468
2092 281
1262 2138
1679 711
1423 1936
2403 2021
2583 926
1168 2518
1711 1511
989 1179
1937 1392
1077 1291
1362 2210
837 558
1450 2192
308 1830
2365 1541
1692 1896
197 1411
133 1024
66 1664
73 1135
1808 2593
1434 2065
804 59
1340 2098
1688 441
16 472
2550 676
654 2544
683 925
2297 2228
115 1278
134 1588
859 2346
960 1732
2472 1565
1485 521
2217 2302
353 2205
1330 461
1142 46
1296 1447
1786 26
898 1740
2421 525
1260 905
862 761
182 2279
2637 2142
721 1792
1283 15
6 130
1142 2685
1652 2044
29 2661
1161 2048
655 724
1372 874
2247 740
818 726
2555 2012
163 1003
776 1037
1531 442
1116 1617
519 2538
1165 1639
2397 775
2325 2259
703 1352
363 1725
2249 994
607 768
626 104
1438 2604
457 2674
2143 420
581 673
1963 1287
808 1846
1040 647
2529 86
262 2497
568 1511
1927 605
1523 1431
140 1181
1332 188
841 1266
1279 485
1614 860
2560 638
2679 2633
2321 330
2525 1357
2437 1864
695 1432
2474 539
1089 572
224 2632
2199 131
2206 1140
673 1189
2079 282
1444 983
578 1298
2410 1584
1256 1778
20 1930
586 486
1116 1347
1536 1830
2088 1418
210 1303
1094 2049
1008 2522
1948 1338
768 690
2112 2633
1509 762
1271 867
748 778
76 2456
1205 1899
1832 658
1809 321
2134 89
1905 2147
1259 32
1290 2001
1630 272
1128 1125
1159 227
1083 2376
455 898
2334 1216
1612 1674
1840 2611
151 1588
1516 637
2641 1087
2059 498
2204 1178
1525 97
548 1117
247 1908
1789 1056
2483 423
1759 1318
2424 2104
231 2667
704 2100
514 2660
1751 2588
1632 478
941 1679
1535 129
1391 55
1982 2083
1349 2317
2281 2614
1756 817
8 622
2652 2266
1058 1941
1912 278
2138 1648
2485 869
1383 1776
2192 505
1069 943
1951 1891
2521 2272
569 556
2194 292
2105 1886
449 2513
1692 868
948 1106
914 1666
1465 2
1768 1190
2483 1779
53 1086
1225 2523
1861 2423
1058 758
641 1663
2589 2418
811 2421
585 1657
2478 2171
1684 1163
2568 1655
698 754
2352 1552
1112 2679
596 2565
1478 190
819 2413
1836 1625
1272 1929
802 1527
2430 779
2214 1768
213 1960
138 31
765 1813
496 404
1361 1506
148 2243
1877 2295
481 283
1740 465
2471 2049
68 2662
751 1074
1057 2117
2234 1438
2528 1173
904 796
91 1620
1316 1243
2015 2109
2094 143
1178 1977
9 1267
1806 1280
2489 1321
1927 2299
897 670
1367 1098
1174 2111
1569 372
1442 253
2415 770
1417 1656
1062 1790
175 702
901 378
635 799
2058 2271
470 2207
2099 2159
634 1663
1913 2376
702 342
542 1397
48 2387
1119 592
278 896
1754 2626
621 1330
959 529
1175 1708
2390 1306
18 888
2383 2558
284 260
13 1736
1471 1421
813 772
1379 2531
2047 1044
2427 99
490 2509
887 94
1696 2601
518 2585
1153 1000
652 1660
1399 2222
114 2508
756 2649
2211 2316
83 1563
1343 1021
1994 706
2089 2002
1433 1172
467 591
939 1376
69 1301
429 1854
1461 2347
45 2143
332 114
411 1996
750 759
22 1146
2413 2634
2608 1288
2398 2089
487 708
608 1413
2571 2253
747 2059
1504 1998
1973 1970
1447 1275
2687 1956
2584 2025
2684 796
567 1642
1459 1319
1819 262
150 1522
1958 552
2611 432
1154 1370
2331 1859
1919 2300
570 551
1850 949
1010 2052
892 2113
1532 126
1104 1672
546 379
1868 1324
2323 595
2380 1448
903 2088
660 1990
1910 632
242 174
501 101
2288 335
2350 1495
2186 1254
2567 2082
2607 2484
130 597
2405 1533
1555 2627
874 269
934 1043
1479 2643
1874 2009
494 100
30 1838
2060 2252
713 2384
2559 771
1899 35
2452 2581
1446 200
1959 939
2284 1518
1078 1582
637 2315
1984 370
1559 1373
1617 1766
837 2221
1915 1737
293 2246
58 758
368 2562
1185 203
2048 2257
1686 1448
1841 265
1605 158
1478 1300
1631 1540
2198 1802
530 1866
385 1208
2647 980
0 1228
689 2428
1217 679
1066 1052
1917 243
405 2527
858 984
169 1662
179 2688
45 1785
2647 2008
1211 725
1951 885
1508 427
989 1895
2444 2246
1468 501
184 322
112 950
1843 2324
1476 313
747 620
2079 139
1880 337
537 1372
30 1253
67 1293
973 2414
1188 806
2308 1282
2588 666
1096 1735
937 1252
23 1046
2519 1775
2686 1782
236 1222
280 813
263 1449
2134 2461
739 221
1157 2148
2135 745
2459 2546
1382 1091
1145 71
1501 639
1203 520
926 2184
1888 2596
2540 763
491 1424
1749 386
107 1418
870 1515
686 1003
2000 2682
64 491
2616 2064
522 1123
598 852
2282 438
1466 565
76 154
1776 558
326 459
14 2175
2469 280
57 1609
2389 185
2003 1704
1633 449
2218 654
1117 2630
2277 2214
1002 564
659 2140
209 1762
2124 1739
2539 2650
625 719
1912 2276
84 435
1641 856
1765 1898
1593 2291
1004 606
1038 700
1434 833
1497 2459
1865 1201
602 1050
557 1094
699 864
1670 1388
1020 286
759 1184
1578 1939
2158 2681
1412 2075
2270 2280
43 536
729 848
2291 1938
304 2419
1848 2021
1491 493
1652 1797
811 691
218 2172
1764 1794
820 2262
1667 1608
2678 1461
1001 395
2592 2458
180 1431
829 1965
2296 1966
2258 2677
2115 326
60 2283
2132 1554
701 2370
2099 1329
2230 2339
1839 2655
2359 1602
889 384
189 966
1880 1712
246 1823
1190 1727
1337 1417
627 1223
2042 2569
1056 2653
1965 1426
2574 2349
2506 2389
1363 483
2154 1080
2086 718
1237 2307
1651 1443
717 1281
971 998
2654 396
2072 705
515 2212
252 2667
2639 1977
2264 1299
225 631
197 1288
2213 1800
500 643
2031 1871
1794 1865
1131 172
1249 2462
2165 2477
1488 1639
2114 2186
2206 1742
1294 2488
1460 1100
933 14
1205 1842
352 2487
184 556
2420 34
715 2571
2135 1882
1162 1173
1437 1724
2233 2387
731 1250
2619 986
2084 792
957 956
1023 834
1120 1429
1368 1177
527 97
2165 49
2547 2514
814 2016
1292 2644
2118 1340
365 1198
736 1213
886 2407
820 482
2385 534
1835 1255
1434 1739
2617 341
1580 681
947 1883
1549 1346
1180 2320
766 90
931 2276
50 1374
1908 2586
2069 1248
343 1309
434 1362
2225 1622
1812 1273
1402 1107
1717 2620
312 469
320 1399
88 2203
274 2260
1007 1869
1307 41
378 767
2226 956
1324 171
3 2677
2668 2446
506 2121
1618 940
2105 1502
1699 2009
1987 1801
894 1943
1041 2507
732 827
586 1354
1643 806
788 314
2137 2331
983 1561
1828 1822
749 242
1351 1900
2018 2232
2312 1545
882 301
1988 1160
2353 629
2554 902
1102 462
2469 328
1514 1524
936 416
1314 670
235 499
1089 1642
1954 1118
2296 1047
652 2494
588 839
2085 1380
297 79
1767 414
1055 1685
1561 1546
1807 1289
693 1638
21 2628
716 2081
2230 1482
1905 1828
529 1849
2348 2599
2061 543
2020 830
2473 771
1811 953
106 1835
1719 2406
2554 1703
2587 899
985 1293
304 2425
1926 1615
741 2379
2346 1872
1410 1695
260 473
486 2592
617 2516
142 1786
979 464
2551 867
2337 719
1516 1015
1392 922
377 1012
265 1233
2676 2193
108 2285
1440 2319
33 1115
1762 2097
1194 471
1062 2255
334 981
2572 222
2313 779
1 379
271 1348
1616 2030
642 2172
1606 1736
618 1860
2466 1523
28 2363
696 177
1216 1244
331 402
2197 717
2103 366
2495 692
498 1675
1245 1651
1317 1230
681 1425
59 25
1367 653
2391 1149
276 1440
1813 2449
2576 277
2167 1121
851 417
1804 1265
1257 1919
2136 2410
248 1365
2091 287
254 2537
1733 1568
459 1536
2511 967
1158 1250
1365 1226
2597 1042
1750 793
2288 1457
2022 1718
2644 2140
2219 402
77 1518
100 2466
458 2462
0 2454
754 180
877 958
1972 460
2309 684
2582 1377
2231 65
1366 919
1949 2583
325 2108
1866 1753
1191 487
1134 916
103 1067
8 391
671 2065
965 555
514 156
2151 2486
1763 1342
1291 465
1967 168
2216 2147
804 1539
467 1144
203 1468
1854 175
2199 2416
538 1453
492 2066
2283 1502
2606 1433
1470 496
1891 609
1169 778
489 339
913 161
49 896
2530 1814
2168 821
167 2585
431 1323
1096 1742
1649 1419
2535 431
1720 338
2408 2557
1326 138
2395 1091
274 590
2069 1402
882 2305
2221 596
73 341
1405 156
688 2536
2638 319
2014 969
790 2057
2268 2208
532 127
2597 218
1192 2233
1494 1193
1710 701
2141 769
1310 2179
1873 964
1339 2552
229 2600
1268 397
2653 1879
1539 2330
1118 1579
590 215
1011 1837
729 2657
19 2139
2341 911
1747 2520
1335 649
2229 1946
288 425
752 2126
2479 166
390 2654
1264 881
1823 1506
1236 2074
1598 516
1270 2450
1980 1678
2004 1938
2040 1304
1374 871
1105 1060
2328 533
1848 1591
2594 398
2116 1005
1682 1289
894 436
1127 2674
1394 1876
2396 2501
2360 1637
1669 2120
722 1856
2242 2227
1136 11
1439 1542
816 1328
2378 1548
631 1630
1290 2063
2484 540
116 2448
2018 1536
842 1808
649 1656
2456 131
1798 118
2208 2118
2310 930
319 962
1403 941
1762 2439
2616 1675
1115 2269
2096 170
1933 1611
1186 374
1505 1878
2634 855
2329 1045
646 1628
664 1355
550 254
1859 201
2314 784
1104 1077
1560 2182
400 1152
1629 1358
1462 2530
1752 2213
1080 633
1 2170
275 1816
1296 2504
2384 2672
1002 369
393 2512
75 2201
1145 2315
1741 382
1693 1263
2607 345
1532 2237
1267 731
1822 1035
1458 611
1220 1121
33 2683
2426 2162
560 91
2236 360
1775 924
250 2302
1911 1789
2498 389
2565 2402
2439 2149
2659 1650
986 300
1754 2060
980 1862
2542 1807
715 1810
875 1512
2001 502
1954 193
96 991
1337 791
1791 363
1819 2153
493 2035
2455 2502
1126 47
2578 1894
2423 891
1498 2018
1531 1033
1068 2433
1585 1484
1103 2382
2080 1395
2263 2280
666 22
2532 1171
2223 2064
677 687
2505 746
2274 2160
733 388
1472 1364
995 563
2038 258
1306 2090
340 2265
2567 322
2418 718
186 1006
757 2684
1760 675
2182 1489
1416 1255
2272 283
1230 2485
1134 2168
415 2158
1515 1604
219 824
2434 93
460 1430
349 2112
1581 2460
2023 1224
1543 2156
959 857
151 827
2130 1013
1920 1634
95 626
117 448
2077 2028
2063 2357
2664 381
2573 1496
2656 1493
1647 1451
1432 2128
2520 223
2362 1738
2055 2399
1369 17
2646 1261
737 2419
1688 1519
658 2228
1202 1706
952 115
1043 2552
342 2102
831 1756
2614 1375
726 1983
601 1674
2241 1896
2669 1626
1700 2635
1777 751
1401 511
1206 1490
1234 167
2364 1019
347 714
1959 1673
636 1406
1916 51
2349 302
2558 2013
1671 2046
2688 284
588 685
137 2307
810 2005
2175 641
627 1743
1604 559
2445 121
391 890
1028 993
2087 181
2128 1229
810 2465
318 1765
1632 387
2426 513
742 2244
1488 1054
1124 2051
483 1892
999 1079
1292 1286
350 1368
1027 1605
515 776
648 2007
2200 1065
1803 418
199 367
522 2624
1970 510
548 1063
1904 2215
2243 879
2342 1595
2003 604
609 1018
843 2301
2152 2096
1384 1867
1596 133
1695 1831
81 797
1701 2193
2564 1176
1892 1933
2406 1110
2442 1335
1452 997
394 1155
461 2204
2127 1004
277 1799
559 2671
1165 1282
794 2066
355 1405
579 2150
1285 285
361 1036
1900 2455
55
60 20 81 4 17 78 86 44 85 18 20 65 76 3 42 67 45 4 5 20 52 81 32 60 47 19 10 18 50 37 80 6 87 38 49 66 71 59 70 65 7 46 76 23 38 17 3 82 64 86 52 51 68 18 77
