2604
847 977
2105 1023
1209 895
2355 1675
478 1740
2305 446
1120 2519
454 1110
1508 908
582 2313
2507 2398
1426 2260
1917 351
1377 1983
938 1820
987 252
1950 1668
989 1392
645 50
1696 453
2023 2467
401 1864
1247 1661
613 548
444 712
801 1027
2396 1423
1049 304
232 2413
1073 1768
2369 2154
1927 251
1834 2327
904 1711
2359 817
321 334
1969 1594
681 44
2550 722
1695 1627
593 653
2219 230
1208 265
2174 2439
774 1232
1852 1565
1501 385
2564 2281
1534 1450
259 1549
2158 107
2570 896
1991 1996
294 689
2561 890
1388 1398
1884 616
1586 200
1410 1819
1382 259
1846 1999
1532 2474
287 1115
10 585
2372 2503
1531 2446
1614 1772
2069 444
679 1880
202 2057
1833 1245
19 242
845 1685
270 2412
125 575
18 2029
1051 1980
524 2102
1540 2182
387 2205
916 1052
2004 832
554 1489
109 2085
959 2072
306 1375
1329 1981
720 490
1983 909
1710 1664
1405 1147
1899 786
2473 2499
1055 517
965 1554
1493 884
388 2063
1930 2272
750 149
2532 196
2134 1906
1374 628
716 920
1232 167
2503 2509
903 2230
1624 807
995 2592
655 2124
1891 1060
111 457
1248 2284
1451 1787
526 239
1273 976
975 7
1537 1669
997 1300
933 2485
2479 2168
612 1533
264 2049
1099 1239
656 431
1976 1423
1870 370
1509 1763
1879 2221
2555 59
136 1425
921 412
1792 2043
1612 1123
405 2315
1022 1473
1945 1399
644 577
459 384
168 1218
2308 1804
1984 187
280 403
518 1661
1225 172
1445 1195
1183 263
2375 1642
1449 2171
1538 2411
248 1294
1979 835
59 1618
1070 455
1895 1047
764 1541
80 1280
1278 2130
1330 1078
1379 1633
1151 2575
1947 1536
1768 1507
2524 555
1785 401
47 1578
2123 1070
270 1525
1626 1221
96 369
2388 736
1582 24
2510 337
2187 32
1010 406
798 2321
500 1830
377 1002
599 1284
2071 12
1753 2165
1459 1904
2216 1602
2468 801
1705 1042
1204 885
2086 1310
1785 553
2094 1831
1416 379
141 174
2127 2292
1446 120
1997 2426
1839 1114
220 525
14 299
1621 2433
1654 62
1816 1734
798 2504
550 684
901 1199
376 970
2259 1283
189 2525
468 1698
464 1843
441 806
1867 362
2010 2593
1290 936
919 1356
1435 911
1677 1307
1088 1651
153 1164
682 2080
1019 1580
110 1597
495 915
1600 748
1560 912
2526 2344
1730 158
126 2204
822 1143
2183 1818
1370 1670
1743 598
1806 1236
2532 1428
465 2269
87 1189
1455 419
2427 2384
1905 1299
828 2059
1483 393
1522 878
1979 340
1407 279
1970 255
1399 318
99 825
539 2467
284 2521
9 1369
607 1901
2338 1895
182 527
1041 2030
597 839
409 1681
2309 490
2278 2191
461 674
945 1281
1605 578
686 357
1297 923
1705 1246
621 372
209 73
1018 868
1770 44
355 2341
1502 777
1170 1159
398 962
1192 1478
1595 1196
603 1742
2284 1572
1446 1288
21 2165
2443 1827
57 1501
2417 460
639 1258
2578 1620
2055 2378
1888 789
678 1959
421 2494
1865 578
632 1193
148 1837
1795 2328
2170 1841
746 800
2110 2155
2406 2025
330 863
2247 888
2220 522
437 1441
218 197
513 2426
506 981
2150 1139
1440 1625
1574 11
1035 1335
201 1168
2134 2058
816 2117
1564 2597
307 2050
622 306
2116 1365
1720 2288
1730 303
1079 1442
2176 804
2248 102
1158 103
2077 934
91 1789
1228 353
2250 2212
2097 1373
147 567
1136 276
1176 1319
1476 2267
2206 1188
2458 1176
1527 2450
411 118
954 1888
701 2022
1807 177
1090 391
657 1832
956 358
2374 2136
1878 2142
2279 1789
387 498
380 1122
1781 181
2192 1784
50 818
1965 784
2487 1257
603 647
2050 1645
127 949
1790 266
1916 719
1678 715
2236 1206
1782 463
374 1831
1602 569
518 1750
785 2480
708 848
2442 1820
229 804
262 905
410 2449
2253 2372
1385 811
1962 2371
245 1905
267 426
364 2409
1333 659
1963 586
1834 307
291 2123
335 52
552 2131
2389 371
2419 148
422 2262
2169 1274
942 547
2268 2126
1555 118
1190 1625
2257 1447
331 1466
811 1027
1988 1438
1497 2364
991 2109
2232 1957
1637 1359
2011 191
218 1325
224 2188
1583 1351
464 1233
2407 1042
112 570
1949 1028
2226 1314
1244 1161
627 1972
1682 1305
1538 1735
1331 1594
1296 183
439 2298
115 2511
2048 529
1132 1703
1511 690
1464 1424
1240 1261
351 160
1961 876
1279 870
2542 327
910 1644
754 586
1512 1684
2265 1997
204 1607
749 985
703 1133
1666 2192
2070 1204
2149 1158
502 2447
1603 274
1902 2496
992 1652
738 52
661 2482
2548 905
1703 1391
1157 930
634 1755
6 2534
546 1817
1664 807
2215 2214
1327 575
2206 962
1386 207
2138 1485
816 1071
2304 33
2162 89
2591 1528
62 1559
590 744
2580 1807
1854 2560
1040 2381
1081 2545
1828 1100
1406 1380
1141 1563
2564 629
1145 320
1377 469
556 210
1738 1811
714 2243
2143 2057
1944 1309
1720 1719
2433 266
2184 1658
1244 1064
1154 1024
1571 161
2167 1584
636 1225
728 889
2338 2399
450 619
705 374
2342 2133
2347 2198
666 762
817 2096
161 404
1131 995
1943 1686
2406 2021
647 2120
417 928
2514 2257
592 923
355 1825
1887 2552
1031 2219
69 1411
1500 108
903 665
1394 2598
921 456
2356 2103
1409 2081
2343 1319
561 1224
1275 967
793 341
1877 2196
2258 781
420 1179
1372 476
744 884
2340 1289
2470 1220
1722 268
2066 2211
2137 2324
2105 1674
1994 141
2100 2269
332 1900
1535 352
1641 1250
1113 256
1386 806
1778 1739
753 1293
1993 1163
1259 1919
61 2479
632 1153
1812 1048
2196 1491
1420 226
2107 1548
2335 1205
2097 1907
1174 2159
2122 114
1530 1612
985 2366
442 2577
988 2316
918 2429
271 594
2162 1361
1772 1104
85 1640
1350 1821
31 515
1052 1482
1688 1139
1242 1993
2371 1384
131 1097
2008 902
2583 761
2293 2306
814 1073
377 1817
569 1181
400 1773
1826 504
812 2156
1529 391
2395 2572
1994 1289
963 1009
2074 1861
1727 1410
1577 1951
301 1367
626 2034
2421 2082
106 65
1616 1247
179 120
944 2489
2212 693
1971 1312
617 2314
319 2524
336 462
925 395
1773 1357
98 74
132 1656
252 1469
2207 692
1120 1680
480 450
2436 1016
2454 159
1135 1886
2487 2456
2273 759
2223 728
986 243
1402 392
484 503
1952 1003
812 571
1800 1779
1898 1716
1891 2068
641 1248
394 1900
2322 1126
1082 487
29 1404
1555 2252
1001 1363
1133 1846
2528 939
174 466
1833 1657
815 1671
2588 1792
479 244
483 1457
2541 1087
2410 154
1366 1725
2007 1480
1053 898
2033 2019
521 865
598 421
2037 1835
2034 745
1183 620
1580 947
1146 1061
1318 78
1504 2194
1889 992
1908 225
1067 258
2573 605
648 261
852 1788
1614 767
1822 1261
449 711
2425 1967
2044 467
2086 1616
1716 943
1554 448
2320 1881
1552 1893
729 1078
1171 1766
891 2161
2248 745
1453 1084
1876 2202
1550 660
279 1447
1085 1934
1432 2417
1387 330
2051 875
2412 2060
2048 1462
960 1058
1578 323
2466 1901
2527 2545
2067 829
897 1354
2341 2376
1762 2382
2026 1634
2358 2053
894 2244
1470 1581
1964 111
1045 1615
1869 2056
31 1525
1606 1673
157 416
809 471
972 103
380 1736
1274 1565
2242 2563
1914 1740
1732 2092
1232 482
2603 672
1926 2218
150 524
841 1811
86 1371
1542 2073
434 535
2035 1062
1299 1231
344 1751
1191 2584
542 688
314 906
1251 688
138 1180
2351 916
1524 2502
560 77
1778 670
1870 2249
2435 685
342 1998
1894 1250
1238 1607
61 814
2601 1175
1909 2501
2354 654
2554 899
1069 543
77 711
1238 538
1560 2141
2081 222
1552 1527
1803 1001
1762 1076
601 2536
2444 1819
889 1246
1771 37
1987 1632
2287 1015
1436 1840
1240 1005
913 780
1068 1546
2509 474
2455 1575
1352 1756
2061 58
1621 2013
310 1916
372 331
431 2553
2122 826
1241 990
2493 1940
300 2036
969 984
2465 1126
534 1311
859 328
1651 671
1391 246
732 1607
1719 941
2009 1087
2141 2174
1381 1110
2352 483
460 1882
1466 2390
1442 2468
1922 268
613 334
1721 1814
2186 123
1468 562
278 2209
1620 470
522 698
217 2175
564 2410
1066 445
129 980
797 2599
1358 408
379 1236
2024 325
1251 1702
1003 51
1370 1844
2087 1162
594 2432
1243 776
868 2492
2237 1843
86 664
364 657
1342 895
645 338
685 737
576 2246
635 2083
843 2515
1788 2486
2049 741
2238 432
2442 285
1471 787
2087 557
579 1755
2148 1849
703 1646
1599 1105
2226 2295
752 775
2012 2277
117 1400
1696 2469
947 2251
696 2578
2386 28
1733 1896
1708 1575
782 1832
1980 608
1764 1452
214 135
117 1108
707 2359
350 396
363 2436
2361 897
1857 1277
124 1116
256 1134
1356 430
1795 2193
435 2475
1780 2111
2113 1808
1726 2211
2435 2180
1252 55
1206 1054
197 1207
1317 1851
2358 1360
1665 2268
455 1436
1724 101
1741 1330
1449 648
1828 1190
36 1304
2526 606
1194 2297
2579 270
49 1728
1908 845
23 1884
2466 642
265 2495
860 1103
1496 1824
1089 1936
1345 1127
676 549
1499 2391
619 247
1230 1784
727 249
2190 1077
2062 1160
2334 1325
2546 644
273 1099
2189 167
2291 1622
2215 1411
222 2302
2070 2306
142 2527
2166 365
1756 269
1237 762
1111 1271
2335 680
2185 335
2015 555
2160 1518
2201 2507
2088 1753
2397 1129
1715 1626
1181 971
407 867
2336 1866
54 935
2195 1691
296 129
1459 1797
2218 2132
582 2045
1996 2568
1871 326
2145 2059
1343 500
1050 2213
1315 2083
2029 178
1055 1167
802 1723
1171 1544
1995 888
2314 2419
133 2391
2071 2153
2075 1953
697 1460
2360 1378
1532 1700
2098 1174
398 901
2389 1646
1389 187
2026 360
1137 2484
1793 2475
690 1048
979 1307
2476 1644
26 145
1718 2376
1634 2285
2139 2537
2447 1605
1836 1551
2317 1420
2562 1692
589 2264
2054 1403
1553 482
1097 1192
1088 986
1393 2559
2540 316
610 171
321 436
2362 290
1401 1589
854 886
1587 706
238 723
2311 188
2191 2501
1295 169
2186 2113
2363 2312
71 134
628 64
2003 2327
308 25
2557 593
1012 39
809 2033
2198 722
1168 1326
1166 313
1890 2453
1741 2261
2472 1517
2263 1263
352 480
2367 1470
1217 773
1868 1166
1601 549
2464 220
2301 297
1748 1583
1266 2054
1984 729
2307 1039
367 1915
1704 145
390 1522
1628 1890
1502 164
486 1128
2005 783
1045 1253
1415 1276
407 1738
686 1234
162 2394
121 1050
1949 2459
2143 1627
1744 347
585 324
882 1332
1945 2301
1031 1928
621 110
1806 1923
2558 1581
271 138
2408 231
797 2201
982 1119
668 965
2053 1649
1791 2418
1519 417
1853 1902
392 1767
1654 1629
493 1856
2486 253
1197 1526
1714 2240
190 1474
221 623
1678 1823
1514 149
869 298
1352 958
2076 132
297 1482
2485 1074
289 532
2519 359
824 2136
624 677
356 1961
2118 2286
1443 2451
2235 255
1531 244
2120 1782
1140 2356
201 2581
2491 1497
702 682
1226 65
609 2567
1558 1221
1671 454
1487 378
1092 2072
805 348
926 404
2276 2332
2395 882
405 562
1829 357
1175 105
1874 1774
1923 674
2090 2239
655 1144
1881 1536
2380 1082
924 78
16 93
1619 1310
929 235
2252 994
1989 1152
2108 1130
1744 922
1739 1977
842 292
27 1688
2477 240
151 1593
1942 1357
101 1500
95 1898
2568 1384
194 363
2559 1686
1734 2530
774 1068
1913 275
2587 1471
592 1227
2067 1383
2428 484
1125 2157
1165 1486
528 1528
773 476
97 844
680 192
1375 2234
1932 1842
1033 2431
794 2232
704 163
1943 361
848 1452
43 566
17 2255
2586 1256
114 2041
1038 871
98 1725
2326 1322
1871 2481
277 1948
1215 832
1207 1021
1080 175
1670 1924
925 2546
527 213
1750 1185
2377 844
135 960
2408 988
205 2533
140 758
1568 473
130 1068
808 2121
730 854
531 1978
1047 2166
1329 15
1172 180
267 1094
803 3
861 2024
1718 2272
2194 2424
1104 1642
1897 2189
1920 929
1935 2207
1136 776
1140 1955
1142 1291
2147 323
700 1986
105 475
2404 206
18 1161
1179 2377
2345 181
2242 2023
2254 1706
2516 79
2345 1928
1007 676
2089 21
1123 896
749 533
931 1057
2133 1214
1939 573
747 2431
1872 2042
2592 1856
1020 2473
612 596
857 1472
1092 2591
718 1127
505 2250
85 2229
1553 1422
1184 1737
1699 1338
677 984
30 1149
1253 485
151 2380
840 508
2098 1182
637 74
525 2013
1000 2420
1217 565
1904 1589
2150 240
2383 1816
1523 1487
694 1746
2470 2392
1975 1235
646 1278
2434 1798
497 572
1072 2229
1160 1018
1239 2437
1951 84
1546 1185
1230 458
2316 84
1267 927
1408 2010
1794 1932
2379 2452
1344 2362
1520 1012
2155 1561
1499 610
1395 2047
2428 587
541 1910
2214 791
2007 2465
1601 772
1107 654
973 1903
2017 2440
779 1317
1839 2602
913 673
2488 2562
1950 413
1937 254
91 1591
2590 544
1461 908
1478 2009
1431 1321
419 1241
73 1557
19 113
1480 1667
2402 771
1842 1586
126 1245
841 2238
1579 2390
1999 2294
1026 1448
1962 2599
1691 2450
2457 415
1118 2388
143 31
13 552
2006 346
570 173
441 1863
1460 1335
709 362
2039 695
1883 2572
2432 1067
1260 223
2339 518
1348 2015
2563 783
2209 2264
58 1426
1046 1939
1573 10
1046 1613
79 122
100 1218
2130 1413
2576 1301
2203 2020
2275 2332
588 1029
1069 2571
1584 996
618 190
2146 305
736 2018
38 859
1940 2084
1889 41
1405 1365
1637 910
1653 953
2100 1752
2346 2012
2337 846
1876 610
83 1121
2477 248
2180 106
468 2595
922 548
2438 2001
1023 198
831 425
1270 763
918 1588
1700 2393
1112 551
1523 546
40 2256
382 2452
1000 2088
2514 2348
872 2132
1944 1441
2004 740
726 1467
125 1873
2199 1804
2339 413
1093 2073
2303 2512
1224 2540
164 2484
874 2168
1357 489
2565 1429
303 53
1674 295
2008 1301
1387 2491
815 8
669 278
171 296
997 545
205 39
2169 1958
288 790
725 1845
245 637
507 112
1276 634
43 1702
9 1742
691 949
237 2318
961 127
1975 457
1359 1417
113 2119
1458 6
899 2478
1808 463
873 1810
917 1723
2002 1125
291 2032
2 1513
427 70
2375 1925
940 2129
1566 2523
649 309
931 2075
283 1991
2396 730
428 852
479 930
430 560
1722 2106
314 289
591 54
1922 615
1106 2217
315 606
1362 2289
2202 384
425 1229
2497 1156
2365 16
2497 906
2021 1855
2594 1640
1007 1826
1498 2373
1284 1314
2407 1347
206 1393
2158 838
590 1992
29 233
94 93
5 342
822 1973
416 2160
2137 325
824 2224
497 1334
1747 333
2224 1086
100 718
2567 2171
556 1209
2569 733
2508 109
501 1346
1454 1992
2368 414
1163 695
1783 652
1632 37
1134 955
1202 1219
2319 2480
1721 775
1652 658
511 516
724 1516
134 185
102 1571
2246 27
885 871
1445 892
1313 238
742 838
894 423
1967 604
88 179
1551 669
329 137
1093 1211
658 1650
89 1081
967 1787
195 1421
2056 90
499 1355
1338 2385
523 1619
2343 2365
1257 2422
588 2445
853 823
1736 1673
440 819
703 575
260 2304
26 1213
376 1
934 2449
1710 559
914 67
1503 2405
1542 753
2533 2210
2241 90
699 2289
2544 383
2463 1258
2319 1573
329 2179
2077 1222
1138 1298
2453 2290
1684 1709
82 1262
1630 950
615 1231
2295 512
1223 808
1339 646
1308 2225
1809 137
2228 810
2187 1100
883 1170
2394 302
2521 945
926 1142
2461 2434
887 116
337 1547
1799 452
213 1735
1017 1556
2046 641
609 2463
68 946
2099 298
727 2062
1825 140
443 2461
1885 914
1422 1660
2411 1777
707 1894
389 346
1925 170
1438 156
513 2052
731 1254
1115 580
403 785
863 433
7 34
528 1286
1072 1635
1717 146
1404 1514
1130 667
700 1476
1540 1777
1331 1103
993 904
1197 0
673 1680
345 1603
13 694
493 924
208 1272
2000 1254
751 2274
1761 1392
1574 469
2310 1030
2027 662
2177 4
2354 410
1219 2254
150 907
1105 2471
2256 1353
836 1543
388 385
165 496
974 2296
1948 1875
1341 461
902 204
38 2117
1897 428
1119 1822
2002 56
1263 183
2505 1008
678 227
1840 251
1929 1296
2547 440
1519 1906
2240 831
1776 2446
198 827
35 2154
630 1271
1295 2006
781 1748
1424 932
397 521
191 865
1977 616
2292 1006
713 429
1549 1931
2222 2602
1323 2157
725 1344
2373 2253
724 1084
692 1591
1622 750
432 684
1252 1535
1332 2322
2305 1177
2019 2565
2249 1858
1316 1695
344 2596
982 1655
1663 2063
236 1539
2571 1028
2538 2336
1660 1034
1786 600
68 1818
2340 633
1729 2555
1704 1256
900 64
1401 858
223 900
2297 2502
1486 311
1924 2590
2334 2028
760 2401
390 1439
1720 1293
709 2101
2146 1539
1148 1823
1185 2397
354 1957
123 2121
1167 2574
1562 1610
2035 1318
1477 1633
1837 361
944 671
1873 1021
737 2444
1121 1339
591 458
193 625
1053 1798
2110 1544
1847 343
2271 1346
2381 2308
2549 1759
1987 20
1320 2525
66 1043
422 770
1434 2031
1291 1596
1572 1111
557 1745
1775 974
881 1212
978 626
1760 583
1437 2277
1681 650
710 551
629 2112
275 261
2221 1017
1766 942
2474 805
577 282
2124 1647
2276 1952
1623 2147
299 2323
760 2483
1321 63
732 1981
82 438
1964 2478
2416 635
2579 2163
1853 92
1604 743
1336 544
402 1376
2115 1850
2003 1775
547 34
2161 595
2363 211
322 2597
1592 1477
2267 697
1004 1456
1381 2413
638 139
1970 735
1613 1656
1749 1729
2093 1815
2287 1059
1479 1336
873 1848
971 1942
356 474
1096 503
638 81
176 835
2281 1264
2038 631
435 368
1498 1201
2544 1152
2282 2011
715 237
828 1032
133 795
800 1941
2111 166
2454 49
2178 35
1273 196
1715 761
795 850
2164 199
1212 2261
1297 2522
1019 272
1233 1150
2066 1098
2367 1563
579 1275
1885 1306
1968 2302
1959 2078
2079 2005
787 520
1454 22
2548 1030
1981 2601
1618 1472
1986 2364
1990 1416
1360 180
2566 1075
1488 574
1927 2350
855 446
1075 1504
1966 2404
186 1320
554 1955
472 1510
1682 1657
1279 746
2387 173
1848 701
1805 1037
1805 758
15 1757
215 1329
1650 2309
940 867
1153 1302
311 494
506 2517
1049 2274
1077 2151
1428 1815
1636 957
162 919
247 2286
2324 80
2128 1412
1364 498
1292 1315
128 287
2504 1779
1526 2069
1801 735
1193 1546
2349 1931
1608 246
482 1293
1173 2518
2183 1685
2068 1063
1606 229
2095 5
301 751
178 2245
1585 1211
286 360
1855 2556
1268 1071
1177 2105
2164 2152
574 281
2283 1758
2028 281
1451 1918
765 1005
290 533
2038 1639
131 402
2498 639
1418 308
1433 276
418 1570
1492 60
104 1342
338 1802
393 195
28 1488
1990 1929
1065 2205
2275 2061
1286 2576
389 2230
1184 870
1631 520
2144 219
608 1543
1432 309
1530 796
1025 399
2127 8
2464 1569
2585 1910
1796 2325
1396 1372
1494 2145
1687 1617
1483 1852
412 1974
326 766
1912 660
1114 990
282 443
488 1515
1025 2213
810 172
1515 1624
1941 2101
1419 449
22 519
1911 1864
1953 573
142 2058
1893 2350
1058 2598
769 2182
1382 1764
1972 1333
1669 1813
1655 1570
40 1791
224 1306
2355 1006
656 517
250 2500
778 1567
2003 384
239 860
1187 784
302 60
1417 1934
2227 2109
317 794
1564 2042
1750 2423
1390 230
2197 1690
1858 2529
2020 1731
1913 572
2387 478
420 2040
300 1216
107 2018
1579 1324
2506 1074
857 1450
92 2427
395 1465
2129 1921
1869 1249
1036 2357
1590 128
653 232
45 1545
627 1350
1222 952
1781 1010
529 564
1841 1615
642 418
1773 1950
1533 1011
2489 97
1676 1287
1395 1812
752 72
2575 144
2312 2247
2125 2595
2099 453
687 489
75 257
2151 912
846 2542
2347 530
2142 1835
826 1595
1726 373
2451 1262
788 1973
1398 1351
1066 1899
1541 2156
1337 1921
1290 1636
623 166
2439 317
2152 1821
168 1907
2231 1524
2440 2499
534 2421
535 33
583 76
408 1106
1857 1609
2369 563
1760 650
515 2382
1362 966
1388 2255
1311 2425
153 687
1414 2386
2588 284
17 2348
830 2260
2 1037
643 341
2126 2498
2366 1464
675 607
1040 1467
1128 976
970 1850
2511 1793
1505 973
2102 2079
618 1187
2580 1083
1567 1162
2299 233
1433 1659
1285 257
2228 295
242 1909
1349 1883
1203 1679
2311 2422
2279 1699
1598 770
2298 1754
510 611
456 447
947 215
1830 827
861 280
1521 877
2582 509
2513 347
409 1475
649 2539
1064 1403
2584 862
850 1079
312 1711
1461 56
917 143
46 1343
779 663
821 63
2560 659
2531 2315
999 891
2535 2270
442 1803
1323 977
1873 1214
1747 429
813 1712
565 319
661 1988
153 1693
739 386
1039 1875
1457 2030
717 2307
394 1102
439 956
2241 396
510 1455
1971 1348
879 996
651 1418
1194 1797
188 231
2217 1141
339 1312
756 1868
2303 447
721 467
2593 1867
2437 1277
2320 2429
1604 2351
622 741
769 1180
879 665
426 2036
104 269
2490 2462
2153 1701
1406 620
1511 561
95 1880
451 1976
630 1557
2283 837
67 1294
2329 726
699 2208
717 864
1397 1156
274 1628
581 866
2357 1091
600 514
2091 2294
2178 1385
1345 3
886 383
2185 2199
1862 216
2423 1213
1989 508
2587 1013
2078 1802
154 1090
2114 834
310 1692
963 1014
1707 2374
2493 2172
1587 399
1728 20
1186 708
1668 488
2409 2415
2176 2074
2528 1283
1101 1752
293 2512
1643 2530
834 249
941 76
742 1396
818 1109
1473 184
226 354
576 283
2531 492
470 1672
1667 434
358 1260
2128 2383
961 2044
185 986
1326 568
1150 234
260 772
316 1024
1117 1547
1124 1303
1188 1337
1200 1662
2443 597
163 869
2263 1226
146 789
1713 133
1861 1408
1737 328
1965 1903
2085 1485
2370 2481
675 803
604 1407
373 1946
2460 1143
424 2107
359 2060
1558 1954
1458 1733
350 288
2482 445
887 757
366 1529
2551 1358
2600 1210
1838 499
1630 1687
2462 640
1763 1978
1013 186
1353 2547
1937 2551
1749 825
1617 2091
907 2163
371 2251
862 378
1506 1862
587 1513
1769 1202
81 1623
1243 1912
285 1810
652 991
2115 1510
2476 972
1491 1481
792 1694
1463 2400
1638 1635
1014 327
318 2235
1002 1380
1462 1474
124 1887
53 526
1065 955
1076 872
516 414
1765 459
1985 595
1347 1490
214 1769
1677 1648
1056 2558
1302 2523
312 1960
1758 2016
2579 243
850 2031
994 1425
1201 1182
2393 1590
2051 2139
519 1659
11 2536
1761 1118
345 1706
941 2456
2506 734
1149 0
2262 1947
747 663
1525 1561
2273 1412
155 1800
1354 336
1507 2181
1593 2032
1264 2173
2505 1709
2414 849
1608 2361
1304 2046
1494 2385
159 1859
212 1132
890 2236
1556 601
2384 1135
1107 893
397 710
1266 1774
1035 1220
1164 2589
943 702
1265 57
2282 1056
1745 755
969 507
530 2140
1946 25
2112 2052
2353 953
878 1689
382 477
1771 768
1658 1509
1824 855
2458 2092
2541 343
1234 853
157 1693
2082 975
1094 763
545 1169
116 2266
1210 2418
1926 1004
2589 537
1102 2566
2271 340
799 2379
227 1249
539 911
1155 2159
2190 2494
2455 1629
989 2317
559 366
2025 1369
599 714
1666 768
1442 1896
987 883
1033 486
979 720
2422 2327
272 1008
2313 367
228 1780
1566 286
1129 511
1131 1196
743 2045
880 1651
830 2239
1849 679
1200 1340
1340 2173
1151 2557
2170 1328
2179 1481
2148 536
1349 2135
2496 1829
1495 693
1966 365
375 858
1421 169
2517 1489
756 778
1036 452
1954 1178
1116 2138
633 2483
2318 215
1844 877
2552 1698
864 1799
2457 2055
1147 2400
1647 1169
2330 731
1288 99
481 1016
194 211
1172 2331
241 2522
2195 1592
1484 1641
1029 2064
2329 1038
1305 1159
2243 2448
1148 1914
1663 983
1814 225
2487 759
1694 1468
2089 2460
1576 1512
2064 202
611 1434
2331 2392
833 1242
558 1146
2095 1689
70 1505
475 1292
236 1609
1355 2040
1475 1550
1229 892
2553 833
1427 1269
2430 856
2535 1259
1783 438
1708 424
2047 263
1757 837
1205 1508
2414 802
1879 721
1731 1727
48 584
2337 1080
712 381
2278 485
1113 2172
1112 1639
840 2234
200 108
2220 1492
1865 1724
348 1034
1754 1108
2118 1429
1503 46
847 540
1982 23
1917 748
2515 473
2219 1896
755 1298
1928 152
1191 689
1270 683
1506 1743
1767 2251
2084 1287
277 1935
1228 122
958 2114
477 1463
353 1701
1938 2245
158 2039
1936 624
42 143
1235 1324
2094 1877
1882 909
1653 2065
14 1044
368 1638
66 2445
2270 2378
182 1690
1469 1448
1938 788
670 2581
2188 1086
1444 2550
119 2296
2293 1830
1015 1371
1643 765
2360 1363
2131 1611
719 993
505 1376
1334 1373
1866 651
550 1227
966 512
964 705
764 964
198 2585
212 571
1697 1537
589 558
423 1199
1599 1117
968 451
2076 115
204 2305
1717 1267
2108 531
2353 928
2202 666
1095 740
1303 668
786 1043
851 250
1836 792
1414 691
1431 1216
952 2520
1956 1998
1665 1776
1195 1982
1165 938
1751 1490
241 1679
1676 494
1809 349
1085 937
94 1255
1930 2325
189 2208
1516 1400
48 2495
369 406
1854 1366
1813 2492
1596 1044
2300 1576
51 1427
1759 2290
1430 1437
1851 2529
313 643
2265 55
2459 1435
495 433
1374 1282
2328 980
203 1585
2231 381
228 1145
1484 1020
41 1968
1280 2469
136 1328
716 1173
2103 542
466 2016
2577 541
1413 998
704 978
933 2554
696 2203
1415 2233
1521 87
427 2116
2518 1390
625 927
2534 1479
1300 2370
2345 2133
532 1285
504 125
2000 88
2177 2537
698 2420
2603 1683
1154 1223
1198 734
614 1911
370 1985
2237 1091
2323 732
2266 2403
1137 1444
2556 2300
2573 553
951 538
1379 1712
1341 254
1041 2259
681 875
596 580
2488 2516
1237 968
1746 821
1611 839
540 2471
1316 983
1308 1383
12 1845
1963 2204
1269 1397
71 2513
823 2104
1062 1265
1915 2222
1707 1790
1054 83
1368 915
1860 791
614 893
339 2430
851 1920
258 567
2197 1026
754 537
1198 177
216 2401
1874 2017
2330 1157
2104 1322
514 2415
957 492
2549 184
1518 2299
2181 42
780 948
1063 2233
1838 1367
415 849
790 1456
2285 1683
2090 2280
876 491
1124 1732
491 2574
2399 294
1577 1598
1675 543
1098 1032
2570 193
757 739
1060 1697
799 1562
2508 2001
2119 2227
1453 793
2333 324
2093 1178
1918 1863
2448 2291
602 672
2346 951
1645 584
264 1281
487 1089
1155 1878
45 636
1770 155
2543 1569
219 411
1361 2510
819 1186
152 2424
782 1801
2200 1095
165 36
1419 1960
436 1796
2310 856
1559 1059
2476 500
1430 496
1860 1649
1847 2500
2144 1096
1083 502
156 2200
4 333
2216 936
1215 2342
1892 75
1568 920
2225 771
836 766
1327 448
1057 2368
2223 2539
1969 170
221 386
2065 1933
203 881
2490 1886
820 1309
662 1648
121 176
1109 210
874 631
1011 199
1439 950
2472 602
937 2125
2441 1958
2586 566
2043 509
706 209
1794 462
683 192
2349 939
235 1061
481 1872
2244 664
948 2321
2014 842
147 305
293 2140
1588 2080
42 1693
946 1892
1313 843
2441 47
72 1465
32 1956
217 820
1597 581
160 898
2149 2022
24 144
568 1765
2014 1662
2027 2344
2538 2193
208 1517
2210 2520
954 2391
1009 1389
1496 322
536 437
2167 2582
1255 315
1714 2402
175 2352
2389 932
959 1600
2288 69
273 1
2398 2326
2594 1974
2041 2184
1545 349
640 1713
1495 1859
1138 523
292 796
2569 2456
465 1268
119 1394
2583 332
2438 605
234 30
2037 130
998 2403
1827 733
1520 1101
320 713
1995 1203
2258 1051
59
18 66 42 57 51 72 13 68 37 60 69 1 42 42 22 50 19 54 8 44 55 35 24 65 80 39 9 27 30 63 74 48 65 42 10 16 13 44 6 61 51 25 42 26 86 3 78 47 71 9 42 37 69 66 82 10 19 4 32
