1855
1087 1573
1514 658
821 1648
1045 199
394 466
690 18
191 149
731 610
1433 583
1687 1218
108 1666
1241 619
1544 1041
210 1553
1491 450
749 411
1168 1394
391 1217
1193 1467
571 1412
365 1473
1351 272
1690 380
407 187
398 726
243 1670
718 1481
870 675
1782 1801
913 1773
737 935
1510 898
1732 74
737 1489
67 178
213 46
1202 1525
1451 92
1258 573
918 1001
807 1471
786 515
836 760
80 386
521 300
725 151
1718 197
736 1560
152 455
616 1635
1732 43
1591 1509
1132 407
375 22
16 1223
1076 1294
1567 198
1224 660
206 1123
1018 212
199 974
955 1113
1812 71
1013 363
129 1103
928 722
754 456
343 999
1588 1723
510 1175
1851 1471
1399 422
769 1546
1709 519
502 511
241 593
1465 993
1843 1143
562 1435
1113 259
483 304
1656 458
991 474
959 277
1323 1227
370 738
1157 148
1079 1756
1712 1834
653 324
668 1672
756 98
1140 1342
31 1432
931 676
986 871
900 369
1594 325
1271 1508
1649 1652
1046 1810
991 317
1607 834
138 1312
1310 1772
1669 1439
1667 1087
61 650
1835 895
362 1352
111 2
930 1507
1560 1393
1182 228
1522 1026
892 125
916 124
638 9
1314 1309
1478 387
903 460
288 1710
721 249
1364 73
1209 175
1543 367
1657 384
252 816
1032 750
1285 1689
641 826
230 592
961 393
1815 1322
455 1097
541 1744
319 929
1142 1003
305 1720
1425 1457
1215 1426
642 1081
421 157
157 1629
1218 619
1417 135
904 672
357 1355
435 501
861 1215
39 270
1739 212
163 928
709 1103
1501 444
1612 851
309 509
812 601
1742 399
1638 1158
938 1063
1167 802
1750 12
1627 923
1846 1405
144 1521
244 1088
503 1704
1604 54
1093 1178
1825 872
1797 127
612 60
1637 689
1341 411
1639 1761
719 1075
537 622
400 179
278 141
520 1547
1667 635
1454 284
1534 791
1811 1236
318 1651
588 839
1373 1659
654 773
1663 708
833 1466
663 441
765 1618
163 1345
761 1692
692 862
1386 1365
11 236
361 927
414 1155
308 1194
1655 310
1139 715
835 1800
867 64
488 1728
666 1662
1664 1765
1156 1083
646 1593
1251 1528
589 1521
1438 1631
946 1005
334 1487
1788 1219
897 1468
347 384
1634 1693
843 803
1561 1698
1814 1231
896 1533
698 220
865 379
1616 1297
723 1163
918 375
297 332
475 1746
825 831
746 557
1436 671
572 2
425 844
1198 1260
716 203
1166 233
554 937
1485 131
345 504
1409 1515
1733 223
787 154
1 1204
550 402
292 32
631 1758
689 1196
1453 899
307 516
111 884
1090 147
636 469
763 1153
114 1662
537 992
579 465
25 54
494 1239
1082 770
882 1382
1540 814
1289 1010
207 1782
1206 200
781 452
818 289
733 530
551 1629
1225 574
784 1190
59 1042
1641 1138
20 1265
535 1500
1292 1708
985 1024
456 746
830 1835
797 607
1741 1771
1244 193
132 615
1653 1503
1389 587
980 588
1463 657
481 1066
1286 255
43 1454
739 1515
63 1368
562 987
1415 248
408 1273
139 1503
1037 1255
342 593
577 28
1850 1302
395 1411
883 238
1445 1172
1195 60
1373 1203
1193 125
93 1019
1164 1029
878 422
1152 1337
1296 1377
484 1805
1234 1184
493 637
21 618
62 37
993 638
794 213
926 1203
820 1645
269 798
1055 1365
156 1199
667 549
1379 1334
669 1021
765 625
1179 1268
1032 1420
38 1556
418 749
920 1343
142 667
1359 1820
706 1565
1133 90
1268 1336
1477 788
1238 1000
169 1233
602 1470
752 624
236 1843
376 1107
921 855
734 835
56 575
979 1681
444 1387
1586 919
908 1324
76 1375
1309 189
1301 477
1387 1590
204 1200
1285 330
677 1840
68 1279
259 28
866 1008
1049 1807
1530 1759
1727 1274
256 380
363 523
498 810
716 346
168 1214
1786 1654
1661 299
1245 628
1535 1444
77 424
1344 1680
1098 1650
560 410
1685 1709
1336 1493
714 683
507 1563
1609 871
1044 397
406 1145
1442 938
238 1498
1184 1075
833 96
636 870
374 437
1429 1698
662 1154
1276 71
676 925
762 1754
1468 403
168 139
187 994
504 1574
1784 1838
1257 116
67 1506
538 1220
926 408
1298 202
1278 1061
530 695
1311 53
1575 1447
654 149
247 1796
57 1573
1027 459
1328 46
68 14
402 1067
1402 1808
584 753
306 587
556 817
1818 1494
821 563
78 267
216 1517
177 405
145 338
806 1390
1183 1129
1321 937
1479 390
1571 1262
1686 1370
6 1449
1005 1035
1261 55
1149 1247
32 38
174 609
1388 1795
1551 924
820 1440
1345 1271
316 155
1243 396
1118 516
1054 160
1567 747
1783 1633
1482 478
1094 277
1625 1460
699 438
1544 527
536 1837
514 224
1329 1757
84 1232
1168 482
1257 1566
663 538
1097 767
565 847
665 70
97 1017
27 1064
965 1427
9 1799
1611 1768
1358 108
142 47
1148 486
700 1440
290 541
469 1721
286 359
916 581
1674 694
674 443
510 467
1305 873
1536 680
1044 287
1282 724
889 1673
513 1443
1628 1124
778 152
1320 1839
627 1752
1789 1792
1607 106
345 1390
1569 1591
755 443
188 653
1653 383
1022 546
346 123
1787 1016
5 848
1305 951
1244 22
289 1424
364 187
1085 696
389 303
583 1599
1742 1000
120 1751
709 1851
1798 316
1683 977
691 476
1670 1553
933 250
1706 1340
639 1186
296 1071
660 1130
190 1201
324 957
1622 922
1455 533
975 119
360 1601
887 1318
1701 967
1047 52
488 1068
554 759
395 1750
789 386
1258 195
495 1010
1295 391
1702 153
1402 489
1791 961
1849 544
1580 1401
1825 1772
1574 1577
454 1263
110 1048
322 151
97 1125
1181 1428
59 877
1059 1140
1425 1176
543 371
1643 743
605 1236
432 1111
1230 1593
1217 1438
580 1529
751 27
928 1300
1705 644
645 1639
673 534
1699 161
754 1555
1631 169
720 1783
1439 1824
1417 122
1748 23
718 854
1065 1608
156 906
1235 1031
355 141
1342 56
1395 1776
1701 178
164 337
239 1735
264 781
1841 917
1372 1057
1635 1141
1395 1610
107 433
698 48
1699 1776
1091 1853
1589 1089
955 794
273 826
1755 528
1770 1065
286 1360
1362 1009
98 1760
336 602
1242 1004
502 450
517 882
600 711
971 512
1552 129
501 1754
85 1313
1047 792
493 1739
1198 437
837 271
1225 1810
92 413
1211 184
1648 758
1610 1469
762 1715
1346 646
1221 1412
1541 1846
477 1358
134 1779
902 1335
927 497
311 738
1348 246
0 1842
1151 992
1298 1233
1436 1827
1428 1391
1828 1300
1651 262
1246 1584
1078 801
1354 1372
1554 1248
996 983
219 351
1046 1136
1694 625
1525 1153
171 1737
314 1083
1614 126
782 1266
1703 1302
785 1060
1216 231
690 914
830 52
1600 1784
182 1486
1405 1106
703 869
1757 1319
827 271
1749 599
1084 682
1188 1508
1303 145
704 1549
1717 614
1694 1022
1187 453
1545 1246
1830 763
1199 617
1347 1376
1840 6
464 942
100 818
633 677
589 1456
1582 1259
844 1671
780 1550
176 681
603 1289
1128 517
1272 1805
1710 1124
532 1064
1061 1053
1513 1492
673 969
1315 1418
1136 1814
1785 1767
684 1174
1382 976
728 1466
957 1172
700 964
292 470
302 66
415 964
1719 1850
325 82
1602 69
1620 1675
89 1095
1796 36
1821 864
566 1459
1743 717
1765 356
1156 949
1477 247
1630 221
304 500
1270 1052
812 1331
1123 546
1120 25
1148 1697
640 665
486 1493
50 1173
34 805
1578 756
1147 917
1400 223
1583 1229
621 1101
945 999
1801 1695
505 947
1356 1253
1562 1186
1189 1292
118 1491
1836 1606
1339 635
807 300
596 102
1705 1303
623 823
1284 1677
334 566
629 1362
1181 823
1688 772
1342 216
341 1604
642 539
1245 1346
1307 702
1585 1656
503 1543
1586 1828
648 1557
83 490
231 822
813 1277
1613 1165
1333 582
1571 355
1350 643
1162 138
213 551
20 511
255 1091
1255 622
1055 1139
1429 344
1572 171
1812 1740
1025 1249
1708 17
981 752
666 1803
46 338
381 1017
1685 849
1459 776
655 1150
429 706
1311 780
1116 152
1210 1408
1404 1676
1447 1334
876 1773
1679 890
1542 1161
1256 209
1827 849
1822 1070
1068 1155
1684 1078
1770 1733
837 708
885 296
150 960
1143 626
228 1347
846 1036
313 275
962 1534
895 960
652 1297
1485 1726
1582 1187
548 1380
1057 828
645 1288
428 41
8 136
1445 522
1592 1643
1824 1420
1216 226
19 1129
215 1520
832 894
1369 1210
95 329
489 1033
1476 963
1652 611
465 284
1589 1570
1854 112
298 515
559 1684
553 1678
1692 1419
1006 722
1274 65
1617 911
1554 457
861 1533
1023 1458
947 1569
1179 1600
281 976
984 1119
633 1407
99 1679
1316 0
628 813
1680 1338
1322 1758
207 659
217 373
1401 1094
824 1134
372 1731
578 1809
1474 1226
329 283
553 1028
1514 1602
905 793
1813 579
1464 900
878 1641
1072 661
1640 1483
413 10
934 1275
524 18
1353 245
1090 1806
724 1284
417 977
293 684
809 1500
449 1430
1299 1038
1495 845
471 958
995 997
1821 266
232 483
1627 1532
990 318
1396 1264
1368 542
14 881
84 1595
295 1669
1592 962
323 1189
1488 423
605 966
1361 35
688 1282
952 1780
328 1844
1587 385
575 699
1293 172
1681 578
1250 768
564 88
1707 453
1194 89
268 951
407 7
1205 447
81 1313
1691 1171
1102 1497
1683 69
270 782
1435 1729
618 898
887 608
1105 585
8 1517
1640 198
481 1367
936 1235
1788 343
874 321
109 427
570 243
143 1736
473 374
101 662
497 775
1764 545
1304 1369
1615 1165
253 1695
1112 1621
75 1522
1162 801
851 905
10 379
211 744
451 1077
333 1052
1018 1223
1763 984
788 1195
1762 1154
973 194
1803 996
806 1349
601 1539
681 874
1093 170
785 1016
1378 130
1378 409
383 1458
285 1463
1074 164
473 536
135 850
366 264
371 3
442 322
775 1432
1712 1654
1644 445
637 931
1464 1760
1379 245
72 214
770 800
1650 1434
337 1807
330 950
1108 1335
121 1599
560 126
399 1842
973 1473
266 664
242 1133
1421 705
1734 350
1724 106
864 462
1719 268
1470 1480
362 261
183 373
841 471
1740 1675
1249 1399
1414 1014
480 1462
423 1603
1576 1747
1852 1562
340 1265
1561 730
309 925
463 86
353 1071
1755 107
418 679
1822 1371
1043 1668
773 442
531 1411
166 732
1229 506
1481 1092
1431 1722
1584 1624
1038 26
1530 1505
1531 208
1114 1109
979 460
1254 1007
1431 1658
1403 420
759 942
341 1476
1212 312
351 805
519 232
1135 1499
1453 1535
1283 240
1676 1112
693 1371
680 568
1834 320
1597 461
1499 1315
393 1632
1324 1465
1564 369
1781 544
1483 695
1248 1686
332 508
710 988
972 1674
1290 683
590 1527
295 558
1398 1734
1132 174
1234 1004
912 159
860 572
1363 939
167 1306
366 1809
352 1325
185 771
1138 1636
1749 1418
1457 743
989 648
1558 607
1588 1029
1700 1280
790 734
1823 116
644 1506
912 367
1475 1312
280 682
883 103
1160 757
1524 514
867 103
1655 478
1677 186
1308 908
137 783
1104 249
155 315
799 336
1779 1633
995 134
240 1160
150 1537
431 1009
1528 1482
569 319
1137 253
975 745
1098 1480
1306 860
331 764
1096 1241
998 1587
1594 1228
809 113
227 647
1730 1066
1391 33
838 1446
406 980
1267 211
1777 441
1188 1080
1073 768
1413 740
1250 58
225 655
1142 1341
88 891
24 448
121 1062
739 656
1333 1691
1775 181
600 1149
495 136
1581 846
1690 1786
1844 454
78 1672
248 181
1202 1665
82 1751
1272 439
1601 23
776 1446
251 1484
1012 1510
1383 73
714 1659
970 1452
1628 1328
1213 1122
143 1377
923 1014
847 814
45 468
848 868
299 741
573 865
936 1613
1481 308
783 1728
1183 434
1441 357
1793 561
1467 599
467 774
484 1442
1008 685
1797 201
956 1508
234 105
421 569
1128 165
1625 1688
1263 852
658 1497
1120 348
464 747
1303 1343
1660 382
1262 1723
1400 50
1682 626
254 1726
356 512
1795 631
317 1320
853 858
200 949
417 1208
377 875
1242 779
179 1355
526 1768
664 715
888 1020
1283 47
750 1520
911 410
1144 119
819 1642
58 940
446 854
577 1841
496 1789
1556 436
914 79
1596 87
1158 5
651 326
1622 1837
261 1271
1280 1559
1261 547
1516 133
997 1460
398 1799
1249 1696
552 1527
1275 310
133 1852
742 1354
1706 1839
246 174
1200 915
735 858
1114 1848
438 595
1117 1618
632 146
368 1792
1519 651
331 720
429 1121
110 879
1443 1671
1389 352
224 1337
518 500
875 1756
1111 1001
1197 1833
525 239
1273 225
1644 634
1578 1024
235 1791
1737 1504
1507 1743
1519 1291
701 1370
491 815
840 730
794 487
856 712
191 112
1287 405
787 1725
1110 950
416 612
620 1034
1374 1127
508 1636
1106 339
1053 1410
897 1621
824 520
210 802
95 543
674 1190
1580 920
146 30
954 377
1240 1039
915 913
1220 1711
1687 1781
445 1191
1276 727
1385 1769
1585 1131
15 1638
354 761
934 970
790 990
1487 1277
176 1624
693 694
76 244
661 778
903 426
1410 863
1072 1403
1125 1007
109 630
218 1039
786 686
953 933
1714 1043
948 899
105 540
1089 1774
1084 74
479 1393
1479 420
1794 1762
260 1122
1085 1552
257 1398
254 1296
1745 1025
822 1086
1702 1501
829 1767
691 1566
184 90
1146 872
1836 703
1542 1045
1778 1421
1427 49
132 1845
298 328
1319 758
447 1042
1381 1115
1224 1657
1170 1731
3 222
49 843
840 1523
1034 1127
94 161
1769 910
1763 509
147 1167
468 1299
567 774
1448 932
1073 1406
1059 312
327 226
744 1030
1637 1778
968 1798
704 449
1660 1201
404 1316
474 1512
1717 148
1222 1484
428 594
1108 308
1099 678
159 610
1572 260
229 1196
1854 529
1164 1502
17 1518
459 494
725 165
26 278
731 1532
197 387
55 72
1819 1107
1736 1060
1819 1456
972 692
586 342
180 1294
477 1397
639 130
1286 954
1696 220
1540 1579
1163 263
347 349
1190 1301
1752 1461
804 1748
729 1146
811 1815
603 1293
457 1197
753 1759
381 194
1356 1818
1050 811
624 115
1221 1430
632 128
816 1058
901 735
306 1137
1011 641
400 53
1161 1434
419 1388
4 279
1063 86
1110 804
534 1332
606 726
568 435
1416 167
432 1175
767 51
1617 524
1359 1546
757 499
1173 1329
1095 699
892 831
1360 1230
1310 1537
1058 1232
7 452
85 1419
987 943
1069 940
1002 1030
1547 275
1678 1423
904 190
998 1793
219 552
436 353
880 1171
1494 113
909 1126
1409 1523
1722 1645
462 313
526 630
1287 1832
811 1720
1632 1605
522 1469
1461 1363
657 669
1538 859
11 532
1830 258
563 615
1646 1831
1270 1448
282 205
1847 359
795 392
1237 1385
1231 1352
533 1549
1166 1185
162 649
1642 1564
158 19
40 1012
251 656
65 604
378 1609
793 472
1361 354
1711 1002
1251 789
1668 800
981 1207
889 1615
1326 189
1557 1104
1603 222
1330 988
396 1682
170 1318
1096 390
893 943
1077 834
1771 492
361 945
128 1192
364 45
1433 748
1823 1353
1638 42
40 301
1738 1620
1673 659
1585 15
880 311
1177 978
1141 1048
30 707
237 1226
967 327
1813 1558
1721 1093
1563 1211
506 1109
93 388
571 1538
276 862
302 1831
293 102
274 250
403 1392
688 29
335 1374
1804 712
1364 1366
358 1386
1619 850
431 1753
819 237
1806 1170
1067 859
1536 1101
320 1321
1802 131
668 856
985 1422
963 5
585 582
1327 705
1714 269
796 234
1489 1747
640 1746
978 1647
201 591
160 290
1777 1833
893 963
1663 416
193 75
634 1495
1713 1185
1056 1606
1381 982
886 1424
1290 643
881 83
1260 1658
1295 1121
1452 24
1741 946
1105 906
1182 13
1338 1264
685 229
1568 1041
1177 890
557 1407
953 1013
1210 1178
564 1725
1247 576
539 791
1849 1100
1176 608
1384 412
1376 288
1437 1079
1647 1135
1027 1623
879 696
1006 740
1511 1240
188 87
1253 56
613 475
1 838
784 1131
1348 1492
885 1406
180 784
1462 192
863 44
598 1661
697 907
1526 1126
760 31
518 1100
1351 70
548 649
1718 1301
1800 1488
919 1367
440 370
528 1700
550 748
1349 592
401 1707
463 596
986 80
1490 297
547 1212
114 44
1496 1323
127 227
57 79
1505 1213
305 206
424 1713
1011 1252
233 433
832 414
891 531
348 466
1829 777
873 565
1598 1787
1095 586
721 1222
1802 866
1780 1626
857 291
808 687
183 13
1178 117
1745 487
333 1209
1054 1811
1049 1575
118 1513
1744 1169
944 1475
1853 941
389 1764
1207 1511
629 766
1486 1344
1147 702
523 868
839 340
341 91
1472 66
1444 372
1116 751
1204 470
419 627
1330 982
491 35
425 37
1472 1504
1408 1826
1577 360
1015 1157
335 1509
766 16
777 120
321 258
604 1076
574 158
42 567
472 1437
994 27
1357 876
956 772
1608 1380
829 1062
1785 283
51 559
1413 884
1134 1267
1086 1838
164 91
1689 1214
1317 836
745 679
1766 490
1254 842
1716 451
1646 930
1649 983
173 1614
430 1703
713 397
1088 576
1816 598
1476 1565
1082 1317
137 404
1339 154
1416 1259
1384 894
1626 382
1092 628
221 535
326 203
1015 1051
1252 115
1490 100
1665 77
204 595
827 1605
1332 257
902 558
1414 276
496 252
1180 446
1616 701
969 1539
808 853
1531 350
162 4
1191 218
939 378
1816 1474
1727 1583
124 722
434 1159
409 1735
944 39
907 1357
485 1449
966 412
540 256
1392 291
81 1516
307 741
263 590
1151 492
479 1396
1568 294
1404 1761
36 230
841 208
280 1815
1753 1630
877 41
1033 1340
96 803
1794 896
1715 1375
795 1612
323 1551
385 1238
64 1820
499 924
1790 1579
426 1559
280 1451
1021 1144
196 1325
968 1415
485 1724
215 315
388 1738
1664 140
1716 755
1545 921
616 1192
742 415
580 430
358 192
507 1266
1623 620
1512 1256
1243 1174
1369 455
1496 1279
581 733
175 1808
1117 1790
1158 513
1102 1804
698 1050
365 549
935 1326
440 185
498 195
1848 282
971 570
965 792
974 728
901 62
1817 1327
707 545
584 606
265 555
845 799
1069 1693
94 1050
527 1206
1688 1397
482 1383
153 852
796 1020
279 910
339 941
647 172
614 1080
670 1730
1548 1422
1281 825
1766 723
1026 104
349 797
1697 909
1611 1237
1269 439
1343 287
1345 273
368 1239
1845 1228
1281 1847
144 1704
672 294
1219 1597
1570 828
1119 736
1619 1036
401 376
1028 1774
842 217
555 1003
952 711
1288 1595
542 272
186 1040
597 34
427 1092
594 989
505 124
857 1331
855 177
265 394
205 1394
461 959
1031 697
779 623
140 678
929 815
1826 1152
101 392
613 1180
687 948
1581 480
1441 48
99 12
732 1550
817 764
1775 1115
1548 671
1487 920
1070 1314
1502 621
561 1729
1529 209
241 719
1350 1478
303 1634
1455 274
166 617
1450 1169
1598 1035
1040 117
1498 301
1074 170
1307 1023
122 458
1308 591
611 281
922 33
1278 285
63 1541
123 1518
29 1227
1019 525
1291 650
1590 717
413 916
1208 182
21 196
448 1205
1450 869
1817 1366
51
17 46 55 25 53 23 1 7 30 5 15 15 58 13 46 50 39 18 52 22 18 3 13 8 16 57 9 56 56 29 8 20 58 49 16 29 15 57 41 51 26 4 29 54 57 42 48 28 48 59 9
