584
575 109
391 177
213 324
428 156
539 314
569 200
458 406
327 222
85 94
36 227
56 348
178 106
484 39
219 562
115 362
369 137
514 119
496 256
457 498
11 571
354 5
239 509
173 301
380 507
339 299
55 45
339 448
183 337
282 567
320 438
406 165
505 160
256 111
414 557
515 320
517 523
93 205
32 23
446 180
108 248
407 258
352 261
77 342
312 543
455 270
133 10
293 193
172 503
133 153
308 109
50 292
57 396
287 32
281 454
250 576
309 126
89 145
350 504
2 151
97 39
131 478
411 196
279 176
165 346
376 456
330 563
109 407
334 416
274 393
49 402
291 54
172 251
264 201
162 259
286 284
125 42
438 427
449 525
159 64
519 510
130 101
310 199
464 120
365 23
540 47
578 520
309 238
343 48
303 291
441 471
82 452
144 317
216 502
159 107
410 202
557 249
326 100
199 51
219 570
197 141
400 117
388 203
214 29
571 82
25 129
113 138
346 289
86 302
435 434
499 138
220 521
392 132
532 67
435 286
347 36
409 201
332 288
492 218
300 65
9 236
541 358
206 211
457 349
345 86
92 359
539 15
573 572
68 351
277 101
210 583
65 85
311 122
372 89
140 273
147 313
265 24
338 26
210 477
546 555
446 487
408 50
344 458
532 514
154 266
42 561
394 260
3 330
307 400
30 38
503 230
308 163
179 104
341 472
223 473
121 552
3 577
468 483
118 81
442 52
323 74
11 425
73 443
325 240
157 235
146 54
34 197
194 451
463 500
80 557
510 357
360 98
230 298
33 226
371 21
57 18
76 163
521 279
401 70
34 280
281 548
582 410
280 373
299 327
419 328
169 304
187 378
444 232
414 296
104 33
247 96
0 431
87 482
47 119
505 246
147 445
240 98
409 547
224 13
207 237
7 114
369 20
66 40
418 450
263 364
184 375
415 344
442 71
134 318
217 356
1 513
60 173
356 46
569 554
4 538
355 282
231 532
455 170
142 292
167 228
420 107
413 562
83 198
88 466
565 434
70 335
522 475
116 266
253 563
105 139
580 53
570 421
580 209
372 64
422 500
131 28
155 112
270 391
542 229
497 527
94 260
467 67
191 63
422 395
516 394
264 63
148 405
208 255
421 95
169 284
225 301
272 224
390 91
516 126
306 466
216 46
30 61
274 542
58 488
482 319
576 17
96 217
378 107
182 261
537 49
267 404
46 36
489 171
273 227
558 233
365 61
364 285
220 84
124 168
121 575
22 303
548 405
41 485
124 44
536 259
524 387
187 567
167 287
370 152
357 74
175 436
443 551
504 102
579 219
334 126
486 385
283 422
38 471
51 181
401 480
559 236
525 553
9 262
385 232
198 195
185 377
115 194
1 508
83 75
527 402
328 322
108 502
180 276
191 342
464 411
416 433
278 316
298 574
250 361
326 161
416 90
215 246
475 14
95 118
37 308
307 459
573 487
489 558
316 43
137 568
530 336
212 478
485 217
44 302
75 127
501 204
243 222
332 544
142 190
96 575
143 572
388 215
72 336
395 72
99 493
144 120
68 69
277 206
254 348
465 265
193 335
192 111
245 396
545 359
106 531
4 249
441 127
429 149
381 493
183 491
480 496
58 447
14 390
202 221
349 461
381 294
520 495
379 24
360 411
205 150
140 245
192 564
76 2
370 433
373 530
128 154
37 412
367 98
20 494
235 62
178 8
319 552
415 560
148 221
53 189
429 440
294 158
355 66
171 234
447 445
100 59
361 238
495 519
437 207
483 366
581 313
77 469
393 290
486 79
382 358
152 513
156 160
540 354
204 300
581 155
231 420
125 523
465 285
379 340
175 449
244 428
431 130
275 533
16 479
21 363
397 520
403 17
272 353
541 5
444 29
490 568
479 404
559 507
549 535
268 323
331 161
403 437
145 226
577 22
423 398
342 329
166 182
314 399
103 269
490 556
271 113
209 297
498 223
425 218
476 321
386 467
59 470
136 338
135 345
488 134
48 122
449 386
289 157
553 35
117 382
462 28
526 233
387 322
213 492
305 78
0 60
353 97
123 84
453 318
203 310
263 451
430 10
463 397
257 547
537 7
468 19
249 175
439 512
427 461
474 399
110 533
377 258
350 200
375 237
12 506
450 186
297 229
561 140
551 524
324 321
368 188
518 545
472 439
334 389
278 245
462 254
565 550
424 566
543 549
252 529
508 251
315 536
526 62
347 176
162 123
13 363
579 78
139 41
242 538
395 413
248 164
582 6
296 554
501 153
522 151
290 81
511 88
128 12
333 535
35 114
546 454
181 550
186 311
27 494
374 45
190 470
26 293
528 383
132 481
86 31
3 149
460 386
268 241
556 16
304 177
92 452
392 412
164 208
424 68
27 43
560 356
93 91
253 51
196 578
484 69
481 295
6 288
275 214
166 474
337 467
417 343
499 269
276 241
426 330
426 110
271 185
52 262
141 15
90 340
432 305
564 432
238 222
477 247
430 8
146 331
25 578
73 436
112 227
517 341
366 418
243 372
398 506
239 376
534 234
87 333
18 174
329 417
351 329
384 136
448 71
199 240
163 370
374 79
456 469
228 389
420 515
367 476
440 368
460 555
191 80
149 424
491 116
511 574
99 380
283 528
212 529
509 56
57 31
211 257
47
4 2 15 9 12 11 7 18 4 4 10 10 6 11 14 13 17 17 10 18 6 7 10 13 11 16 9 3 8 17 16 12 11 1 4 17 14 14 10 1 16 4 2 15 3 17 19
