1212
191 498
1195 869
353 346
772 1071
58 676
818 545
392 810
943 808
533 291
419 93
999 246
1028 195
1113 465
76 683
1012 931
845 1124
2 228
939 980
979 214
127 250
129 65
287 253
738 658
414 383
884 539
314 209
992 993
677 993
994 1055
1008 657
247 1023
109 1117
845 1193
748 938
91 1010
795 918
192 1031
766 1210
54 1101
186 227
98 348
670 235
814 521
41 727
102 527
969 549
502 1154
406 523
656 963
140 619
902 368
1050 837
145 599
32 667
778 67
473 773
229 1088
1091 1038
108 1157
965 678
813 474
620 1146
280 701
561 262
664 1029
1185 1067
406 1011
301 351
1044 515
1015 853
248 463
332 149
793 799
1209 730
306 801
302 906
933 566
120 926
444 30
738 673
179 481
840 539
821 802
313 357
1119 865
385 353
233 755
1013 202
393 60
518 1117
1110 218
693 418
797 1063
112 580
15 616
125 489
206 292
1180 515
557 958
610 89
1159 960
370 875
1106 971
820 61
438 20
123 558
280 455
774 102
1034 873
100 462
601 775
264 988
542 1084
105 532
1106 1185
815 145
1097 48
308 770
224 1129
556 1186
777 371
555 806
62 915
941 807
996 82
1178 1134
729 126
381 1060
1024 66
70 140
1021 114
494 672
729 64
862 394
692 1045
67 1175
1018 1122
310 777
606 337
308 733
534 518
356 785
99 47
955 1172
482 578
1077 390
412 936
469 1211
365 838
931 644
409 56
290 458
1147 315
286 707
897 691
265 445
134 1104
1042 1194
23 288
971 345
13 934
72 104
705 382
647 350
1043 800
76 983
375 0
467 584
976 164
180 542
504 880
517 842
692 384
643 1115
820 839
1095 499
666 731
850 303
168 241
907 750
1128 189
1086 494
1073 1064
50 1162
912 442
945 136
1153 208
937 924
177 1202
1180 376
377 758
304 612
476 680
1034 94
570 956
6 251
574 879
1054 1046
824 907
575 910
279 972
1121 790
665 38
1010 26
236 967
914 153
684 1061
1151 1108
3 1108
522 944
560 323
630 81
231 1144
623 1065
364 460
827 1174
222 1139
1133 100
37 1130
867 546
191 373
107 207
504 569
577 173
475 1183
300 534
817 636
824 1201
621 1188
372 188
675 725
1035 279
43 454
581 661
793 330
1110 848
96 1152
383 717
117 645
417 39
694 628
528 1103
1192 350
717 722
767 730
399 50
31 198
765 366
1028 278
811 1120
243 578
565 37
894 716
587 697
651 894
897 456
19 747
839 226
599 1107
148 1162
739 378
782 803
992 895
1175 868
635 622
389 1145
135 257
400 317
877 1052
856 582
947 606
1131 923
628 2
413 900
521 1144
1181 919
364 1210
879 146
1073 249
684 432
742 1005
1092 523
12 1194
81 113
719 604
152 77
221 663
246 387
905 1090
663 247
860 358
530 572
1021 526
45 118
524 604
291 197
710 808
295 720
496 1198
142 1188
231 909
14 1104
917 758
13 984
369 502
181 425
430 418
368 447
1074 689
833 210
282 889
297 970
1035 296
115 207
890 223
1033 745
1031 471
317 1202
771 344
715 192
343 1022
822 697
154 172
206 857
618 1020
495 501
82 180
335 625
761 114
1184 232
1187 416
1196 1169
763 7
437 790
106 708
612 622
316 784
961 624
208 482
78 536
27 184
1176 657
1007 448
1047 224
857 26
479 24
29 272
108 812
942 457
216 935
412 74
811 833
1063 1109
1128 36
1004 9
633 59
1060 484
686 363
1163 770
1081 266
996 1206
756 621
183 1041
625 325
1048 778
617 752
914 131
642 908
60 178
723 382
378 1065
588 711
374 783
743 141
331 1170
538 162
805 970
779 1201
103 63
84 1078
559 627
568 58
425 732
1030 275
545 755
468 95
764 787
568 613
336 475
314 594
923 247
530 393
550 533
629 961
696 723
185 427
294 735
161 139
554 21
459 1036
605 1053
344 3
16 1131
670 852
332 312
1141 261
973 402
73 985
800 1190
167 52
306 486
887 404
265 1189
273 1072
961 998
551 629
563 361
274 46
627 363
566 603
903 175
49 683
219 352
982 442
1146 181
814 664
150 745
562 870
103 536
904 193
507 138
720 579
222 73
583 1080
1136 766
726 682
422 854
430 152
1169 218
788 698
131 176
558 201
220 276
304 237
56 676
620 1068
1205 493
1069 121
721 1148
525 986
714 1076
497 1107
849 634
435 410
968 527
880 658
1016 597
28 119
101 179
955 1170
324 318
488 162
688 878
446 615
159 693
457 415
177 694
910 563
911 759
784 34
1199 975
593 895
529 837
1027 920
851 467
499 1182
802 55
753 60
78 646
261 468
1139 397
134 12
699 165
1006 584
618 326
111 4
835 1082
827 267
726 948
1098 53
182 160
899 896
259 1161
885 825
503 388
83 366
712 251
762 592
372 1058
744 253
1011 470
754 740
438 873
1177 772
151 451
595 439
6 1019
810 74
22 687
197 771
1059 1071
347 132
474 644
20 746
1160 229
741 25
1004 1049
1200 512
679 106
1093 968
912 1190
204 1054
289 500
946 592
798 990
400 1205
809 115
203 285
1197 143
361 1000
743 61
121 263
234 144
327 45
524 92
137 597
586 1147
764 1150
472 998
127 170
648 500
1206 38
690 543
922 702
1164 886
1018 139
649 469
737 111
59 402
762 713
88 444
148 151
267 120
733 194
607 1049
435 1164
540 86
96 1160
1078 399
707 830
722 48
49 520
290 325
376 229
1100 343
362 375
781 1125
785 508
14 249
643 989
117 1003
256 8
632 431
1172 334
1164 585
355 1191
1156 46
242 883
630 624
1009 295
210 466
531 925
1074 900
1090 679
133 1089
876 1050
420 997
506 481
769 677
537 214
116 660
411 1026
289 671
609 703
665 450
964 668
122 239
848 297
54 359
1053 329
1140 10
847 51
747 708
1006 409
1155 889
1002 232
624 82
401 864
856 75
1093 326
1056 496
252 870
492 328
351 244
734 1005
963 1046
320 125
69 510
661 697
639 1200
448 227
927 188
269 735
419 928
987 899
33 662
342 1030
292 452
741 1111
902 1024
104 640
979 1023
522 132
72 428
660 751
651 129
456 388
529 1203
413 1075
781 784
434 924
995 340
211 804
230 11
472 872
71 389
985 841
158 508
420 341
455 491
237 380
724 479
953 167
9 1184
840 957
1087 212
561 822
655 653
284 318
838 871
577 124
749 23
209 134
1192 1076
32 1045
240 790
204 570
678 88
41 572
462 987
791 83
1183 1009
470 1077
913 53
473 700
215 1122
1058 610
541 1016
632 403
1137 672
1143 669
638 581
335 390
1149 965
498 689
885 269
891 1033
866 623
11 509
928 189
1187 943
742 171
1135 384
248 884
311 576
1096 999
859 631
1036 190
588 991
180 415
1138 571
973 936
1032 650
124 552
859 1161
97 157
63 605
480 405
699 617
403 386
854 526
925 952
397 1111
513 680
913 695
1142 580
1066 898
834 18
671 370
87 321
949 257
354 782
136 40
1056 93
843 638
256 213
284 535
696 234
367 398
721 547
263 737
780 969
867 744
196 1173
106 1171
855 450
950 594
834 796
305 118
1026 435
101 357
310 718
1208 164
0 176
939 978
861 564
1080 573
195 815
1114 751
719 829
66 452
333 35
662 635
821 298
143 591
596 966
663 1075
367 492
836 1121
312 130
156 1017
1142 505
173 988
476 519
708 822
1048 639
28 386
240 866
1029 426
1181 18
1000 713
1047 819
977 757
1165 309
1158 1099
653 68
417 483
65 659
714 185
1085 918
1014 198
1195 1066
1042 70
296 950
752 287
761 345
212 42
40 217
202 440
405 318
293 728
169 685
685 460
150 433
1022 835
553 932
286 1193
760 794
86 299
862 284
734 432
1068 537
901 495
328 1198
62 893
407 650
1150 915
794 922
161 1044
322 753
893 79
1027 387
654 655
1116 796
560 956
954 374
340 994
506 285
346 1079
238 336
414 1104
110 1137
359 828
1082 716
349 703
431 930
773 818
423 1007
1163 1040
548 1039
371 509
674 205
510 205
223 221
608 574
434 236
929 1062
1012 946
712 133
323 846
844 847
241 17
698 1085
881 646
908 271
1 555
190 240
688 324
471 464
147 874
809 649
1167 775
602 443
516 981
691 959
454 631
199 995
903 799
408 869
145 865
166 704
128 31
532 1100
1001 921
69 1017
408 380
715 194
379 1003
602 365
225 505
169 358
861 637
951 853
258 543
512 791
339 958
695 905
826 887
25 466
244 478
813 163
44 1157
710 491
355 203
982 774
1051 321
34 789
585 200
1114 562
182 825
55 158
881 559
951 1189
91 1207
39 1079
959 949
1145 756
68 721
819 1155
459 740
315 1109
436 846
453 377
89 547
904 934
338 80
85 581
589 94
1154 1203
272 238
178 736
360 917
57 155
369 797
1013 816
487 976
424 874
175 440
307 666
974 1166
1043 540
293 864
123 1125
1126 311
217 449
727 626
553 155
863 600
779 458
619 33
805 370
718 337
967 940
432 1171
52 423
1199 17
464 154
957 322
275 447
1015 126
1025 1141
806 647
542 1207
653 789
305 608
79 149
979 990
1006 1061
44 239
682 668
711 5
725 850
972 187
201 1123
258 878
484 551
645 1094
611 215
798 1092
395 57
250 1101
805 37
964 360
1207 1160
757 1039
199 1095
788 446
1008 35
954 1094
962 168
1196 1197
717 141
488 16
29 226
1 991
941 728
331 260
514 27
349 157
1204 8
1123 319
891 1081
531 225
1118 634
1103 1153
98 273
433 858
886 196
783 836
171 401
916 1149
807 916
405 235
1127 15
626 274
301 590
780 77
485 909
700 507
282 183
270 421
200 831
441 1171
1144 195
732 354
352 421
852 828
485 525
147 187
316 823
1084 163
319 1069
579 776
843 671
327 1166
97 116
87 541
564 687
855 166
391 1158
817 1105
1138 816
875 511
591 422
376 851
765 768
220 1204
190 1020
960 160
792 1152
436 1057
320 429
1087 1182
394 1148
920 1115
690 330
1168 849
230 395
549 587
503 607
281 927
1121 209
937 307
567 933
137 385
159 701
841 1037
68 706
264 268
944 268
416 952
888 1097
242 659
722 472
829 661
262 767
520 953
814 753
347 898
667 245
334 1179
216 750
1032 945
277 276
883 1070
348 616
1025 480
178 316
211 451
749 789
1132 598
300 786
235 200
381 1102
858 341
601 42
243 892
1052 1038
1099 947
424 975
1001 193
535 1124
497 461
705 997
641 1070
84 812
47 868
641 843
573 636
637 356
333 1112
255 113
876 1126
404 465
962 1186
1156 490
557 437
138 1129
379 919
51 877
1098 64
911 648
130 85
228 977
142 1037
1135 517
411 582
890 596
339 892
1136 589
514 896
99 1014
706 407
681 112
863 21
769 652
146 983
669 586
598 1083
786 153
1127 1105
439 302
478 803
1088 930
105 746
614 830
184 90
107 842
30 1174
1055 7
583 483
92 932
550 1134
1057 1151
1176 618
493 24
429 119
652 600
80 219
1091 445
186 10
1089 901
392 391
461 128
71 851
95 1140
174 1051
1067 122
43 281
428 832
546 613
675 1113
567 283
342 1179
135 554
165 731
477 1083
763 986
453 776
278 110
1159 1143
1168 254
565 1178
614 338
760 724
294 441
1075 1176
383 593
463 709
329 966
832 872
170 548
271 4
1019 823
398 739
831 513
396 1209
1173 1096
109 882
1165 1118
906 748
938 477
935 795
940 871
1072 373
1120 309
576 595
704 609
213 396
22 489
1130 1119
427 759
980 633
245 1064
571 1177
888 156
1116 603
362 865
538 1133
921 283
511 673
544 1208
487 642
313 768
266 989
826 259
801 255
575 233
1148 172
299 516
1062 709
62
5 29 5 30 31 21 14 13 23 9 2 3 21 10 1 10 10 3 21 7 33 14 24 37 8 19 33 12 35 28 13 2 23 39 22 29 29 9 25 3 22 34 3 20 7 6 6 27 27 20 30 19 27 12 18 4 17 5 35 18 16 16
