585
176 415
10 35
427 162
116 231
160 484
435 158
537 16
546 259
290 99
214 385
444 371
448 7
436 451
112 148
57 9
40 510
128 518
568 313
457 428
522 554
30 0
323 150
300 188
288 393
94 345
345 265
329 195
494 413
430 424
344 366
367 224
281 339
495 424
450 400
480 340
482 48
502 6
163 209
75 44
29 435
299 359
109 20
227 334
546 0
526 492
517 33
397 12
341 286
479 45
34 331
301 308
411 128
533 197
163 221
385 122
541 207
49 460
421 152
412 550
487 168
254 104
8 414
251 452
267 272
266 450
133 253
114 524
552 177
337 385
578 210
327 159
521 549
517 5
190 566
353 222
81 530
64 93
584 114
216 265
118 157
425 538
212 131
477 24
46 520
105 485
342 571
138 352
158 454
136 243
416 121
384 316
394 370
170 387
462 539
401 244
440 511
227 396
262 236
77 228
238 154
527 249
108 409
565 523
198 16
254 317
379 557
98 409
49 332
325 573
216 249
153 434
200 168
382 258
375 117
515 506
63 471
263 12
525 547
206 373
262 36
134 70
90 243
514 35
113 411
304 405
578 529
457 67
577 292
43 200
364 312
580 453
426 35
145 549
495 535
171 141
72 133
219 155
467 190
142 465
2 278
226 311
21 548
20 287
174 542
87 361
215 472
351 428
23 205
320 504
548 179
236 491
86 233
446 3
369 408
318 480
55 194
95 513
502 516
403 58
162 279
271 28
294 5
508 440
184 423
363 511
333 54
449 314
270 526
429 204
52 32
232 196
280 102
372 406
319 374
369 559
397 560
534 489
47 574
475 278
443 118
273 347
300 356
350 477
466 175
442 52
566 210
383 65
131 364
149 315
111 112
437 344
7 571
501 31
361 239
29 258
315 180
1 121
295 464
510 316
353 573
256 303
26 310
132 183
320 79
107 487
304 30
582 32
26 458
253 178
135 116
39 377
334 507
489 551
500 462
233 189
416 207
482 483
434 550
281 65
431 463
336 174
302 4
560 192
84 259
19 479
123 298
348 266
21 528
132 384
107 459
172 71
62 435
396 156
334 98
445 349
237 144
199 50
543 139
532 368
187 452
78 456
60 321
581 59
34 86
157 108
161 272
194 153
201 274
18 244
360 494
136 125
257 568
302 536
29 256
362 181
228 337
205 127
71 80
308 485
130 535
193 138
388 276
431 63
2 232
275 72
105 405
113 84
576 153
357 425
473 251
198 552
500 27
448 324
466 565
376 537
534 289
489 413
76 161
356 505
331 166
418 226
393 271
74 269
151 171
483 40
212 531
246 439
268 541
365 401
147 400
323 490
584 481
533 558
78 324
245 461
41 14
204 211
25 330
520 38
282 582
365 191
407 437
367 390
48 141
294 579
67 326
352 449
230 62
164 60
238 182
261 94
139 497
497 56
91 506
504 555
182 375
240 54
208 486
514 378
148 287
174 475
341 103
267 518
89 420
318 528
322 85
283 24
408 583
143 314
189 284
138 289
423 395
223 491
126 469
406 481
419 354
348 522
109 199
53 291
261 240
176 370
568 570
115 124
170 474
57 231
499 195
297 346
269 540
11 289
547 496
106 69
486 134
399 392
296 160
572 257
563 583
429 193
363 222
95 534
298 126
358 451
516 390
420 412
11 191
146 377
142 162
92 156
422 346
3 307
501 383
166 498
220 140
402 23
342 376
69 225
248 92
110 530
263 61
478 301
59 255
397 214
473 77
252 442
445 1
280 122
194 472
143 119
443 575
305 75
312 22
493 540
446 539
169 42
464 421
276 558
476 496
209 51
15 297
167 104
301 313
279 227
351 246
432 282
419 465
229 562
235 208
381 137
382 63
335 322
468 373
441 55
350 572
221 187
567 460
18 325
459 569
172 42
217 111
292 70
507 284
74 563
447 327
266 346
149 87
82 438
523 410
223 454
247 476
347 512
144 185
119 338
296 544
453 505
123 159
33 88
15 542
188 245
291 250
567 513
391 15
379 519
66 553
85 255
185 43
543 125
260 556
124 355
50 96
247 303
455 362
241 499
19 76
343 538
329 218
58 100
398 417
509 45
407 580
83 553
333 426
386 545
381 129
61 309
387 389
338 402
404 213
542 145
39 10
430 73
355 201
578 90
181 498
508 202
519 51
193 260
386 243
378 275
165 268
471 536
196 343
129 215
173 79
179 73
290 68
297 359
372 14
81 270
293 330
395 277
154 474
252 525
53 220
167 493
458 8
335 321
554 37
380 422
340 105
279 438
142 93
135 178
274 391
130 306
326 492
398 299
151 285
89 371
531 186
418 83
203 97
25 192
575 242
101 328
456 470
96 336
386 44
250 9
576 257
348 551
473 358
432 218
374 366
507 96
557 22
360 503
102 484
339 277
527 524
485 461
120 264
579 103
556 452
349 264
213 169
467 273
410 248
88 77
307 146
150 441
469 544
512 165
380 574
454 529
545 10
444 415
164 99
357 100
470 490
64 110
184 332
388 37
581 561
305 101
564 115
180 234
56 183
521 155
311 38
532 389
224 286
13 173
46 47
309 234
333 61
488 80
392 152
36 68
175 237
158 555
468 295
564 203
28 4
306 106
91 211
433 478
93 340
17 219
82 368
559 433
455 562
197 399
515 488
310 97
427 235
45
8 19 2 6 18 18 19 5 10 17 17 8 5 14 15 3 15 14 10 15 16 4 17 3 13 4 14 6 12 9 13 8 19 13 8 3 14 16 19 14 15 1 5 11 5
