1070
646 1023
222 642
140 238
820 311
24 559
844 544
98 264
270 1056
546 209
28 915
182 512
147 931
762 298
335 945
981 568
39 368
56 999
1044 601
608 552
389 571
391 51
268 436
756 464
738 648
972 973
839 896
184 43
139 106
6 330
934 395
64 541
669 303
454 1051
305 169
552 491
679 1002
469 345
79 910
604 844
1061 91
493 322
940 483
832 717
635 763
220 132
308 17
626 498
250 528
968 317
319 772
1068 26
758 999
622 594
78 0
929 353
887 44
352 534
121 1027
697 661
503 158
1003 232
767 154
293 32
495 697
740 995
979 872
991 1020
932 322
569 767
672 104
541 510
924 904
528 256
385 706
282 810
614 395
73 670
496 818
213 15
464 58
440 302
326 306
1060 975
424 226
840 196
548 627
25 474
732 361
861 342
489 621
561 176
549 448
713 611
834 817
1062 608
246 1018
660 245
942 374
965 369
106 400
293 306
1046 1058
408 231
10 260
946 578
22 994
958 263
102 715
83 444
800 796
347 675
117 1014
246 752
338 769
278 150
64 37
279 791
601 1005
1054 822
971 351
886 673
836 944
379 870
864 433
1045 18
664 461
718 812
48 498
481 637
290 806
918 640
1033 234
871 497
954 21
652 690
548 377
71 1049
60 416
215 187
603 166
910 184
986 532
348 664
550 904
906 562
850 413
352 567
409 252
207 700
636 443
784 808
882 442
843 958
355 713
93 590
410 284
650 82
497 357
1056 257
850 485
728 1051
307 114
732 272
871 558
858 1062
55 859
1000 154
965 419
56 960
911 855
916 333
746 902
33 1
69 632
137 466
622 316
806 747
101 460
495 954
972 403
499 800
163 928
38 684
1020 284
750 205
682 135
863 259
547 923
925 1060
580 535
634 285
1024 701
504 23
303 396
50 963
82 327
796 799
845 694
890 114
470 814
38 635
194 311
397 534
298 831
832 744
78 412
203 39
880 310
808 641
219 382
825 407
110 459
1029 34
423 27
790 260
18 505
1023 177
313 987
894 131
571 841
579 565
146 542
783 504
587 935
860 115
433 714
602 175
104 543
546 279
922 468
589 838
899 1025
592 947
159 312
339 174
737 421
268 865
242 384
508 598
206 960
62 689
677 191
10 494
942 59
63 531
798 432
75 202
951 903
53 126
1008 265
49 557
714 685
694 688
372 946
921 230
451 310
1002 134
936 405
430 235
223 554
866 735
918 655
266 211
255 183
300 787
745 239
972 468
889 116
793 801
12 919
775 462
583 99
1049 427
292 708
501 623
1012 695
759 23
565 296
168 715
86 573
574 542
1013 466
275 673
1037 91
933 198
279 193
980 766
686 993
441 414
599 429
92 375
952 358
536 129
371 782
262 157
957 873
616 362
589 943
560 13
792 934
11 253
1032 347
962 138
704 182
277 248
88 618
540 576
1040 748
208 670
77 227
856 662
852 917
31 193
1035 838
803 74
145 336
526 691
618 517
217 907
596 693
780 334
273 359
579 156
68 897
577 2
880 615
491 125
779 173
679 647
952 65
750 445
1012 1017
337 740
862 22
509 768
658 94
458 358
90 169
900 1010
1039 136
581 163
950 665
342 928
771 259
248 1063
702 536
549 390
841 283
944 467
160 291
759 977
521 499
545 387
689 805
1057 145
1019 678
428 741
100 1047
748 837
143 66
150 768
431 457
868 383
479 196
314 110
525 263
652 597
572 235
118 455
37 26
238 121
909 1034
380 483
628 524
686 291
668 757
141 200
89 649
299 422
830 511
835 989
360 325
269 397
229 96
885 164
44 829
329 275
233 343
941 830
996 132
742 764
478 4
419 703
251 207
304 61
619 27
402 754
888 386
292 188
302 473
403 582
55 625
595 1069
418 178
488 87
781 323
914 522
476 983
925 948
485 588
709 332
86 619
561 516
692 818
833 151
846 666
770 29
633 908
937 117
482 62
609 360
447 221
186 643
17 881
237 833
343 592
893 479
449 243
849 289
720 66
1033 574
899 328
742 520
167 1008
382 624
666 653
966 276
136 731
346 684
564 831
203 905
575 208
962 777
707 373
171 195
807 526
170 632
846 68
1067 127
617 747
749 8
224 638
569 760
194 567
503 882
1010 249
373 564
118 95
222 751
401 837
134 236
509 324
919 927
137 399
563 1007
879 1038
216 264
963 21
980 24
727 98
411 645
815 152
174 261
721 229
662 877
924 317
61 628
696 304
725 959
1026 281
476 297
663 151
535 155
492 168
257 671
885 286
556 870
680 529
364 313
1017 566
852 786
722 580
763 838
12 712
6 361
251 402
881 891
1065 124
301 153
376 531
247 677
95 305
563 272
893 602
657 85
912 329
206 52
309 1035
773 735
716 144
823 339
484 377
471 568
847 864
776 166
612 913
289 1057
271 1041
781 728
600 46
365 439
649 72
400 465
254 551
956 241
199 562
976 346
962 1030
516 683
405 706
436 414
372 733
749 1000
15 1014
978 125
716 698
756 570
316 988
265 140
418 348
639 839
890 472
1055 477
42 518
885 359
19 950
472 512
16 220
10 316
245 559
826 817
513 727
1016 1066
85 555
925 546
545 752
331 450
242 648
356 170
133 33
158 482
646 351
779 442
108 595
218 179
223 738
399 161
192 363
951 1015
698 0
480 439
201 599
848 448
795 31
764 840
939 80
383 120
843 507
964 281
469 510
52 417
48 815
842 757
274 782
43 865
365 718
702 406
802 879
1004 547
99 1009
8 877
930 805
869 421
921 394
247 455
1066 746
940 253
107 511
1025 532
425 366
112 80
327 765
374 494
367 435
585 1053
384 734
287 606
406 636
771 527
659 111
232 262
590 656
640 146
623 120
219 431
205 1064
584 912
149 712
326 299
654 177
659 312
575 1004
398 897
724 237
108 932
192 115
873 723
378 128
705 653
1069 102
984 959
1032 875
1001 777
520 998
916 967
692 854
475 630
517 258
920 583
947 333
423 199
240 309
30 1042
853 780
287 621
909 228
929 79
295 514
736 404
164 214
828 644
240 210
658 443
175 894
428 715
720 4
445 711
101 212
585 855
276 775
331 195
674 107
533 633
969 703
997 722
76 776
671 176
992 1061
1029 701
1055 60
981 744
847 119
471 432
191 103
252 490
809 743
577 429
67 227
20 356
620 122
889 813
240 390
803 606
945 828
758 794
591 41
896 930
799 1006
435 142
387 364
861 349
969 427
533 543
113 412
46 970
993 863
693 1030
624 1001
792 825
190 834
836 488
753 475
210 308
161 267
438 690
629 786
858 854
505 900
1058 376
341 851
29 970
224 849
172 938
998 297
774 1018
819 835
138 537
506 554
586 307
668 597
872 452
32 724
391 741
415 594
1022 709
81 615
937 639
393 5
700 883
463 827
685 200
230 920
725 452
721 323
130 119
366 917
931 626
538 813
515 128
1067 111
35 70
447 456
787 572
733 94
345 434
487 401
772 280
464 582
1028 739
490 902
761 321
886 979
675 901
453 523
913 370
851 487
28 823
415 394
241 266
827 181
84 617
603 710
778 1011
949 159
820 460
933 72
294 522
73 763
751 320
797 605
500 65
553 438
160 135
591 787
84 593
986 239
825 423
1022 35
743 480
473 197
453 804
470 990
985 420
97 739
404 976
677 694
1043 173
994 1035
1064 785
611 1065
560 753
682 398
967 1007
762 614
874 593
676 350
627 410
756 407
651 903
629 40
519 508
778 198
539 557
211 584
109 217
162 789
867 139
978 874
362 687
367 824
54 556
386 155
774 370
961 112
100 527
667 905
468 424
784 859
977 798
273 255
704 141
938 540
856 59
1042 147
417 797
588 144
604 225
631 766
271 788
586 625
2 988
324 539
9 853
1050 710
126 226
123 353
424 672
941 350
153 133
296 340
20 459
755 484
884 381
25 148
665 883
955 507
493 607
1005 1068
809 892
13 14
596 486
663 416
887 420
911 822
707 179
992 888
906 867
332 661
1059 681
1048 961
730 458
558 770
878 320
613 730
695 660
449 519
644 773
149 210
1013 430
355 1
1021 30
47 256
985 811
923 513
995 769
3 416
286 73
45 643
77 551
216 283
123 446
274 824
63 1009
1026 477
829 131
1016 657
109 638
997 354
465 687
857 407
927 378
550 1048
610 187
214 812
778 3
151 446
989 250
790 1027
9 876
530 1039
152 878
51 1027
380 895
269 524
974 375
162 736
581 699
1049 446
369 318
282 529
1044 234
463 354
561 191
971 807
83 71
185 982
555 481
1041 261
7 478
620 392
729 54
598 570
676 860
723 142
186 857
7 5
957 609
566 610
680 984
642 204
344 966
591 273
737 349
426 515
116 731
257 199
36 681
243 502
600 795
987 783
1052 105
669 1046
996 87
637 576
188 489
278 525
96 330
1050 1053
11 943
388 457
745 496
612 157
124 156
41 810
325 821
719 130
102 793
277 148
719 36
990 869
385 948
814 212
426 500
197 16
204 178
300 926
228 422
1043 848
40 955
908 816
553 895
92 409
122 213
74 901
866 434
991 408
71 595
875 167
270 288
425 729
165 936
1006 672
862 634
171 726
215 474
572 505
93 968
688 754
898 335
587 97
616 301
336 922
294 319
789 1031
711 651
183 129
337 90
411 318
357 225
88 201
249 233
641 444
785 363
804 884
315 57
683 765
521 244
1040 486
388 647
1019 189
314 165
113 667
696 791
49 180
530 973
717 663
678 389
202 89
802 58
982 1024
907 344
974 441
523 964
898 975
983 826
143 70
613 734
295 189
949 761
315 501
915 506
777 845
674 607
1028 755
573 876
819 708
341 794
975 1006
1063 537
254 127
1038 467
181 926
691 1031
50 1034
1052 236
1003 221
502 811
1047 69
1054 105
185 437
371 760
396 451
953 286
1011 868
454 280
198 149
75 42
650 14
288 461
180 57
34 368
413 538
935 285
328 1036
218 656
594 193
338 321
741 290
953 726
50
31 8 17 21 14 10 6 20 19 16 21 27 4 32 8 35 11 32 32 31 9 26 2 2 26 28 10 21 15 30 1 33 28 6 6 3 16 17 32 4 25 9 25 24 12 1 26 10 26 21
