2267
1528 1266
27 1325
1209 1851
897 1415
703 2064
327 1908
941 832
1108 1914
1370 1568
97 641
611 846
323 1839
1123 597
101 2157
890 980
423 451
1893 607
1765 1364
1089 1604
1768 1740
1069 57
1646 1877
1693 479
508 2106
2156 2136
1095 2262
1283 1775
731 894
1953 756
9 1149
1571 911
136 1052
96 1346
1471 1766
1176 472
1280 995
781 1491
551 878
2049 681
351 1410
625 796
1609 360
777 1219
851 1662
218 1762
399 556
2051 2154
702 1356
2163 1196
758 1352
410 2051
717 578
958 1349
1413 713
1709 2126
326 685
1171 1274
792 1009
455 2087
225 2259
432 783
623 60
606 1281
1848 1190
2203 1853
1274 427
944 1505
584 1558
1796 2201
1422 658
2179 681
541 2091
331 2266
250 965
172 2079
854 1859
983 1275
529 335
1150 1223
2257 581
355 1882
623 1636
1151 2129
2112 2167
1597 182
1061 1425
144 881
490 1131
1891 1438
1649 5
1871 617
1269 1278
1853 1635
1081 1630
1989 1049
969 1822
1460 1121
778 2130
240 2186
1846 2185
500 2186
1369 2111
1100 1521
2187 2239
976 644
1568 2146
2006 785
1263 2256
1107 274
1652 2207
470 1836
2246 2103
691 2084
2243 2096
495 665
766 1089
2238 1539
2065 2241
430 874
103 94
292 1395
189 1584
1198 1195
1828 2242
934 13
616 100
1566 2069
1931 1212
1437 321
1567 844
1191 2142
776 1253
2205 263
903 1969
2210 1591
1622 664
741 484
1464 324
1809 545
826 601
1126 738
1669 1963
1917 872
2005 2144
1249 1476
1496 217
1393 632
1474 664
123 613
556 1970
690 1276
377 53
662 1253
1204 860
1006 248
526 912
1904 1403
548 394
727 1727
2012 1136
1708 158
1709 2169
2132 1961
2067 619
847 403
1562 272
382 1182
22 2124
555 1938
1717 1792
196 1239
1484 347
1769 536
2222 2172
2243 1619
2167 1238
1810 124
197 1688
2096 1589
111 1413
482 1522
753 1571
380 949
535 1203
1821 2229
569 1138
1118 1859
315 975
330 1108
1798 551
1812 2025
1987 794
1655 774
1648 2265
1439 1641
996 709
2085 787
923 1767
1514 132
2114 1065
2 1050
877 1873
1880 374
1095 2163
1373 1840
219 978
1135 690
1473 1164
2172 1345
1883 1232
1628 1755
2018 1294
1496 2002
41 2053
1920 2059
88 1440
142 2032
2116 1985
1312 565
505 69
1268 1668
420 466
1377 1752
325 1172
897 2232
1116 229
1618 2227
954 972
1764 1606
1374 473
1337 1870
441 91
1937 712
1150 1145
1163 1272
363 753
1060 858
333 61
2148 1118
1309 417
2175 445
1796 576
2079 553
1757 758
11 2228
193 518
1715 309
946 1829
712 1834
14 534
1440 1843
2010 2191
1161 889
205 453
388 207
1241 744
1163 1525
1959 1759
1502 273
983 873
2119 2030
840 1217
1014 2125
399 1246
1639 1632
10 1211
300 1559
297 810
353 1181
831 1436
620 275
200 1139
1063 542
119 1128
1820 93
1604 1846
1891 778
1998 334
320 1210
44 1644
2081 1121
412 1915
1244 1989
677 21
1450 1685
133 587
892 917
2253 333
1392 2045
2208 527
546 1155
1168 416
1385 1317
2199 939
562 2034
859 1736
1137 2140
1593 891
1981 434
1503 1092
1310 2160
1689 1785
486 2227
110 1965
593 1801
1523 1575
646 51
1399 474
1999 1707
1936 2217
488 73
492 1724
2203 1336
1837 1222
1818 444
607 2107
61 1935
1113 1482
565 222
2233 1060
116 2209
2212 443
2080 552
2045 1396
1261 810
1348 1450
780 298
395 875
1606 1745
966 1640
1760 282
816 1099
585 1789
198 1655
1915 2219
1075 452
264 2158
661 289
722 2119
1307 1767
1715 2261
328 346
29 1255
260 1981
523 2195
729 256
525 42
1579 2052
504 1615
1332 7
215 1381
682 1900
982 1861
1438 610
1362 485
982 935
1184 1899
302 446
2010 1584
423 555
1334 1719
2031 2223
2070 1153
362 1650
1927 317
543 2088
367 1079
1290 1104
695 1224
168 385
330 1204
264 2116
570 722
927 1795
1051 1642
640 363
737 1768
931 1466
1080 82
1457 678
1286 1830
601 275
1504 1841
1377 986
2008 1117
1387 417
992 1639
371 75
341 1887
801 356
1417 458
765 285
964 110
1034 1411
98 74
1502 1334
991 1852
1941 45
913 1251
37 2124
936 1157
866 820
2092 1887
1963 1053
1924 392
772 161
1233 1119
2230 633
1908 1224
1147 1519
2241 704
635 444
561 1734
1577 1906
808 626
1110 317
2102 699
17 579
366 1300
2027 1747
149 33
287 311
1902 1327
852 209
2083 2236
2083 2029
1958 102
2090 852
1120 1372
1675 1894
1516 1251
172 2059
169 920
387 1708
1398 1912
1001 508
743 318
1954 28
1493 716
697 636
925 1611
1025 656
1766 17
464 1540
1864 1694
1281 605
1298 1122
165 1785
1644 1947
924 1275
1428 1770
414 1175
826 66
1463 1499
1759 1325
181 1942
567 227
667 1911
1296 1875
1178 733
391 1220
1900 1494
308 1035
1888 560
213 593
454 262
1333 1775
856 171
2145 671
2028 1452
937 1962
1390 1816
767 774
487 2156
341 1733
1111 1318
1532 1024
711 1520
642 1217
2017 2176
395 809
2222 566
940 1384
1780 1826
22 1739
2106 2072
568 387
988 205
1578 18
2202 2181
950 1289
1992 54
1712 848
782 180
2075 1905
605 1459
1210 1534
212 803
1309 1316
1614 1626
1380 1675
1146 75
1681 2224
1433 784
2149 2020
1864 1662
991 943
1091 987
557 390
191 1624
2107 2098
259 1617
1467 1623
2118 1316
52 2062
354 1097
198 2044
496 602
1199 2254
1000 709
413 182
246 562
582 1462
1050 488
1314 2236
1494 58
66 904
990 242
1978 82
719 747
1679 667
609 1268
1072 1678
304 504
65 975
1228 962
1499 255
1546 2253
1603 1531
1003 1913
1934 513
889 1177
2150 99
682 2258
1321 1324
185 1407
1595 913
1070 863
429 1365
1455 1714
1634 1925
1037 2015
1666 510
181 1442
1162 763
358 765
38 1133
197 1080
1174 1731
2153 1643
379 1782
515 177
2187 1843
1844 1039
1180 2252
536 1862
475 1205
554 437
1129 502
1691 1207
1141 2188
1609 2098
922 671
142 2218
567 2141
1428 1848
1565 2038
1392 1192
1226 2178
2100 1257
1079 429
909 1909
83 90
245 435
1273 777
457 1667
493 1109
828 2054
1093 2258
501 1523
2126 383
1481 1068
688 1155
910 1026
2005 1909
1867 558
1435 462
1323 1270
673 1756
1032 285
1697 1025
319 2125
1016 739
1000 445
1488 1722
502 1514
1019 1045
800 868
769 868
734 1010
224 337
1493 443
1566 929
1359 1657
2183 1280
422 209
83 1638
815 457
180 644
1750 655
1078 431
408 132
2193 303
831 30
1990 292
1665 1678
594 670
1405 720
768 1218
1729 1610
2157 1735
1912 1849
497 1293
1061 264
1205 974
1401 1308
856 2166
939 2068
2043 701
1669 711
1007 1216
159 952
1184 1513
798 117
899 771
1520 1586
955 1994
1928 64
383 735
1245 355
256 1231
967 1845
1943 5
276 1737
564 1738
156 2263
1519 1242
564 1313
1596 1913
442 1261
775 2056
1049 1587
184 1896
1594 1371
1805 1130
2182 573
1271 227
1718 1363
1549 458
1805 368
1649 69
1468 400
265 614
885 2097
483 553
805 156
1075 773
2070 4
2074 1057
1546 796
42 987
723 258
148 1169
2155 1815
1064 886
1552 1543
523 35
841 62
493 1134
882 2234
442 1992
1769 1614
822 1861
439 1920
1200 2147
1354 1650
666 2109
1998 1907
2184 2190
1634 1254
2040 963
1620 771
260 342
1066 1498
876 1133
548 2033
631 872
1880 401
1208 1563
59 153
1065 498
569 1193
376 919
45 6
1835 507
305 1084
1950 1527
151 1526
862 1074
1914 744
1179 214
1207 349
1363 1508
1122 26
779 865
1221 271
1191 2030
1053 1663
766 48
57 456
1603 238
1840 145
839 389
315 1352
252 1015
147 1229
1342 166
428 923
1462 486
407 1557
552 25
1832 1937
2147 113
364 1027
1691 1002
1612 797
2104 388
477 1237
1783 1044
1688 199
994 1477
2154 293
1358 1699
1028 516
622 2259
1945 1991
295 65
1689 1422
2177 141
795 2237
1794 347
2239 2088
2145 378
1907 1295
827 1320
895 1869
63 2133
506 14
1343 1515
2138 1317
1813 71
112 96
2138 1335
1636 8
1834 666
136 2101
1507 844
1231 188
1763 242
427 530
582 1869
779 2262
782 1057
384 633
187 547
499 1420
1625 929
2145 1541
58 1250
2060 361
1647 1263
1475 612
1610 284
258 820
33 519
813 50
2162 1291
23 835
540 756
587 805
1479 1248
187 2006
117 446
1881 1319
510 1
2190 91
466 740
495 1795
63 223
1666 471
695 106
1183 2265
1512 997
503 1247
1353 2037
2013 1946
1293 2210
1171 1602
1857 1203
296 1574
424 1468
1711 1585
144 2135
554 336
550 937
1257 1670
70 871
2065 1013
253 2095
979 1395
604 978
1605 2134
2052 167
2170 887
279 15
823 1327
167 663
1679 956
506 1419
575 1082
85 1083
359 1333
745 815
2237 611
51 1389
926 1873
1154 244
207 44
1225 254
2207 344
1956 1180
1071 269
214 2247
1141 1878
1163 855
1761 1289
791 689
248 1311
2023 1865
1780 1128
1576 2031
2245 1240
192 1581
1968 578
900 1090
1700 2058
808 1720
1694 2023
1116 704
728 1595
729 1739
1437 580
2048 1313
168 1084
1206 230
450 77
609 491
1202 684
249 2016
1421 1939
1436 265
746 1265
1988 246
960 1402
1815 2234
674 247
651 2245
1102 1762
1270 263
1687 912
737 206
316 2244
925 563
300 1409
1045 533
2049 1410
2144 79
2111 474
179 1758
2152 19
1518 348
155 1461
2163 918
306 302
1640 56
1368 1693
1975 1999
596 724
647 293
252 1347
902 938
1921 2164
514 1110
120 1783
1616 1719
1674 358
1460 90
890 886
2001 833
1964 1198
616 78
825 950
1069 717
789 1461
1921 2004
680 494
1260 1156
1402 1661
1481 2251
7 1819
539 980
1517 533
1040 2215
313 906
871 1817
599 645
1244 730
2164 693
911 2029
1013 943
1971 900
1718 37
634 1876
559 1434
670 1572
255 2182
903 665
1258 2196
2004 268
178 1008
861 53
786 1006
726 151
902 339
1573 945
707 270
1113 1430
1101 2035
461 251
1760 471
122 1152
692 1513
469 1114
685 1393
349 1498
152 1601
1161 1510
1024 663
2042 2077
1328 134
283 1931
1330 1101
1670 455
867 1699
146 1973
1556 1542
1554 549
1851 1683
129 989
339 2128
603 1505
454 1067
806 84
1656 1046
811 1952
1247 680
537 2137
316 933
1124 372
1664 2044
1043 2189
1917 2100
2233 531
2057 2099
1903 679
1732 1451
1305 1159
1596 1287
1721 492
948 1564
1771 9
1256 1412
269 1103
2181 1225
453 1919
710 308
1881 1290
1994 1616
818 999
2209 1751
80 2170
2037 193
452 2080
190 449
417 1835
1607 888
1474 1308
2090 1633
2007 675
1599 490
1706 1592
1254 1360
918 700
1845 861
382 1234
1790 1431
827 1646
1573 1195
426 98
1776 410
842 80
1823 528
719 2021
792 1790
1951 1565
314 322
123 250
195 73
1527 39
877 1448
973 1667
1019 1168
2082 412
1857 1987
905 1356
176 1221
579 1297
2095 235
196 1001
1856 1833
1710 2139
1944 996
1734 1922
741 1541
320 1145
2073 1432
1703 169
2123 855
389 1966
425 749
639 2050
2089 1764
2185 977
965 892
1967 881
828 218
672 2161
527 1245
1600 1682
1109 1697
1867 1218
1633 1569
2064 1188
610 800
153 1885
854 1066
898 880
1342 1194
233 1804
1960 210
1448 1868
994 686
1047 833
1444 267
346 1804
1278 1726
531 162
401 1414
1427 1449
1892 87
373 968
580 1803
1932 2141
1948 295
148 2132
839 896
1884 520
280 1808
438 460
1361 1687
2172 171
857 1889
1299 573
511 2199
307 1583
2009 1383
1044 749
1895 24
1738 1643
955 1578
54 253
1771 1214
1868 1825
1541 1
1386 2007
624 1638
838 2151
1772 154
1252 1495
586 2085
1272 734
1779 1863
1492 152
1366 1302
1177 1020
927 2143
1125 956
1459 1838
2168 1999
1246 829
701 1924
1488 1341
1259 164
1597 618
1902 571
496 233
830 1553
116 2120
1138 895
2165 1860
329 385
678 220
693 1350
2212 509
688 1131
2108 1347
606 201
1346 1416
114 879
2076 1741
732 1746
1183 166
1564 2173
2159 736
1788 807
1910 845
1478 2001
1148 105
88 1592
478 1988
2219 176
1903 1972
289 101
1692 874
1506 668
448 1729
1403 932
1586 231
2195 373
652 1575
589 1980
2061 1534
694 1779
60 558
834 30
1842 705
1017 509
802 588
1890 998
1486 1295
1107 23
1837 1949
126 1473
178 586
109 853
1875 1977
1233 2073
2075 1213
512 1190
1547 1441
321 370
760 901
1387 166
2113 55
2206 225
1291 1991
1802 1874
1631 1928
192 203
645 632
223 216
661 38
375 1786
692 149
1751 1825
1956 1090
1010 1911
2254 1500
1560 281
887 1871
1986 1736
931 1831
1007 953
1457 1690
1444 483
1220 1930
327 837
1747 131
864 1746
746 1114
85 1530
617 21
532 2221
1647 883
1858 127
1173 1339
296 2019
67 706
1690 234
1388 2022
676 1085
655 549
990 1358
1435 139
1011 286
1238 1985
1165 1357
1947 460
1292 2055
721 234
1059 1538
699 1315
602 1021
850 240
951 1383
942 439
2206 422
10 1967
1949 204
354 1021
713 1918
750 362
814 398
1927 1250
24 988
393 290
1397 583
1328 1194
1745 1103
821 924
217 1507
481 2036
1966 128
2214 1124
1299 2117
794 1854
1938 2058
1173 433
869 224
1394 1175
1262 738
1530 1282
114 1273
6 521
627 276
691 804
2112 2148
1580 1012
819 1322
588 769
1426 1632
934 161
2176 1933
1517 303
2237 741
615 2238
689 2264
916 115
368 1072
2225 2140
320 1923
1426 869
761 1608
1572 658
585 1567
1750 1727
1305 2250
1676 1303
15 1579
1016 544
1431 1827
1117 793
1910 478
2226 459
638 1703
1723 1132
221 1658
761 294
1456 25
538 1629
1830 1706
1176 1192
873 2050
338 835
1770 1355
860 960
2255 2171
1524 1096
418 135
1258 169
2133 163
1984 653
165 768
1653 352
49 1137
200 461
140 1344
420 864
2174 1713
1451 984
793 1359
544 102
311 618
402 1226
2021 108
0 2046
643 2027
1504 1151
935 2063
2061 1672
1482 1807
1696 386
878 723
283 951
1469 947
336 128
2072 2173
2094 950
1701 1874
2056 435
1360 449
1820 1651
305 2069
1035 1174
122 1385
731 1420
561 622
836 1260
1554 1185
1331 428
1132 1125
614 1443
1543 799
983 1601
1980 334
1264 797
1196 519
752 1311
376 592
1490 1240
676 183
1615 1665
775 299
1142 1472
1187 953
95 1277
915 524
497 727
1557 1849
232 1955
1018 1972
1087 896
206 1350
2000 20
173 522
463 637
1642 2151
2115 2104
732 1227
1058 1094
1054 643
997 832
2003 247
419 1591
1511 1158
109 1321
1776 150
1872 788
2249 2171
2117 1553
290 993
31 1852
2232 733
1542 1170
1658 1212
1322 1366
76 1015
1197 570
1300 2019
2246 1997
1879 1404
288 563
1193 195
93 500
759 1803
81 1793
2094 2123
1337 630
1477 86
1312 1879
858 150
2142 1511
1022 2118
541 1400
381 625
1364 1508
672 216
1686 659
511 740
1863 16
1547 1716
1865 870
650 1544
592 1430
906 1182
1841 1427
1381 933
706 1283
1134 81
130 1526
591 2047
694 1304
278 683
1870 72
1074 1470
964 629
1682 62
2078 2165
880 2213
1214 743
1695 1030
674 2024
1331 1777
8 604
862 13
1800 249
1813 941
1464 2224
244 381
1164 1624
1664 1612
2240 436
1447 1753
647 404
2091 1816
1230 1823
2211 513
1023 949
1602 2261
1882 1702
503 1707
365 1379
1730 1112
1417 1297
343 257
1341 451
1490 847
1824 46
1545 627
716 542
183 1038
2215 1838
1289 918
1160 522
788 1189
1829 1004
2078 213
2105 2041
865 298
1039 1594
2094 1659
1369 628
1105 485
1142 1384
1794 914
1310 1062
229 930
1014 1172
1266 2105
1201 1726
899 936
1799 1525
1445 304
126 159
94 1382
707 1371
270 1200
175 600
1923 801
1806 669
369 1942
1532 1976
1285 757
1550 1748
291 1934
917 2192
1094 1668
2196 1480
464 467
786 332
1977 1617
764 1983
1975 696
1722 838
1166 1415
2067 228
1140 1029
160 986
2082 48
146 425
366 1419
2127 1465
1012 1559
898 687
2248 654
1070 186
1660 2260
1249 1399
1763 89
915 1086
1855 313
1929 1495
121 668
480 946
70 770
1901 893
954 448
2255 1376
1259 532
961 1791
1130 2055
1716 1442
675 636
1728 2188
726 1844
371 2036
981 1279
267 1683
34 2053
2218 190
1824 1548
1698 656
907 1978
208 409
1009 984
591 650
404 755
307 39
1990 2204
482 1064
2025 1143
928 669
1717 498
1765 243
1598 1537
1580 3
1292 1535
2168 577
157 174
1301 2251
273 191
2097 278
2014 1446
2204 52
310 1375
1742 968
1940 107
1185 557
137 1585
1388 576
1529 1680
1897 494
158 2128
1807 677
891 103
2189 1548
795 176
1414 2139
630 120
1506 1152
1705 1916
1454 1677
1598 1063
1817 584
1149 1154
1635 113
959 1919
1744 1692
1340 1756
2033 287
1032 1033
476 909
1396 679
1671 2256
724 1962
1051 1286
1842 1115
2110 2192
2162 863
1424 1351
728 1712
1314 1030
842 1660
2250 2183
1276 2013
1784 78
1749 702
31 1968
1439 2263
608 1209
710 654
447 1518
2074 735
2057 2028
1878 2015
2264 1423
2123 2260
754 2130
575 1997
415 2221
1835 2198
1390 806
2115 751
1382 1456
687 348
1883 849
2092 894
1169 714
141 357
71 1465
473 1588
634 985
1534 2116
491 335
2214 540
2146 1387
100 424
2235 201
1018 220
1337 1150
882 294
232 1167
2159 1123
342 2266
1088 2068
1202 1893
776 89
239 2024
118 1376
1302 415
1590 2087
525 1492
2035 1631
1096 328
1714 118
2242 747
2180 1725
1004 1926
402 1870
1003 516
959 32
1241 718
639 2047
907 1338
1011 720
809 1408
1353 1167
155 1788
1659 1964
370 1814
725 2152
1092 1673
843 1607
1961 2247
1588 1054
910 848
572 1789
715 1416
963 319
2248 1582
1471 2166
1681 940
1535 364
845 888
619 140
2120 1409
1318 870
1856 1391
179 426
1486 966
2084 762
331 236
306 138
1973 1129
1512 437
1641 2161
755 976
1808 301
1081 1368
1539 926
440 1730
534 1839
407 1306
359 517
998 1827
1629 2231
1781 1086
281 1872
2076 817
2174 1621
1960 36
590 291
1406 479
750 409
824 1100
1622 700
2136 284
413 1560
2180 237
1774 830
309 135
42 1668
559 47
2089 1627
2122 1847
1055 773
1661 188
1345 1720
551 2050
1483 843
1742 596
345 1581
322 818
56 885
599 405
2009 2129
179 1550
1778 1048
908 657
499 1489
1223 816
2153 202
1704 312
268 1996
1752 1370
1673 730
1144 1684
1071 932
1901 1330
1294 215
1476 1787
1749 1637
1332 392
1959 1033
2197 1400
1047 345
1952 698
390 1367
1235 1219
1522 799
608 393
545 640
2137 1098
2202 1320
1091 350
1677 1744
1037 822
480 698
1918 32
1866 1995
1791 1533
2022 583
1215 811
1342 271
1041 1267
1613 204
1475 1094
1386 657
1935 1111
481 2225
43 1707
1545 620
384 1996
1686 1710
1932 2240
985 1695
12 459
1562 2018
867 1144
795 1806
628 1031
162 1663
904 1906
1186 708
397 72
1713 1784
1062 1787
1509 1974
1139 1728
326 1097
374 1503
637 1905
76 505
1700 1620
515 597
1781 259
237 550
1379 1621
323 957
748 1329
2066 1447
235 86
1136 84
804 257
784 1466
1323 921
1085 2012
1098 751
1733 1031
4 697
2223 127
1971 781
2158 1904
825 2039
2101 67
1076 431
589 1235
1487 2175
1087 780
2201 1652
18 1758
203 489
962 1954
1957 1443
16 1613
1236 288
2071 1531
0 1786
1773 512
12 571
1255 1380
2062 40
905 653
1077 1058
1372 41
528 2109
2211 1672
1221 2135
104 1984
251 125
2257 1958
72 723
1418 2252
995 2040
2003 947
807 400
467 2110
517 277
372 1211
1277 1135
1227 226
2041 19
1112 824
660 476
1239 1711
598 1453
1948 1406
742 469
365 613
115 942
1777 1421
752 2071
1105 2008
783 849
1187 1814
2131 386
757 344
377 1653
1398 1625
566 920
543 1017
2220 340
266 245
36 1156
2127 686
1411 514
1068 1754
1449 1822
876 789
2121 1153
1008 1282
134 2060
972 1467
875 714
759 659
352 2026
2220 850
325 2160
1404 745
130 1262
1455 919
1651 2113
1287 603
1951 2230
145 834
1232 529
2020 1501
243 1993
1953 1140
438 539
1922 1888
1412 1529
1179 2066
1866 2191
673 2014
1618 186
1324 1362
1036 426
64 866
1812 1484
1143 1676
2011 581
194 568
2217 977
2216 2000
1886 1778
174 104
521 1858
147 813
1797 703
394 2093
1876 928
1819 1115
405 226
2081 379
1454 1188
353 2103
819 332
68 1570
324 1974
1818 1702
736 1528
1982 1127
143 11
1983 2168
546 572
1986 1336
1189 241
2131 971
125 1897
1894 199
1355 3
1301 408
1515 883
817 1288
1335 1271
981 1497
1501 1338
184 1698
1166 1737
2032 1654
299 1743
1197 1106
1248 970
524 1574
472 762
1146 2228
261 1955
1339 1102
1799 1537
1510 787
411 638
1472 1160
989 1046
878 1684
194 27
1432 228
1860 1307
2002 1798
1158 1042
1850 1056
2229 812
1020 1222
301 1965
2 651
629 121
1754 641
2122 1208
1556 1969
507 1424
416 49
2043 77
2077 1970
1181 432
823 440
1558 841
1078 434
1159 1469
280 1521
1862 2213
202 1303
696 2150
967 1073
2086 421
785 1925
1040 139
2262 1904
646 210
1732 2244
1433 2048
1916 337
1872 2198
1500 2011
397 396
1645 1536
1680 1165
2149 2193
1723 1587
2208 175
1005 350
1354 1544
518 1374
112 836
2099 683
2121 484
2169 1229
1890 1029
111 594
40 1898
648 1148
2226 1832
859 1674
992 1761
1940 1599
742 1256
1509 1628
1361 170
2194 1215
1082 1487
1516 1285
1555 281
739 725
1563 590
1611 2016
1753 829
1939 1899
662 2184
914 957
340 43
1993 282
436 846
1397 1375
357 1452
855 721
853 1489
884 920
2102 1401
211 1178
262 772
1552 1059
952 1126
55 1773
2216 1536
631 470
1590 274
97 1497
1434 1811
1898 600
1944 526
1561 1774
1721 1831
1605 893
1896 185
465 2179
621 468
1463 1895
1470 2200
375 1802
1979 1441
26 310
489 944
649 119
163 791
138 1076
812 961
2034 477
1365 1213
684 1405
1656 803
441 921
1344 406
1524 993
68 1847
43 481
648 1957
798 463
360 520
1186 1407
1877 612
1043 314
1243 219
297 164
1748 642
1055 2086
1533 1645
2108 396
814 1083
1036 1272
715 124
414 1425
574 945
1378 1023
1389 1886
475 1357
1811 1929
908 129
1945 1288
177 1329
1483 595
1284 1701
1540 884
1704 1147
649 1782
1446 1077
538 708
1976 999
1348 367
29 1052
763 272
760 1306
1234 1724
547 837
1041 595
1828 1445
1491 1106
230 1941
1833 621
1429 1038
1373 1206
1583 790
2197 2134
1236 406
261 970
1458 1743
1995 212
660 1349
626 1475
1608 1279
1538 958
938 560
1201 411
1850 208
236 1237
1088 1056
577 378
1926 351
1453 1340
157 87
1889 170
1821 1741
1626 254
1485 47
760 2036
2054 312
1582 2178
1093 802
1423 1242
1936 2042
391 979
1637 380
1946 456
1755 271
2200 421
767 1408
1826 1836
1654 241
462 624
338 764
92 2155
487 1630
173 1391
279 106
108 59
1772 343
1230 1119
857 419
137 1429
1326 1028
1394 1267
1252 1731
1950 1943
635 1284
222 1162
537 748
1801 369
1326 1627
398 1067
901 1550
1120 99
1671 930
821 971
598 1930
2046 2231
1797 1480
20 840
1343 160
1979 1933
1351 1298
1570 1296
1127 1549
266 277
652 1800
1073 2017
2026 705
468 105
2039 851
948 418
1269 2114
231 356
361 1657
465 1551
221 530
1002 28
1551 2249
403 1170
1243 2093
1378 1315
535 1026
1854 1265
1792 1623
1027 1809
1740 35
1034 1884
1810 1304
211 50
1228 1600
501 1319
1982 1042
131 433
1725 46
286 1757
430 79
1048 1099
1095 1479
34 2177
1685 1619
55
54 72 49 4 38 3 58 45 45 44 43 73 24 32 2 44 36 21 37 47 6 15 74 2 36 41 24 41 7 27 10 25 54 50 53 29 53 28 64 59 74 31 19 18 66 21 18 63 7 46 58 21 33 37 75
