2757
1702 2236
663 2743
2735 432
650 124
929 1376
2283 2558
1688 1445
190 187
1438 1781
1159 1483
2661 669
1728 1513
724 375
1616 1743
720 1639
2173 1694
1677 313
601 2291
1940 1412
1803 582
2701 481
1000 68
2099 2390
2536 1629
1810 1692
2540 2397
910 1537
2189 2220
2734 2399
2498 886
300 1976
2736 1814
2298 1666
232 2748
2278 2021
2515 396
439 662
2719 2432
496 2504
1163 1732
664 2422
909 1898
2323 43
2750 583
852 887
1512 345
1283 298
944 389
1725 572
913 1615
1153 1322
2322 443
1239 509
1698 34
2256 2465
1268 854
1039 1218
458 23
390 2038
106 1377
1511 1478
2569 2686
1349 2718
64 2527
2160 180
1301 846
102 259
2554 662
340 906
2137 31
2454 523
2506 1586
2630 2177
345 2131
754 1246
2582 2441
2740 2030
542 1321
1054 609
1638 2751
208 215
1730 1149
549 1523
2451 2187
756 2446
222 544
2423 847
875 2250
1269 1664
537 675
252 2625
727 2410
1835 536
1463 296
494 1404
87 2007
2622 2694
1787 2516
2327 403
1417 2279
1512 733
2319 126
2596 979
1928 2258
1060 1127
1311 2205
703 1664
1911 1412
348 311
588 435
306 170
1480 1696
710 1832
504 1244
1347 964
1861 2693
1323 961
336 1577
117 2292
1594 2606
2449 2653
242 1978
359 1138
525 1393
581 1070
2460 548
882 2163
742 1907
2586 168
465 338
1827 2489
171 1049
820 1958
66 1747
1299 1329
747 1553
170 1941
2108 580
154 1391
148 2601
1795 1319
2461 1995
360 1489
2493 1351
824 270
833 964
207 2714
633 974
2334 99
740 943
822 1737
1876 1095
828 2335
903 1351
2572 2409
2404 789
1273 2689
337 2667
743 2652
153 1115
1701 1740
985 2102
2749 1572
53 316
1421 2607
197 632
392 2435
1724 2553
372 1595
2244 2698
573 1703
1216 892
1837 2138
474 1270
1841 947
1783 927
763 2323
1825 33
1453 399
351 547
2380 1540
1495 737
643 1950
1341 306
1657 756
2535 2001
810 2027
941 312
635 2199
1578 697
1613 2073
951 2435
508 1389
2687 1280
1859 1236
1621 2627
718 2497
1255 2468
2116 73
2624 2659
891 2704
149 670
1219 1044
1736 567
1181 352
608 96
299 2201
1459 2095
2280 2100
2393 2050
2744 1176
2465 155
1965 691
226 1401
458 2534
2072 2578
856 78
1778 1760
2688 1921
2610 2732
1667 1777
2253 1114
1230 1786
872 1578
2458 698
2121 2694
984 194
160 2744
10 2570
1902 173
147 1658
2406 382
921 1897
580 464
1801 2706
1956 1722
2565 1562
1030 2320
55 1652
435 556
920 2448
1566 661
2038 2117
1448 1538
2036 388
1958 1632
2377 2615
2120 2626
2288 1022
2081 2074
2058 2617
758 1923
417 1419
2227 592
701 690
2204 927
1372 1025
37 2369
1503 429
2303 1869
1133 2087
1572 233
20 2126
1303 2470
561 1864
809 214
1107 2490
1588 470
2634 2741
788 1993
1559 534
896 2685
587 2409
827 2004
112 134
1204 2432
2223 367
779 344
15 2139
2163 2472
317 1896
791 1080
134 953
1342 2641
2580 1295
1552 1178
784 1786
354 1009
1276 87
248 998
2413 1689
1482 2056
1915 2159
640 2025
3 591
1297 2069
1094 1191
2133 2031
2706 2108
1089 764
353 1
1901 2500
1224 612
195 1961
1729 2346
1797 2216
1275 1429
1092 329
1335 1420
583 113
412 2586
832 2137
1129 2154
624 993
157 410
1821 1179
1622 2687
654 147
1651 2276
1906 2752
324 1269
1962 1126
2628 463
1130 1506
2194 1499
1709 991
1291 746
1929 1841
473 1321
269 770
739 1002
2122 2478
890 1644
2581 577
1101 721
260 778
433 745
311 1714
2028 1794
295 58
2226 2109
1118 2702
2067 1361
1480 412
2564 1878
1949 167
2477 2353
2229 1859
2260 2212
1971 431
2522 1359
137 1615
704 2024
1817 1531
2138 1610
1332 1423
91 1244
588 2558
1455 2612
553 1449
2219 1148
1073 1851
1141 30
1730 1040
2692 683
2319 884
1195 2611
1595 1318
2616 162
1455 1820
1522 517
2459 323
978 326
1415 1538
883 2654
2341 1476
1744 151
2216 214
2329 1400
354 565
1525 564
945 1061
20 1659
1086 1298
1950 701
1751 1015
704 1822
2198 1017
477 2479
2035 1201
1490 408
1623 1308
270 641
90 969
1340 1378
485 2115
1796 258
1787 19
2152 2654
1092 1451
1998 424
1652 776
86 1498
592 2516
1913 2340
2674 80
165 202
109 931
2143 2472
902 2552
1425 376
437 597
2400 511
72 2724
1409 2332
1903 1673
2620 1261
1977 1837
2000 1543
916 1566
1531 1186
2517 1346
928 2322
403 2690
634 449
103 1875
2002 2513
1638 1779
2111 1325
758 1600
2519 1069
121 2261
1346 2637
2752 1560
118 2418
848 72
2150 540
2022 1918
2487 899
1280 2416
297 439
2604 1104
1171 1849
1156 371
2006 1905
598 223
1243 2304
676 248
1528 774
2477 2574
797 1047
97 1226
66 934
30 513
2403 970
1760 122
1757 977
1919 218
2003 1682
1686 1142
2724 192
81 1166
2053 2584
818 1563
1444 1131
983 1501
1860 2083
1782 654
831 1782
1563 1925
442 1718
2625 2204
1829 665
828 300
1828 2367
161 1549
1446 1910
123 478
1864 131
1132 1896
2700 2008
1947 227
2651 1604
2609 552
428 1065
2348 1940
2655 2139
273 1131
1038 1532
465 61
1533 1212
809 605
1627 1459
2209 368
1548 794
144 743
645 2287
696 2064
495 1375
1289 1247
875 1042
2114 2350
2720 2712
2725 2412
831 1925
797 356
1494 1765
554 868
1993 1819
1162 2535
901 1739
1007 1662
2502 988
804 2340
2268 692
1997 1774
451 472
235 502
2510 965
1370 1720
606 2224
9 1355
150 2169
1885 2310
2071 512
2178 2607
1434 1814
1133 792
1354 1583
1756 1074
1656 2538
932 133
1669 1164
1537 1310
1526 402
1627 219
1284 761
2185 2123
818 2337
1818 1214
2205 514
1722 1221
264 1753
445 477
2360 2678
1440 694
381 1994
2389 1120
1031 431
694 657
2700 119
1890 1108
1821 2391
443 833
574 1558
83 25
2376 1706
182 2473
2500 2261
468 1326
1892 2703
1225 1327
341 1285
575 1066
2658 1953
1123 413
1872 2214
2729 707
233 2647
1232 245
414 1228
2626 2688
1982 1277
2406 136
1834 1969
2005 1134
637 421
1392 2021
2181 459
2685 1856
507 946
1937 1816
2343 750
790 819
1027 1897
1633 607
2684 164
2598 1239
1884 932
865 494
2439 188
186 163
1220 2359
1930 1687
2161 103
1180 418
2568 2083
492 782
2144 1494
1804 1772
146 922
1508 501
2166 557
630 1450
2082 404
2184 2336
2396 982
2613 212
1916 521
2076 2703
331 771
2621 768
1279 1602
1234 2175
1600 466
1690 129
1014 937
1488 856
2077 1049
2282 2067
887 604
2211 251
2717 82
2633 2097
1207 1585
1973 2203
1371 1262
2281 1830
1857 142
923 900
88 1061
1330 841
1883 538
1852 200
127 2621
1770 2118
365 719
967 1570
836 77
2193 1806
2445 186
1550 195
562 95
1728 2348
1217 699
1980 489
864 177
794 178
2002 1660
827 199
29 1618
2669 1209
2702 1081
2679 2151
77 80
2151 1943
2567 2118
1862 2144
197 1362
48 2656
1870 50
333 1079
472 346
460 1331
498 255
1856 748
2233 2238
2245 2274
1796 2126
2285 2663
1862 1326
168 1082
1828 2294
2172 627
1774 169
2647 2370
1452 18
569 2610
2640 506
1075 1220
417 1012
1670 781
1755 1276
2390 555
2286 1338
2622 1128
2411 2653
2592 1779
343 262
1715 2697
1771 1146
2442 1503
1942 1758
383 1547
1680 2555
1672 1550
1603 855
325 205
318 1891
1377 1916
2543 1637
365 568
1190 2277
1019 1580
2542 2488
2449 1876
2267 64
942 1671
504 2352
745 1222
275 2368
1454 1625
2047 1873
1964 164
288 2491
1124 92
1606 132
1780 1468
1872 840
2202 2356
1366 1630
2075 290
327 2599
2552 415
1433 1645
2522 2186
1919 1057
541 944
2198 2755
708 522
290 863
1253 8
178 1741
1569 1492
1448 2121
1768 2345
2172 1171
1200 471
2085 1246
1048 681
1850 2453
900 882
2344 2104
795 1084
1365 1028
939 1469
681 1336
692 1137
1926 1516
432 1904
1880 2100
706 2228
1612 784
621 2547
2365 1345
2583 1791
561 810
972 2167
2747 1604
780 1536
1298 994
1420 1154
1484 1997
1076 959
2091 1259
2098 570
2691 2309
1724 978
2622 2342
1091 7
1456 68
824 461
2343 2441
201 845
775 2096
32 2349
1352 2009
1593 2602
1461 2062
2262 980
2101 2098
221 1334
2433 2206
314 528
1227 2314
660 987
2054 1815
2424 1622
729 1818
374 956
54 2585
420 1530
610 715
2298 2087
2177 332
1545 968
500 792
1496 2559
2611 1033
1702 710
991 959
2544 2105
999 388
1788 1816
1914 1570
1952 727
2016 871
133 1211
2648 1718
1004 284
100 2253
250 598
2306 407
1307 1376
1119 1927
10 2542
767 2330
1542 550
1197 198
322 1683
2523 220
1492 897
21 2032
490 1983
2671 2008
2710 859
1411 1493
453 160
1591 358
1055 1847
1582 125
1331 1460
2232 659
355 766
947 750
808 1470
2081 2077
51 2275
648 2670
2127 140
918 2209
301 2387
2249 1882
1047 616
1536 175
2676 1673
2190 658
1921 826
1062 1654
1711 1096
1678 1465
855 2152
1000 171
468 1972
2673 2505
1987 2566
2684 1723
2089 2311
1421 2620
2246 960
519 547
470 649
1681 1169
1353 2637
2246 765
159 690
709 893
515 2356
661 1407
2213 1611
126 1407
303 454
1112 924
1223 1763
176 587
83 1284
2617 2122
1641 2484
1383 1461
150 2428
1464 1439
1990 1404
753 600
2034 2693
274 633
2299 2722
89 1172
774 524
722 1529
1341 737
1661 1104
2265 2487
2117 2235
1524 788
1481 2104
2642 577
2613 835
1251 2324
483 13
419 1083
2514 1587
1358 1342
2381 2135
4 1458
1945 879
2094 1711
272 825
2541 447
1258 1206
2012 1271
1942 439
1801 13
2338 2748
769 2156
1905 347
79 1829
941 2191
2357 584
995 1842
2287 1755
1759 2351
1523 2046
1225 986
499 1569
696 9
1936 2296
1175 1046
1544 1208
996 677
1406 2291
1096 1151
1800 1903
368 1807
1474 250
1653 1721
158 1087
1769 1742
1139 2680
1750 143
1201 2071
2217 2608
786 1745
172 2240
1190 1933
673 1305
109 1036
2413 1575
752 1119
2213 190
1209 75
919 1927
500 817
862 2740
2349 2723
880 926
1245 1533
711 1773
1592 2619
1889 2018
553 220
111 735
1078 2305
1193 1561
1676 904
2730 1908
857 488
628 2672
1907 1853
1798 2103
990 1240
2086 1679
315 275
1387 510
1032 2716
373 722
548 483
1062 2509
1985 295
1823 73
1789 668
1430 912
1271 550
651 179
1127 1974
1079 486
2268 1121
2640 378
329 280
1587 2094
1375 1367
741 1737
141 599
2255 1223
1088 2107
1548 533
48 2249
2274 1088
2042 1981
2066 333
310 1282
1746 942
2061 1178
1915 286
2270 1733
1191 117
1863 1168
653 1513
486 621
2293 47
2677 2037
1056 228
94 1312
1087 1807
2402 2374
971 1236
980 1215
2170 1761
2279 2386
276 239
2538 27
2110 462
2681 1968
67 560
2256 426
864 2668
1882 380
1665 2513
315 642
2242 318
279 1634
1453 1082
1418 2521
434 2350
1815 1380
2361 456
2715 243
1316 2736
2065 1653
1030 280
1043 2529
1680 2681
2444 1731
772 2571
107 14
829 24
2374 707
1666 1813
2739 705
414 571
2657 485
1861 1063
2030 728
647 2478
1257 551
260 46
1371 2469
2429 1136
709 1262
123 1167
363 2109
913 1328
1674 2011
2073 344
1867 211
914 1337
2745 1188
1580 2106
2016 76
2404 254
2496 770
1417 2388
1252 1879
371 2727
1051 1078
300 331
670 1510
2028 1576
916 144
2368 2062
2503 282
1583 1553
1042 717
1628 203
1938 2074
1626 2520
19 877
2040 2231
2366 967
1267 184
120 1819
1183 1768
246 2457
2731 2068
1771 811
1237 12
1173 2303
425 1854
950 1192
420 2557
357 639
871 326
2181 888
2215 1218
1081 2219
1805 974
2174 502
2263 2147
257 2548
304 2254
1151 666
201 1386
1500 1988
499 1309
1994 2713
2014 885
1143 817
2715 2526
2603 1887
2269 2505
545 108
613 177
1496 685
1189 2330
2278 405
1100 2401
1471 265
2593 1168
1290 1853
1596 689
2335 384
2036 283
1160 2634
1478 1619
1026 1068
1650 469
2524 1720
1028 1373
620 1826
1021 200
1083 2482
879 1161
667 1970
2582 630
2723 2425
44 21
1144 1099
644 2499
2354 1696
1094 476
623 1509
869 1035
1516 883
999 285
81 1093
1947 2255
2511 216
2518 1039
2587 93
2171 106
1689 304
1213 1090
1546 1607
529 2458
2559 612
227 2053
2070 684
2659 2696
2178 277
1748 1922
740 421
534 1972
1184 2032
1058 1976
1888 930
2378 1879
387 1056
324 1858
2179 2745
216 1504
1967 1662
2119 926
1084 1743
56 853
2662 1067
2055 886
1929 487
1752 1535
2579 1086
917 1181
2234 1097
1064 1785
2015 2300
2344 1418
2459 2456
1024 2057
1419 682
1180 1184
202 574
2134 2675
18 462
1895 1691
1629 74
1193 1557
2276 99
2059 2331
102 2119
1719 1794
422 1633
143 1397
2511 1874
2146 1573
232 2530
911 2371
2048 2560
221 2372
1811 1354
608 760
1734 1754
1226 976
1574 1192
975 2097
2022 1593
510 1447
1707 343
673 1555
1712 532
2365 360
759 2562
2050 185
1640 535
1368 2159
907 1165
688 1634
952 1844
2089 2227
2417 2495
1090 1603
386 738
1379 1485
973 586
2023 1141
2682 2689
210 1128
2646 460
82 948
206 1584
955 2123
1140 725
1091 370
2485 2410
88 617
2025 1489
1790 1642
835 108
2420 2202
566 725
858 2302
2531 2705
2556 391
1136 1318
2350 76
1808 2650
2394 307
374 732
2047 1357
911 1646
2483 2088
394 2385
1577 1953
595 2311
2692 2242
801 638
687 1329
327 406
71 1368
1176 604
1343 2188
1528 288
2695 2275
2162 86
1135 1437
1333 1069
671 789
989 111
1403 717
254 2521
1998 2111
513 386
1769 1044
305 2539
2237 564
606 145
935 1846
113 702
2663 1438
70 316
2600 2508
1386 1721
1504 1602
1316 1349
1122 1677
2753 2695
1749 2039
2429 1666
1642 427
558 2699
861 2730
2153 1822
1394 2578
555 754
114 423
1644 159
7 2623
1671 40
1102 957
1894 2701
1374 479
1189 2658
2020 2503
1315 2474
2361 1435
732 23
1018 2352
277 1058
1466 1287
591 2425
724 2485
1808 175
522 1381
2584 1441
1182 1539
1886 1358
914 2024
379 309
2153 1735
71 1476
2418 1165
70 1618
321 1534
1002 721
636 1920
1232 1706
2247 596
442 518
2000 996
2738 2436
697 274
2480 1535
2055 1498
261 353
380 153
452 1443
57 2215
668 1699
1473 1380
838 578
422 2733
2408 298
1583 1045
1936 1369
2307 481
1984 425
2674 45
67 377
2377 2391
1946 433
1640 1089
876 2655
767 2196
2697 1290
1955 2644
2635 1437
319 2299
861 734
986 780
539 635
1317 2471
903 658
757 575
2131 559
263 1797
1649 541
1197 1268
2093 1116
1811 278
446 1272
1502 1200
1009 2398
1037 2419
2490 262
12 889
1148 1434
2467 2185
1948 1764
1267 1855
15 2469
1217 1309
2603 807
1931 2738
2652 337
2672 1392
1182 735
2320 2555
839 2421
2155 2304
2182 624
1873 2660
1641 276
51 2014
2462 651
451 373
842 2456
1999 1106
2264 1605
2222 26
2142 183
2754 457
1941 1450
976 2302
2392 1225
853 2546
1173 1983
936 2175
1614 2252
2398 1651
2218 997
1630 614
1715 2286
1898 643
162 2476
823 1025
2649 714
325 1467
1261 393
1264 718
868 2168
1754 929
1333 235
1327 1623
1521 1405
1539 28
1934 1611
59 2263
2475 1317
1546 1121
1751 1933
1285 527
1522 2665
1944 948
2579 2226
49 1010
2367 1540
2054 273
2222 148
2 1113
1130 736
652 1274
1187 1858
1693 1650
2382 2009
2649 2318
934 549
2154 1249
1609 1034
700 1348
1649 1906
118 395
826 1851
830 252
1884 783
785 2440
519 1256
1106 8
631 813
1114 860
492 224
2651 1289
302 185
815 1163
1991 1752
89 322
2661 995
642 2057
1463 749
436 1233
931 55
1507 1700
731 2321
362 1767
1527 572
2422 881
1294 2324
852 2164
1505 2188
2312 2434
1336 1870
1561 1254
537 622
626 811
569 222
264 340
0 342
2203 2643
940 840
1085 2492
2698 678
766 1617
1632 786
2271 1802
2737 2591
1756 505
998 2336
1731 1102
1996 2384
748 908
261 1656
1429 2230
192 2666
137 973
507 230
2148 2475
530 2164
2567 2020
618 1783
949 1866
259 1424
2606 229
1732 524
2180 124
1967 761
1891 2168
1581 1839
2742 2063
1052 1825
1959 744
166 1466
1992 1432
16 1242
320 781
2638 539
385 2317
17 2105
1053 130
1975 1704
1553 508
930 1914
986 751
2540 1636
1606 791
189 1294
1775 1647
1477 2675
949 1710
352 1445
1040 952
968 2174
2127 2501
674 1008
1159 2450
1456 1838
2756 1491
411 182
1237 59
1107 363
1095 634
1620 1145
2473 673
2358 91
1238 2711
609 308
2241 1005
1663 46
424 362
62 438
161 763
2200 676
2419 2756
2746 905
2064 1912
1710 2364
1557 2388
1554 556
1586 2447
2007 1636
441 1
1410 1895
1487 2289
2044 2551
2230 1598
2605 2392
1679 2426
1951 723
1571 2155
1050 2156
1847 1726
2235 2532
247 533
1414 981
1205 1763
837 31
2331 476
874 2502
890 1778
843 2059
2494 1313
1624 2573
1152 2187
1125 1213
691 163
671 183
1393 1500
2233 2430
1174 334
1599 659
1388 1974
842 2452
568 350
2557 1305
2041 2376
1026 1497
293 1008
1964 1464
1465 2290
2576 2737
615 599
2496 919
2223 370
2295 2537
857 338
1757 2598
58 1126
2167 625
2532 2594
2437 1681
2470 1145
193 453
1887 22
946 289
181 495
1006 585
1597 125
2514 2347
653 1519
895 430
1748 1259
2293 963
180 844
1637 266
2666 1934
2541 2116
557 1113
1397 2163
711 1939
314 1116
581 1777
112 1986
1992 688
1924 122
84 267
1057 1011
602 885
2667 778
954 1812
2051 42
943 1443
512 2134
1065 1406
2428 43
2273 1426
1846 17
2218 769
1989 60
2315 2218
1249 293
2510 242
699 1431
1077 602
2463 1212
1488 361
115 2551
1705 1138
1266 1830
1150 1667
1886 808
444 666
1733 1369
196 209
204 1970
1833 2447
2015 966
520 2691
1541 1014
1646 705
1082 820
2722 1323
1551 1573
552 1098
1032 1158
1668 297
2266 253
1924 1413
1920 459
347 748
620 285
2034 2629
245 2102
610 187
1013 2006
594 1525
2443 683
2670 2489
2090 16
1957 1694
1609 793
2075 2648
1848 1006
128 289
2037 2310
807 1435
1469 2656
600 1932
1227 805
1155 475
2294 895
910 2407
1910 2208
1982 478
584 408
1436 1243
2281 1988
305 387
358 939
649 2743
773 958
356 1359
1027 1442
1408 1835
562 1279
579 1734
2454 1831
2206 1029
2415 1665
369 1836
1233 2248
2547 1364
283 1229
615 617
1051 1758
2133 2597
1608 878
2588 334
2720 1594
1567 1364
560 228
497 1619
1930 1705
2273 2031
309 2312
469 1254
479 830
1372 753
1155 2638
92 684
777 1415
328 50
2614 330
2543 1517
1742 2499
1520 799
2747 60
1509 1166
2416 1813
409 876
1485 1547
812 2683
1912 516
1071 2708
347 1555
2095 1612
1995 1399
862 471
1672 1568
563 1788
349 2076
2113 1518
816 1868
2525 1013
184 1871
294 1501
1840 1185
1723 898
1605 746
139 129
1403 375
589 501
907 616
1108 2090
1727 61
559 364
2575 2359
2464 149
2486 648
1215 2317
1370 1129
1146 1552
1247 138
1792 851
1379 1117
191 2171
2735 881
586 1278
989 933
528 2590
1610 1150
2442 2671
1793 800
2277 445
35 1987
1510 2711
53 152
1355 1293
2099 279
992 1708
1625 955
1052 2295
1140 1579
2355 1231
413 1946
629 1339
2608 1103
2201 366
1286 1451
1939 844
45 1306
2141 1917
2463 38
217 679
2257 2170
467 47
281 1071
1001 452
1576 268
1607 212
1199 982
2690 251
2334 1556
174 1977
1944 1318
2135 1675
1659 1726
140 57
1398 319
1686 1103
2318 2339
210 1842
1855 589
923 2114
2306 2386
2283 2251
2191 2217
321 449
456 225
554 1291
39 878
2338 2749
1923 2212
812 1308
2753 702
800 237
2267 341
2141 2347
1880 2078
979 1727
1003 1015
357 302
828 1811
935 1845
2664 2145
2092 2746
101 1446
2029 2536
803 801
994 1729
1483 2488
2140 2636
114 715
2657 2082
2060 105
366 2484
2048 2512
2474 2631
719 2321
69 2010
2162 466
139 1491
1198 674
1080 1389
1187 1599
2362 1314
2308 308
646 141
2239 271
1360 2210
2373 2078
1288 2183
897 33
1154 2333
22 1948
2407 1453
2190 2257
1654 398
1865 902
464 211
2438 240
98 1110
1460 821
880 527
1661 1157
821 1162
1506 2208
1395 2575
1840 940
1899 2004
450 2250
663 2284
1697 1186
2132 1001
101 920
2396 2642
728 2239
675 644
566 2013
158 2061
415 490
1035 267
2207 2520
1926 1601
790 1799
1425 970
1635 1809
244 565
2451 2548
2599 2662
1738 2623
2633 336
2010 2041
1544 2363
2507 1185
36 346
238 544
1396 2136
2676 2707
2466 2180
2563 782
536 1479
1881 1357
1260 2292
1422 1101
632 596
2366 1534
2035 1854
249 2411
1203 542
2005 2471
2452 2325
1863 256
1007 641
448 2236
52 1591
1699 1852
1115 576
1345 1457
381 1608
2636 256
619 1427
799 1738
2590 1235
2446 1210
2096 1701
1337 282
2405 1657
2405 759
892 1505
730 2572
65 156
656 2643
2494 972
2315 2646
1965 2176
889 2192
1330 530
401 39
969 2326
825 837
845 1674
1304 241
2232 1899
115 686
1888 75
1716 2221
804 2380
1301 35
194 394
416 618
1935 2594
757 2438
703 172
1890 440
2042 1350
977 238
1203 571
2125 1161
787 1750
1849 429
2609 644
1241 1989
1076 678
152 1865
1959 2056
841 1827
1152 906
2225 32
1384 1470
2592 1033
2289 286
2084 962
1390 2243
206 1325
428 1869
921 1877
1338 2379
208 1248
689 2709
769 2554
1952 2128
993 2046
1207 1175
2080 2721
2641 2755
2424 749
950 854
419 2150
712 1521
1428 2001
323 1877
2545 1990
2176 2241
2595 2284
40 2750
1402 558
2533 1791
1639 1356
2457 2342
912 629
2243 1660
448 958
2044 2379
851 335
165 2266
594 1050
78 1024
1744 2184
1021 179
1617 37
307 2136
655 1282
1798 545
1579 1590
2305 224
619 2245
136 2546
1643 1311
1467 1931
1278 1697
406 2112
489 1655
287 922
1883 2569
695 2593
1348 1971
1292 2313
1487 0
965 2244
915 2618
2210 2704
1147 2272
1111 1894
2011 97
2165 2280
1328 2114
636 62
26 38
2165 1867
1454 739
1153 132
1945 1717
2112 2160
426 2149
390 1016
2315 780
2124 1378
291 2468
1833 1543
1902 1302
204 98
1385 2493
1845 2224
207 1624
1541 217
243 2508
777 1224
2595 685
1893 1966
2211 1288
1588 2739
2272 1960
249 873
2705 1374
1928 135
34 613
526 937
603 397
85 246
867 450
85 1714
1023 1124
2326 762
397 1449
2258 1532
320 956
796 157
230 1707
1245 1893
399 2087
1508 1978
2101 1626
1196 1343
1962 1344
475 925
409 2639
2375 1169
1018 2023
1670 1427
2271 506
1938 29
1495 2699
2632 1381
975 2157
348 376
1482 1985
938 1772
1850 1874
342 1286
1194 1304
1281 765
1240 2499
94 444
2678 2307
1177 1838
225 1472
987 299
814 1790
1631 2259
1266 2079
695 954
1881 1834
962 1105
1784 891
2571 2497
1497 391
1340 1555
4 2161
155 2189
1110 1517
2316 482
713 1975
2194 284
237 1684
1960 2339
2588 1142
2297 2707
1565 2369
328 1499
2045 1518
1803 2718
1781 379
484 900
2586 2602
226 893
2091 1194
915 1447
392 1725
438 294
239 787
2060 2012
1871 1303
1688 2501
672 1253
1202 1281
988 2462
2328 1373
1319 2229
405 1684
520 1198
1799 1601
764 1826
1109 1320
2029 847
1484 241
951 1836
540 100
1365 638
2387 2197
2455 1416
1363 269
2225 798
614 846
578 5
1134 1935
1354 1739
1055 2346
2003 1264
2148 1545
2430 1388
1719 1172
925 1655
1766 1263
660 2357
1980 482
2068 669
971 1423
1746 1645
693 2455
110 2389
1507 1776
834 1875
1059 1248
411 1019
1598 393
1335 1117
1908 193
1892 823
590 312
2741 2712
805 1687
2290 96
2043 2420
1839 2669
2301 1063
1527 2130
2371 657
355 546
2270 2527
203 1589
231 1324
1708 2673
1695 1038
1668 1685
898 2464
894 2158
706 396
2080 278
535 2297
313 350
2729 2605
2630 1053
2285 2450
2443 1022
1208 1413
369 2553
384 515
205 1848
752 1785
2397 377
1098 63
191 531
1258 1614
1526 1265
1048 1234
2509 2434
2549 713
1255 2682
2363 1307
960 1620
44 2644
1339 2129
41 3
1462 1954
870 349
1957 2043
247 1037
957 1857
2526 1747
1074 1263
1118 2247
1183 2665
1139 631
2751 570
1251 2635
640 427
627 2585
2051 1077
231 1299
2370 1300
1093 1663
1490 2660
1149 461
1410 1556
2587 2504
1780 793
655 1695
1904 863
138 2512
2708 607
2614 2308
2696 2560
400 637
2727 1736
1433 401
576 332
1954 1568
119 843
28 1164
2600 2333
1324 514
1156 850
463 1144
467 2628
712 806
2576 1773
2401 74
1955 1458
2183 839
1157 1135
1137 679
2251 399
1878 25
806 1274
2069 1004
488 529
894 1436
1963 1405
714 2709
303 1621
2492 1066
2079 2018
1792 802
2573 1396
2400 1735
1698 2427
1648 1979
1963 2561
1479 551
2726 229
1764 622
2264 1585
834 1472
79 582
917 1740
1647 779
933 2017
2531 151
1414 738
848 1567
2052 1658
1332 457
1690 1277
1700 2033
1762 680
1524 2039
11 93
2360 755
1046 2415
1097 2716
69 2482
2632 1628
1296 918
14 985
2664 2414
1029 1784
2337 2437
1020 2383
145 1519
2426 1918
2453 1012
687 1669
2199 265
760 65
131 1122
2192 1132
1966 52
909 2017
491 595
2325 1222
2260 407
1361 2677
1717 1043
866 1571
2345 107
1709 2237
1805 2063
1409 213
2481 2382
645 1383
538 2269
2710 611
867 404
1968 2132
2065 2143
2679 2631
2355 1034
1520 1675
682 104
1242 2645
1432 1913
1554 493
1295 1692
537 297
2529 858
2019 938
773 255
518 1766
121 803
1256 532
2329 1937
1312 292
1231 116
2528 1060
2549 924
1204 395
1922 1515
281 776
1643 1353
1765 838
1257 1761
2480 2282
1221 389
1123 908
146 2726
2539 1956
859 730
446 1462
1411 480
2589 2235
287 2301
2066 2568
1112 2086
736 2259
1529 2107
266 209
716 2448
873 400
2158 1693
1313 1211
1909 1100
49 836
1475 755
2565 1272
516 2395
2072 455
819 1363
1347 1160
772 2483
1111 573
1444 2412
487 785
936 2440
1560 2577
2045 1241
815 720
2427 798
1559 454
1991 1866
961 1143
523 626
253 498
1306 1424
1477 901
590 54
1293 521
2591 440
585 382
1745 1402
849 130
6 1823
1275 546
2113 351
1776 623
2169 1969
2399 2436
1195 1302
2466 1356
672 1167
814 416
742 1678
1350 2115
1400 1551
966 2384
680 496
1428 2186
2040 2433
1105 795
744 731
1973 2460
2381 223
2605 948
1759 2731
1230 517
1613 771
1322 2627
1584 990
1367 95
2093 1442
1593 908
291 605
142 2619
2327 1229
734 2556
447 2193
1562 1070
1683 296
196 2629
1235 509
1550 1305
1202 1426
2049 1911
1596 2220
963 526
2479 1109
2563 2033
2533 2130
1344 2358
1382 2624
2580 543
1023 667
104 268
218 2027
953 822
1196 63
2393 1558
2431 398
24 983
2728 2518
1999 2124
2019 234
383 2309
1589 1300
213 1932
1981 2088
1170 2300
866 2106
2288 1789
1843 905
2070 6
2618 1064
768 543
1793 236
656 1976
698 708
2467 1384
2341 1824
1574 751
1073 1265
1020 1205
189 1017
849 1471
215 1250
2439 1440
2445 677
410 2507
1943 675
603 166
928 1481
2589 2013
2596 2612
1219 199
2342 747
2372 436
1045 832
1817 2680
2554 1648
1362 430
984 2110
244 1430
497 2414
2431 1238
1174 5
441 1944
1581 2491
579 1568
2562 2498
1616 1713
1296 116
330 639
662 135
455 1439
1762 1691
1844 869
775 1575
1860 1809
1734 2589
1631 1072
1003 1676
1216 1085
1742 1128
1800 997
874 1250
2195 1036
335 1292
1177 1986
2601 2103
992 367
2026 2561
2373 1468
1310 359
2550 1041
2615 1979
167 42
1422 1005
105 1120
2231 686
2179 1511
2639 2683
1820 1502
1530 2570
1868 1179
1473 234
2581 1270
1125 2725
474 2128
84 1486
1804 1590
2316 2362
437 11
493 1716
1767 1889
2129 531
860 1582
317 1068
2668 2732
2742 1147
884 783
90 2
2383 2523
1011 168
2461 567
1900 1315
1360 1749
503 484
2332 2166
652 2058
1072 2147
2200 1810
2221 726
503 872
1387 1366
2234 2207
2238 593
2157 1909
1228 2524
1054 2173
156 1802
2686 181
1260 2196
1592 1398
2517 2395
2645 2544
1210 1059
2421 716
2214 2240
2313 2515
418 2733
1549 1597
2120 2085
2252 2714
1170 301
647 1010
2604 2228
1542 385
127 2719
2583 1408
2149 870
56 2146
2476 1273
877 888
372 1515
1996 2296
563 726
2262 899
2713 1565
1199 1984
601 1685
2717 173
2140 310
2408 2534
2444 1514
2550 1770
1824 1016
2248 2328
2375 1395
257 981
1041 2574
361 1635
2545 2577
1075 904
2417 1843
2528 491
1486 41
723 2125
525 1031
402 2597
339 154
2364 1493
236 1831
664 174
1775 1314
1452 646
2265 2403
1900 1320
2564 1399
1397 2038
2392 2530
1703 829
1188 1352
2506 747
188 1334
2402 1252
2254 593
1158 2142
1431 896
1741 128
1564 1416
733 1394
378 741
2734 2145
2182 272
1713 1951
2495 2354
796 611
1753 1795
625 263
2519 1917
2092 1712
2721 2728
1391 1457
1206 1385
1287 693
802 2385
2049 169
1382 2197
271 1564
2195 1214
1901 511
480 1812
423 27
36 2481
56
46 15 50 32 68 71 31 57 86 34 2 46 89 53 4 16 82 11 83 61 41 12 76 20 62 54 80 82 7 64 18 8 4 66 77 90 9 36 59 83 43 39 17 25 36 9 65 27 74 79 50 51 68 37 81 57
