370
252 193
105 300
242 273
327 338
247 266
68 100
243 111
242 218
112 85
277 189
19 89
84 16
183 361
104 368
339 318
283 322
305 99
121 149
211 355
99 301
85 287
36 138
55 307
58 233
13 200
364 66
320 67
278 132
8 321
22 2
295 158
359 263
150 356
176 128
168 244
227 30
161 280
29 348
284 107
110 204
235 251
195 80
143 262
36 142
166 192
253 91
94 21
73 358
165 185
5 6
197 58
285 64
234 217
218 54
317 340
59 3
196 317
291 247
9 31
18 325
231 256
208 133
343 165
186 212
20 12
122 365
206 349
181 200
310 351
71 162
194 339
4 306
288 95
301 163
182 44
239 3
177 37
51 23
25 230
363 96
198 364
216 81
284 240
219 43
41 180
311 28
319 365
178 37
17 155
152 257
24 272
259 79
33 266
101 292
293 332
199 123
303 279
235 258
238 283
293 175
273 0
168 285
108 243
331 299
270 259
354 30
167 162
174 92
134 130
210 236
188 176
357 225
113 273
326 213
282 307
322 323
59 252
82 0
304 151
246 346
52 198
141 113
184 153
254 224
255 344
260 32
276 241
64 338
229 100
347 169
346 151
240 191
354 318
180 274
130 96
298 326
221 311
223 53
285 24
302 164
250 170
47 92
89 363
133 355
105 95
190 204
16 167
148 195
14 134
277 132
327 300
55 2
253 267
178 61
286 68
9 75
35 0
101 144
78 188
103 189
32 209
345 124
39 341
221 1
66 268
125 254
182 20
348 194
79 70
60 124
123 280
86 331
8 360
19 45
187 207
147 62
201 320
271 14
220 184
17 156
316 131
159 335
102 117
145 362
227 157
129 91
304 347
290 73
115 245
54 152
289 127
34 214
48 167
160 344
202 171
137 297
163 281
161 275
77 187
108 86
125 197
324 13
361 39
264 129
119 166
281 329
15 103
264 74
232 143
46 158
27 239
215 31
343 263
148 340
230 349
351 231
38 238
23 336
352 237
171 25
44 71
249 88
270 250
234 151
34 241
274 57
219 286
333 29
236 10
40 257
319 342
170 211
303 169
35 359
334 126
120 196
315 185
47 149
296 164
35 115
233 159
87 268
49 260
220 136
329 97
320 272
177 314
312 278
353 45
128 144
93 137
334 49
11 62
284 75
77 313
356 50
114 115
232 216
140 157
338 107
150 290
242 214
30 31
256 68
12 157
74 279
203 65
42 104
135 313
86 23
244 26
146 70
109 292
192 228
310 117
314 118
175 46
60 302
78 90
222 15
69 262
369 246
146 347
56 309
265 316
210 162
7 69
324 174
350 116
366 369
190 121
42 212
282 87
321 81
140 345
65 245
67 147
127 265
330 169
80 222
225 186
217 33
269 352
294 315
51 262
341 90
237 84
288 160
205 228
193 11
325 203
209 297
4 179
287 226
156 330
20 106
256 261
76 248
63 308
183 271
269 205
232 202
97 309
111 173
200 312
43 218
142 202
50 64
183 147
226 106
357 360
155 84
267 249
26 328
258 367
145 227
335 298
351 138
308 71
41 291
72 330
107 289
61 337
336 93
18 275
155 21
94 251
141 135
1 154
350 286
139 332
116 28
53 173
337 172
5 83
271 108
17 172
234 13
207 136
9 22
213 215
181 342
139 328
76 126
353 98
56 182
119 83
57 179
323 229
43
7 1 11 4 4 7 7 1 3 5 12 2 12 2 5 10 12 8 1 11 6 8 5 2 11 12 7 2 7 5 9 2 3 1 11 6 8 1 10 11 4 12 9
