1938 3408
833 1850
1652 1775
997 1470
25 1516
658 494
143 1803
1129 265
73 659
586 154
282 155
738 1252
840 1819
1008 724
1390 101
1689 1386
1674 1076
230 1810
1418 876
456 1799
1474 1791
1665 473
702 762
699 1753
1715 415
572 926
1084 442
1627 1173
1155 584
1114 1325
45 1276
901 604
171 1507
246 1017
16 1398
271 1310
781 1774
853 552
609 280
380 963
378 756
44 1550
1747 424
965 1847
1033 250
257 1795
1045 580
412 399
655 422
1095 1355
1105 912
329 1524
1631 212
1675 1738
805 1109
249 836
651 59
876 987
1281 1042
1737 1116
1048 43
717 79
768 1863
297 983
525 1877
1543 508
889 1030
1586 1140
336 1043
1488 1340
918 1034
1581 286
321 253
8 509
581 1277
61 513
621 839
1489 792
964 1411
463 1151
577 339
1345 1845
1163 621
1668 696
220 1337
1769 1762
1824 750
590 1479
488 1006
1318 1434
771 768
736 152
187 463
113 1496
1547 1530
601 291
1395 711
868 1285
261 280
1054 1504
41 161
242 646
1424 51
1306 1401
1647 37
1699 1317
732 1899
1486 708
965 1186
1319 666
1299 1901
1587 1614
922 1353
995 999
682 416
665 1136
1702 375
500 1771
1181 1801
560 1185
925 1783
520 1817
1444 1298
1619 454
990 415
988 1360
963 1320
340 1275
1410 398
1450 1237
1281 930
750 395
1370 7
491 1522
1207 1082
553 673
68 397
1663 556
1014 544
493 728
1493 785
1626 841
1573 196
1781 742
39 298
1227 702
23 1045
1606 228
305 817
1574 1211
1729 1284
142 1928
447 275
1790 1891
1744 426
123 83
1191 331
1395 419
752 1047
1020 127
1139 535
929 247
1504 435
170 1594
1830 1178
1645 924
1830 204
408 587
86 1244
16 1730
1348 1583
731 1358
1505 1214
332 759
1136 956
804 495
1726 1583
1578 197
1049 1879
1761 602
112 1333
1346 872
656 149
704 1169
1145 676
962 154
76 1616
1809 1335
4 274
1492 61
1318 1335
1528 1031
110 574
1150 1493
1357 843
895 441
1543 1921
1542 972
783 1772
913 1797
1544 622
1523 1145
1319 217
1932 921
1205 1560
1776 1899
1788 625
839 874
1150 785
47 1597
14 1500
2 146
1013 1121
1210 1065
639 114
132 1722
1088 1456
1237 356
267 1001
902 527
132 398
196 1456
1036 1184
1919 904
684 1808
1441 1867
258 1401
972 594
919 1508
1805 1898
1448 618
1405 1835
557 628
842 220
1526 1073
54 717
1895 470
1466 1910
1166 1827
1751 275
1289 469
327 870
549 1358
454 1786
103 1547
664 614
237 1272
1264 650
1534 546
1197 27
862 282
1219 900
829 1371
1257 91
1037 957
557 1169
754 762
17 1337
1531 1202
1449 340
1331 580
1181 1400
1931 737
996 1817
565 706
285 1867
1031 1812
60 143
1383 509
1798 1739
1881 106
1117 1189
1366 612
1771 51
5 1413
321 864
1713 190
690 1373
855 202
1696 1657
78 657
71 1300
1252 533
1178 675
1701 970
653 1247
1294 1488
444 801
325 3
17 1664
316 768
1535 858
228 1423
806 837
100 651
1847 9
810 1703
1661 454
1778 104
264 97
1290 81
1630 1104
1605 1765
1612 159
1919 198
1140 838
355 867
1235 1355
1329 1594
405 1511
614 744
1145 1438
1878 924
141 1850
686 917
1539 199
796 1470
1879 385
1117 114
666 118
1090 941
1909 199
947 1568
124 49
819 466
1810 543
1162 1123
403 860
1762 878
1365 1042
1381 633
575 1552
186 1072
816 1714
530 868
1072 1269
1739 1302
1767 1608
1287 1572
1085 259
556 961
386 426
1927 396
1125 544
307 1382
1568 723
1386 1869
1409 12
1578 712
530 1255
1493 256
1926 1016
1721 1799
1526 1091
1089 1822
102 607
1600 1110
798 288
107 410
1026 39
127 1100
1691 1519
327 707
326 225
1236 1917
1323 1260
1574 496
1868 1099
1819 1911
1266 1467
1746 1116
854 1845
1797 869
29 4
858 391
1334 112
1561 1692
1009 1631
85 588
1588 1917
554 56
1690 1023
1617 1414
22 1413
946 1570
1808 1010
672 27
879 1093
1832 1012
1566 601
1536 1291
966 1711
1866 190
18 714
696 418
571 561
1777 1790
55 1327
1588 570
1408 327
1763 250
42 2
1367 231
875 968
92 18
1936 834
644 1240
1003 10
246 1570
380 1855
721 513
1330 894
147 1028
650 668
985 1665
1064 832
1790 207
1770 406
1628 1508
821 1595
1239 576
800 195
1324 1093
585 58
1393 1632
103 615
69 392
296 560
1337 1664
992 1206
1211 496
209 990
1449 1764
737 1380
1203 1852
641 238
136 1676
408 441
1433 779
334 1255
164 1223
335 976
80 419
329 527
1056 1810
1657 1792
232 1341
906 1406
1134 627
1418 648
412 1075
1884 1546
1158 871
632 501
1012 1369
1075 237
1579 1217
307 1278
359 1728
471 1803
827 1707
1372 643
1577 406
598 1171
1607 1412
182 115
230 1321
596 560
1872 948
664 184
742 1108
1846 1357
1937 373
1611 740
853 1138
502 1286
749 120
1718 587
1261 519
350 538
556 1867
127 820
348 1461
61 81
795 372
465 294
72 12
119 1671
373 312
1688 805
1763 1131
99 1053
214 205
1099 794
1332 727
1857 538
1588 179
918 1310
245 765
401 486
1089 84
1920 1723
895 321
413 176
374 108
1164 1694
901 1761
1502 1088
861 119
1253 660
1372 1801
469 954
1554 746
1545 1200
693 676
1629 840
722 777
1059 1001
738 1864
875 311
1159 681
1353 847
362 1164
1242 99
907 730
1609 306
1208 944
1222 594
963 1324
1398 149
504 1695
879 941
1723 631
1485 312
1500 1003
1856 541
12 565
1003 243
1699 360
1471 573
888 908
126 262
1397 427
923 36
1813 747
4 1826
1708 1246
709 955
1891 1218
1503 952
1511 699
589 947
1650 230
281 1230
1460 1085
1820 613
326 1506
72 1409
182 1489
558 692
616 1864
395 1824
84 695
1886 1608
1183 1639
846 1639
951 694
1720 315
575 1188
1638 156
35 221
1294 760
1780 619
1232 1295
1198 1686
404 1015
887 1525
547 469
497 1902
1760 1624
1011 710
651 1591
920 103
1893 1806
1636 1831
900 194
1742 339
711 80
795 300
39 581
912 21
1026 1277
1532 1669
1890 1649
1564 475
1427 721
414 386
170 1806
524 607
1203 645
610 710
1255 993
1653 787
1060 1359
1581 876
1714 1615
625 1685
797 1040
272 1312
815 1079
1862 108
893 447
1165 1305
320 72
859 1317
382 1194
1777 1404
283 1043
1823 1086
1075 1737
1791 582
7 227
1080 1419
1004 1924
15 1279
897 1671
905 804
1160 736
1250 79
775 1086
352 168
567 935
1407 1193
13 1393
1467 1651
796 480
1538 1210
1265 1662
1329 50
1428 591
1230 1706
848 260
1889 1314
7 538
201 1408
1351 1666
1076 298
379 1933
1161 6
1251 308
1592 443
1222 573
1930 401
1613 363
1040 1828
330 378
939 686
829 900
842 234
1105 374
979 1628
620 953
881 1310
651 1912
1866 257
1199 266
1123 998
923 49
1688 315
40 773
188 1551
1313 1267
726 631
944 1420
1213 346
1864 231
1146 910
1001 347
521 1740
1871 1156
636 1829
1035 1262
1170 1082
153 1024
1039 1354
849 695
496 925
754 702
477 372
569 719
98 966
1751 1745
1295 1767
973 358
1254 1585
426 1923
769 668
1575 1046
185 699
192 685
1617 396
1775 942
52 1195
410 409
109 665
1809 554
1384 522
222 777
1510 1077
1596 329
1678 1548
1242 745
1050 1621
1086 1366
653 148
150 765
1713 257
1597 1354
1545 455
604 1302
1288 1877
100 1912
1198 1859
634 1120
893 275
1434 1809
1176 449
1880 1343
1412 390
323 508
1174 539
752 767
718 1309
181 229
1704 1709
1484 462
671 1201
575 679
1412 43
174 73
694 768
1309 1602
1692 180
753 572
1608 240
916 1870
995 758
1645 1509
417 490
833 141
1790 1218
1525 1727
774 1655
1815 212
175 717
412 954
1394 162
1907 1442
1303 57
1852 1490
965 584
1082 1103
1061 996
974 1620
28 308
484 122
1628 62
1458 1298
1889 80
1892 610
1625 1766
1015 549
36 124
1214 71
1740 793
805 1813
1567 834
423 249
1178 1483
1905 626
57 1565
222 1775
1709 1047
1382 1436
1911 522
1151 773
1698 818
1824 1256
140 1710
1788 1825
120 1860
1640 1934
1266 1883
304 1744
351 1463
1627 355
173 1849
1897 192
498 854
694 316
535 245
65 754
835 310
989 1098
487 1427
126 1400
1385 1015
1892 1011
979 1908
199 1515
133 848
360 1800
440 696
1724 77
1802 363
1850 1301
251 467
117 816
1413 131
906 1428
415 1228
270 423
1601 989
1234 329
180 1056
1455 243
886 1066
1232 1223
453 1694
723 1359
26 1715
1918 1045
1828 1878
1250 964
755 967
214 1714
1063 1857
887 671
1274 1129
1802 1399
205 1714
1430 709
1569 1265
1497 1086
1376 38
389 1551
214 332
769 1126
295 1326
397 311
703 606
623 934
1459 721
1052 1681
1377 1028
635 1916
643 830
1737 1272
536 811
105 1189
1890 1558
1125 1624
41 1313
1120 1747
1380 1766
274 1887
514 568
478 934
1558 1245
360 859
1125 1311
1415 98
97 278
1740 1840
1865 1902
1452 478
242 922
89 446
1248 1481
1596 527
1155 1684
1127 1822
636 1079
85 203
1698 1400
715 1605
1354 558
23 612
835 19
1603 1601
1477 1461
1535 1277
1204 1345
1566 291
1280 541
1267 161
1285 334
1271 1851
1025 628
521 1840
1842 1143
1590 1289
1053 1327
1901 1474
162 1651
799 107
950 552
1189 244
1923 304
633 397
3 1654
209 1216
313 1899
336 283
1540 670
1180 516
528 437
389 757
213 1571
247 1430
539 1832
627 54
1014 1125
1458 691
623 1049
338 880
462 1637
955 626
964 1224
1374 1469
1449 319
1789 1494
1613 1399
1814 1042
22 153
308 1919
500 51
860 1145
657 1010
1920 1107
1787 1878
152 1160
701 303
940 1678
1581 648
158 654
1620 1478
1796 913
1403 1013
1681 1719
1807 1687
1479 1788
1060 589
1154 782
438 1450
419 971
1287 1805
172 1474
253 895
1587 593
1466 1569
300 1341
278 663
790 1109
1330 335
1900 786
448 1796
1563 1356
1182 1682
1603 116
1557 1171
994 1215
117 1615
150 1392
453 362
1697 97
1886 1442
1677 1666
1900 1083
24 1469
1192 1686
1588 1520
87 148
1138 100
753 35
263 1024
1149 716
1465 773
662 1163
1258 1589
468 211
269 836
253 113
843 136
687 1574
1534 1114
78 1020
1304 1463
387 462
1661 1271
807 1916
1768 1750
1422 1079
786 517
1907 1608
178 1731
1280 1274
1510 200
1212 795
752 982
564 401
1719 421
388 1206
1369 1174
1443 216
194 139
849 1505
1459 165
591 1406
90 1816
1926 1530
1553 1671
1230 1748
339 312
1579 62
932 1148
1687 1495
1602 201
463 597
683 671
775 739
1876 500
620 1315
1837 606
1 1157
907 915
1298 1184
1303 1498
878 1769
883 1450
837 1472
1127 908
378 212
1468 546
430 1583
41 1462
1263 1059
1512 873
692 1796
810 1333
71 1424
1877 157
877 74
936 1100
1740 812
813 794
1672 1270
517 266
667 1788
1096 1656
611 1575
1095 1721
290 962
650 457
89 585
52 344
1547 1848
1935 1206
267 1263
516 773
1462 1267
434 182
949 343
814 169
1609 1560
1293 1273
68 1381
1490 341
208 15
157 1885
418 770
1713 1101
467 1305
263 1645
1655 596
1545 928
1452 623
1371 194
686 1302
543 138
1216 1228
1042 1914
1549 515
1635 970
1704 1047
1537 1229
1275 218
1221 1676
1118 343
525 1540
1240 1132
882 282
759 1538
1606 258
1704 1882
1815 1009
1750 730
546 1114
40 1180
16 998
1266 1682
1720 790
1115 771
1805 1554
1914 930
910 706
1537 1390
658 533
1317 1800
1881 1849
973 523
761 1249
969 1031
1025 704
1361 1088
1179 1702
1528 1812
984 1027
1214 849
1934 1195
641 381
1739 917
515 1021
1134 54
1502 946
53 997
1053 1242
93 120
1938 68
568 727
37 927
917 1798
548 1154
1546 245
63 476
20 1291
1689 1137
465 1115
1717 685
1100 892
389 1350
1490 1203
898 938
1163 1206
1345 1727
691 1854
151 183
66 1646
1497 1823
115 792
96 1148
1838 976
1135 780
729 1196
326 1360
1802 850
693 1523
96 851
570 179
1437 1471
1392 1440
1003 14
25 1658
1141 1434
1584 459
150 342
1898 1572
106 203
1062 33
499 1194
1664 649
935 988
77 348
1081 1226
1280 265
429 1279
48 602
1925 1066
1693 782
1281 1814
1526 31
1718 441
1651 1292
8 1861
1313 293
116 984
624 1679
1860 1102
320 870
31 159
70 1590
1647 927
921 1880
345 105
949 1118
1853 1403
1339 365
1229 101
821 1095
65 762
467 1571
2 1068
1825 590
597 889
503 1924
725 143
555 1691
197 1312
865 808
980 73
1130 1541
1930 943
1415 966
1069 1748
862 563
1743 896
1936 1656
1108 305
29 1887
361 177
430 403
1836 215
1923 823
78 978
1933 665
1067 1705
889 780
1361 1502
317 1658
603 807
1615 816
996 1827
1144 141
776 1729
489 1534
1147 569
1895 1268
400 1614
252 882
376 359
309 1063
287 1499
1441 366
1231 1445
911 1385
1377 1619
1675 1869
477 795
1214 1300
1885 644
1385 731
1349 351
272 1578
408 1734
1818 824
333 352
678 216
844 1718
617 229
854 1727
1087 1682
1659 224
621 874
562 1197
1348 1726
936 820
1256 750
104 1196
995 204
1141 1318
1610 605
640 1731
1430 1872
395 1239
1682 289
659 1719
1273 420
1484 1637
1527 1654
1474 582
592 1367
1351 684
51 637
802 1391
1193 789
1065 914
1531 1623
1033 333
562 672
595 915
55 1242
281 1748
1133 315
1372 1636
498 1345
1175 1884
1177 1598
806 1472
891 1072
655 357
1559 1560
1803 425
1904 167
1232 1767
1153 1669
778 718
766 478
888 1089
1421 1389
1298 1036
1559 306
550 1896
823 1927
1799 95
179 1236
955 1544
446 1215
1805 1670
1078 1791
1801 1698
738 592
551 1490
1267 1122
370 1483
1120 788
574 1407
1467 1394
1312 392
1423 1401
1731 1282
1697 1041
1457 688
111 1445
1496 1522
333 465
759 1065
142 1390
1056 1650
628 704
1500 629
1369 1832
239 81
1893 1594
443 461
626 622
507 1491
1627 75
1624 1014
706 466
841 1346
367 492
1040 1787
1183 1263
1458 1036
809 872
1488 816
991 1137
1602 778
609 1580
432 1016
1283 711
1020 978
471 425
840 1911
576 32
1341 305
1877 644
1519 613
1580 280
661 1211
1494 1379
1472 593
1333 1334
1778 1824
1338 1238
1743 891
1315 1924
553 83
228 1401
748 677
1759 306
382 1841
317 1896
1848 1396
1172 1231
942 722
801 957
1104 741
1443 542
880 256
232 817
503 363
599 1508
1143 479
1609 394
1812 969
1030 187
779 1436
1269 186
479 474
390 1683
1219 1371
407 327
175 579
996 1414
109 1700
268 633
1635 716
1320 1092
52 939
1457 1041
593 806
1841 339
1885 1288
1591 767
295 1511
1804 1222
674 1635
69 1837
169 1094
1722 398
1669 163
1011 145
767 59
624 174
610 1011
635 550
720 109
784 1112
630 94
1757 1725
551 341
1287 1898
110 1407
763 1536
1667 189
1340 288
725 425
1514 696
791 1170
424 634
761 358
159 1091
952 1124
762 1227
487 1637
1422 1829
1732 279
1008 82
1880 1899
911 549
904 710
1284 452
334 170
1046 1859
384 1337
281 1069
835 618
700 1484
600 881
48 1656
53 796
1782 1621
975 3
1738 1689
1532 1299
1834 1000
1468 1078
499 698
1161 1585
1587 837
1421 1680
698 452
346 374
191 1609
1146 466
1193 177
1074 1649
1736 1046
1706 299
493 125
1789 945
874 1794
1402 280
444 1657
1791 1468
580 612
750 1239
646 958
1420 353
1109 1720
160 1670
525 1885
1051 1473
1906 380
1463 1749
1392 1848
1777 1218
741 1630
1330 1308
1028 128
1647 1776
1617 1000
379 1745
1844 154
1002 323
328 1185
1053 492
437 1363
130 1760
1208 1420
986 482
1780 654
1831 530
1593 832
308 34
529 969
1674 1177
890 1417
1804 285
270 836
102 1565
1616 1033
1019 1453
1373 1850
56 1550
1835 414
459 371
911 1269
490 1907
1172 1445
386 1835
1260 229
337 1130
1530 615
1307 1481
1439 1903
1063 781
470 287
411 715
485 997
234 501
1050 1782
982 1047
703 248
1113 688
583 1387
1421 1339
540 1412
284 550
272 712
140 20
783 1225
1739 686
1319 381
1261 578
934 766
1362 1231
818 1400
1397 276
509 368
739 1823
1306 1606
532 763
45 436
350 803
1913 278
1782 1202
585 994
806 778
1667 819
892 820
873 1600
164 865
3 1772
1101 190
1411 734
1611 188
185 295
1633 1929
520 1827
1389 1322
1283 971
139 829
514 1332
319 1275
1067 743
47 1039
1908 62
429 808
324 1213
225 1501
1563 1854
855 688
814 1094
1759 1066
1562 88
1847 745
1017 946
460 1618
1381 397
57 1498
877 1687
541 265
1399 850
982 1882
249 270
755 1646
1272 399
563 252
658 138
1833 1458
1041 1113
1183 1059
255 534
1092 1324
893 1745
361 264
810 112
1871 1231
1579 979
1517 1674
409 638
1153 940
1217 979
853 1336
442 1097
1224 1250
1544 1905
1848 342
1920 1425
831 366
876 1147
1554 1572
158 166
1108 232
1564 1262
1352 614
1555 863
660 1368
352 1115
678 746
255 1931
21 1105
1009 212
1888 763
346 324
413 459
1349 1304
1416 1794
1220 128
977 770
610 904
20 1641
481 963
198 34
1004 620
120 833
1561 1152
481 1324
1534 1325
41 1122
1786 1619
424 1922
516 898
616 592
74 235
1549 1021
899 521
1521 772
663 264
1784 1276
1793 372
402 1126
954 1590
1104 918
1928 1390
1924 953
433 1483
1352 1936
1733 1868
1875 1629
1128 443
1358 1385
67 811
813 1006
1426 1332
479 1842
128 147
1708 729
1703 1334
132 1523
255 1766
1328 36
415 209
1770 1577
1111 1649
1297 1550
1541 1695
224 477
1342 845
1479 1825
455 751
1230 299
166 654
1462 161
1524 1596
1205 1110
1416 621
522 1629
1779 1405
1480 1507
1647 701
1168 6
278 361
1813 1282
1613 1247
1029 349
75 867
1158 1516
446 58
1882 1768
1864 1367
93 749
383 248
1916 603
1067 507
114 105
570 1236
21 86
269 423
403 1583
1050 1531
1611 1350
1408 707
1793 477
468 1435
1111 506
601 1112
1168 1161
444 1037
1026 1391
747 640
1038 1510
817 1341
744 1352
1486 472
780 187
805 1720
1199 221
1634 1662
1929 1565
1752 1019
1916 550
951 1863
1849 259
595 1750
962 531
1227 1873
536 583
337 504
470 1268
1394 826
59 1591
207 1243
1177 1728
362 193
1704 752
969 322
1489 647
625 590
1006 1388
211 891
1000 1927
1485 1742
1589 1779
1717 561
188 791
1711 1696
744 1022
30 672
785 880
703 1610
1052 1179
401 647
407 870
489 1576
914 759
1797 448
1844 586
357 206
63 273
1023 160
292 487
845 488
885 1347
1570 512
825 1205
1447 1784
831 135
973 1249
1491 743
943 647
1636 1055
1444 872
1595 1095
980 1679
302 1506
620 503
251 347
1025 1169
638 799
1212 1793
1923 697
494 533
1283 1395
822 1666
302 1501
629 14
710 145
33 1761
997 480
1635 1701
1183 1001
897 1553
916 13
1784 1311
579 54
129 1090
1527 975
133 260
852 718
736 271
187 597
233 701
1142 309
770 199
862 252
451 571
926 753
1257 1925
370 433
1286 831
1926 103
640 1282
1761 458
504 1683
285 1437
578 933
1170 1103
1124 1755
264 1913
735 365
348 1712
389 1611
841 872
1144 1373
380 1344
1755 952
1519 1820
1828 797
747 1731
133 1482
245 1175
634 1747
263 153
1370 350
1620 336
1743 1269
357 1678
1248 1307
720 1136
464 1604
857 369
1903 741
200 277
116 949
1715 1216
1270 439
1763 1033
382 499
1614 837
1769 960
1461 856
391 6
1030 780
1811 1157
993 334
35 926
887 683
1234 902
495 1694
1763 76
1308 1838
1348 403
95 456
1686 406
645 551
46 973
972 1
732 1343
1487 510
47 558
642 1054
1279 375
938 497
185 1306
299 1069
520 1061
1577 1192
1658 1896
328 596
824 371
241 407
1643 1139
1176 2
554 1318
85 1638
1497 739
899 793
929 948
952 506
1760 544
1253 1660
772 167
1229 142
1117 105
974 1564
894 1838
1874 1494
587 336
384 842
1681 421
257 1101
1938 633
1377 1220
1506 225
1537 142
748 1070
1756 1010
985 122
1221 234
648 1147
880 1150
259 173
145 1892
522 1819
400 680
1052 1702
427 1729
582 172
211 1549
1174 134
858 1094
1284 276
913 692
365 1680
929 1430
945 1874
1181 818
566 968
1883 1182
139 1371
897 119
1793 300
935 1360
55 492
1268 1499
652 482
1196 1246
1241 1071
533 543
737 1625
1783 687
896 1072
56 670
811 884
1499 526
369 680
826 1292
488 1388
130 1014
277 1510
569 152
1121 1132
1420 1029
534 960
1149 674
586 461
1464 1349
432 1904
608 669
1057 861
993 1285
1290 239
568 1426
1209 479
1696 98
1765 24
701 37
418 1451
1429 1190
106 1638
1902 898
664 744
1634 1265
1845 498
22 1781
888 1127
1662 1910
564 943
1131 1724
1002 1543
509 1821
920 615
1436 307
422 1678
343 984
1755 1556
766 623
231 592
420 148
513 1290
1643 1191
657 1756
1099 1733
529 1228
126 1181
31 1073
822 684
909 1665
99 1327
824 1584
1533 733
777 1775
1233 152
131 1781
1059 267
1303 1929
764 1491
1598 298
921 857
1453 863
884 67
377 63
1785 528
1914 1814
567 1360
1361 1573
1565 1498
796 485
519 933
87 1273
1851 1207
318 402
476 416
1278 1433
950 1446
17 842
288 760
227 538
1573 1456
493 411
1057 931
1368 675
1883 1087
1541 337
203 588
1021 468
814 391
1598 1076
758 782
1215 585
988 1165
1132 1403
927 233
274 29
1524 53
1889 460
1213 108
396 1005
1121 1240
291 784
572 1199
405 1099
724 1816
758 1119
1859 1736
450 668
1176 937
204 1483
393 226
1591 1912
428 1562
605 606
162 486
416 377
178 1398
94 1032
1861 1383
181 1260
344 1640
812 899
947 1359
1417 66
1906 783
547 1590
932 176
705 502
1143 1209
23 1331
1803 725
1749 1349
1626 1346
1414 1061
571 685
1782 1623
630 1634
1546 1175
1017 1937
776 276
325 1772
1070 1241
1058 843
1022 184
293 1777
1227 65
1521 548
824 413
372 1212
593 1614
1855 1344
1856 1915
1198 1192
682 273
268 68
1129 541
1677 684
1832 134
229 1322
580 1918
528 1376
1673 1190
5 1781
899 1840
335 1838
751 1200
1774 94
1807 74
1022 664
302 11
685 451
476 682
834 48
1248 1259
871 636
223 1058
295 1753
396 1834
931 460
349 1604
31 1091
1128 1746
562 223
1722 491
1340 1294
573 1437
165 1427
688 1697
166 1732
314 1416
325 1654
755 890
273 1159
432 1839
606 69
1527 1383
627 175
1514 1451
926 1199
609 236
607 959
419 1283
730 1768
1663 1441
922 958
85 156
310 1378
883 356
1000 1005
330 960
491 1410
846 1627
1419 566
36 1243
800 404
1443 354
1505 695
1197 30
726 1107
1894 1643
802 1277
1024 1509
1820 555
1476 906
1925 91
957 1792
124 207
1477 77
675 1253
937 42
1100 1375
728 411
298 1674
19 1378
815 636
424 788
1574 1783
869 1315
217 1593
75 355
1078 172
1656 1567
1764 836
599 919
1451 1668
1124 1503
1336 950
1586 1529
693 1438
516 40
1705 616
1238 464
709 948
1314 931
325 1527
771 951
1826 1892
1282 178
28 198
1016 983
1423 1606
421 1702
896 186
146 1365
1342 690
475 1159
328 1655
4 111
1156 1172
1466 1265
1770 1686
1723 1425
523 761
756 1631
604 917
440 1451
1126 559
155 252
1592 1128
196 1361
26 1450
1048 390
1910 1569
1018 338
1301 1144
639 1189
345 1317
1083 266
1467 1292
341 893
1155 510
1886 240
1863 609
913 448
884 434
1221 1296
198 1251
1209 194
1512 1110
45 1311
565 910
720 1933
1274 265
1544 118
1139 1191
1104 1903
547 155
650 689
1831 643
1593 1097
1019 619
359 661
1708 1187
32 607
599 1562
1020 657
1860 93
227 350
358 46
548 64
546 489
1760 1436
172 1468
1689 1869
1829 260
1159 1262
932 851
603 254
860 693
1549 1435
1641 1710
1855 1225
537 517
1754 411
239 61
347 903
1432 705
916 1335
560 537
290 154
1880 313
662 388
1679 174
789 574
1828 1454
1077 1659
1773 986
705 135
1712 456
950 1138
970 617
1338 464
171 189
608 804
1555 1019
110 789
865 1295
1374 1605
1153 1299
28 1919
240 1907
121 757
581 802
210 1799
1368 1328
823 304
1280 272
289 1883
912 1244
484 1665
905 1123
1599 1307
714 123
430 206
399 1075
1340 798
90 553
383 92
256 785
153 1645
1679 659
927 303
177 1407
1347 838
596 296
1293 148
1162 608
655 940
1800 859
1904 983
639 244
279 654
1499 1895
1522 398
1297 670
1440 342
517 1083
733 847
1660 1368
1660 1328
968 1419
1338 1604
1200 928
459 1818
1431 1108
1703 877
1370 184
598 1166
1023 1049
749 367
526 470
681 1262
879 1836
338 1150
387 144
1247 1802
833 1144
1351 1542
1037 801
1111 1558
222 1652
677 1081
49 1243
915 1750
1057 119
515 539
66 967
136 1357
445 922
1302 1798
1096 834
214 117
1314 431
1237 485
140 1648
1372 1055
1173 1518
326 302
139 900
301 1126
483 792
619 863
408 844
67 583
1464 1463
352 294
89 700
366 556
332 1210
801 1792
1616 250
1123 608
1636 830
1297 56
1646 10
726 1920
107 409
1461 1724
692 1797
1186 511
1167 568
1187 1456
1121 1853
425 60
1854 827
961 1441
465 168
1260 617
1891 1404
244 147
1664 384
1193 110
1135 1008
714 673
1171 449
1537 1822
642 474
243 629
1779 386
881 271
38 1460
848 866
121 532
193 1694
321 1496
873 1205
1577 1198
1930 647
717 579
1378 1448
527 1234
934 1455
1503 1556
179 1755
123 673
646 445
1051 94
244 114
146 1068
331 713
1221 632
151 248
328 296
1842 474
1758 1443
813 1733
286 1197
1493 976
1867 961
173 1085
1488 760
1184 691
1927 1834
1712 210
1480 171
309 781
641 217
984 1118
1196 1187
205 117
1186 9
690 488
1119 1693
839 1416
235 1687
1410 1522
1520 1276
1229 1928
1754 634
821 1741
1610 69
1653 72
1168 364
1210 914
1766 1931
1295 1223
1685 1439
215 1090
1254 1168
1843 1207
156 1512
171 819
680 1932
1837 1610
793 727
427 276
1077 277
1328 1253
992 388
1710 1291
188 740
436 1784
677 1241
45 1447
1548 655
884 583
1516 317
1218 1404
1571 903
1022 1352
740 1551
873 825
642 1143
62 1217
1648 601
1932 857
364 1585
125 728
1477 856
1454 1787
652 1773
1035 475
1765 262
1473 1774
932 1644
1849 1460
1478 1043
1688 1109
1721 456
158 1732
1194 698
385 1023
581 1391
999 1693
1195 1293
438 356
542 1334
368 1861
895 113
1555 619
1156 1445
1323 181
130 1624
1288 644
892 1375
115 1489
208 375
1356 1584
813 1868
1212 300
1142 781
1873 754
1082 791
774 1482
600 1310
1874 1379
1633 57
798 726
393 1603
745 1186
1780 1732
1582 1008
705 831
1833 1184
1305 988
708 800
124 923
1767 164
413 1818
175 1134
200 224
1728 1757
1691 743
1762 960
77 856
450 1264
1580 1402
281 1706
1518 591
1465 1180
107 1915
1403 1240
79 734
648 987
1752 863
838 1586
977 1539
577 1485
1010 978
920 1926
666 641
1062 458
1486 404
1716 1561
210 1721
1599 1259
458 901
1044 1046
1533 1504
676 1438
1329 1806
1034 881
1388 845
1626 1444
337 1695
1559 394
461 1128
1870 1632
1884 765
1708 104
645 341
1032 1473
345 1699
1663 366
589 722
304 697
1556 1124
1552 679
557 981
734 964
1607 1048
1860 367
1323 617
472 195
1792 444
236 261
1386 1675
889 463
635 284
1459 487
1612 1526
511 1847
1819 1384
844 1734
1854 1475
1532 163
225 11
1517 1598
1563 1707
1384 840
301 318
614 184
1600 825
649 1711
460 431
1438 1523
613 555
432 297
1025 557
1309 778
122 909
293 1891
226 882
90 83
1414 520
1383 8
80 1395
1599 1316
637 219
435 733
832 1084
497 828
622 1905
129 1836
1343 1776
981 628
624 1604
1505 71
669 1162
1294 288
1130 1621
1035 681
529 322
167 548
1413 742
772 1154
47 219
23 1918
1578 392
1922 1120
286 672
1844 531
121 1536
660 1660
1034 600
925 1211
1139 331
457 60
1934 939
1557 1622
1387 1807
427 776
1553 1057
108 324
215 941
1550 1540
273 416
1477 348
1158 1658
1274 1856
178 747
1052 1719
455 928
102 32
1261 991
887 1258
1114 1576
1858 1519
859 915
1535 814
1185 1655
1811 972
1006 1342
1314 1618
1419 311
202 945
1816 1582
39 1391
284 807
734 1224
1909 977
866 260
439 1200
594 1157
755 1417
553 714
552 1426
782 999
1815 756
885 1529
1921 1257
484 368
1786 1851
1552 1875
1529 1347
1085 1881
354 1758
855 1041
732 1776
385 1690
1363 1785
1431 232
854 1204
303 233
783 1344
1772 975
428 919
400 857
113 864
349 1338
957 1657
1620 1043
1787 797
958 242
749 1102
769 318
1745 447
90 123
808 1279
1843 791
157 1288
798 760
1673 1672
1146 1364
1846 1058
149 998
428 88
169 1535
1286 135
256 338
828 1902
1098 1601
1256 1778
1758 678
1626 809
869 1796
505 1142
1110 825
70 469
823 1744
454 1271
992 662
564 1930
405 794
1406 1428
524 959
16 656
1573 1502
263 1509
629 10
247 948
457 450
867 1173
1116 443
1575 1515
1736 611
1194 452
440 1494
649 98
777 942
241 707
32 524
1868 405
1044 611
1667 1480
978 1756
1156 1362
1204 1074
283 974
766 1452
626 118
1857 1142
1192 1770
1090 1836
1080 875
1089 908
102 959
1513 1028
1073 1612
191 1559
306 394
111 1887
1312 712
871 1422
938 828
294 168
1855 1906
1884 535
312 577
920 1530
653 1273
446 994
1935 662
1344 1225
512 1017
1131 1616
1115 294
1706 1069
1084 1097
365 1389
122 473
1634 1910
725 60
1037 748
301 559
38 1785
864 1496
137 86
1486 800
1384 377
320 787
949 1027
356 26
63 682
1374 262
1362 1871
724 1582
1357 223
1039 558
1870 1018
74 1495
1024 924
1783 1569
907 1768
1633 101
1675 1137
1742 373
379 275
1389 1680
1812 1462
1063 505
156 588
1676 501
1453 1895
1476 1922
865 1223
1476 591
803 7
202 1874
144 1484
1322 1323
143 471
133 774
1904 1839
1580 236
1789 1379
364 841
353 1208
531 299
1735 323
587 1734
1582 1135
1255 868
1852 645
1160 719
266 1900
430 1726
1914 1365
519 1133
1103 1843
767 1912
670 44
417 1188
164 1232
313 1343
1570 1937
739 1366
746 1758
1661 1786
1074 1558
1077 224
1642 270
1258 1201
901 1062
1893 885
1201 683
595 907
1071 986
1321 1056
330 878
1886 490
937 1068
523 559
698 1841
100 59
314 1794
1705 764
1325 489
1710 545
429 208
598 449
838 885
1683 1541
861 1553
1725 376
431 931
1271 1619
452 382
5 22
1241 1081
1342 1388
322 1528
248 92
84 1127
1149 970
1219 627
1746 1592
468 515
1876 1424
1640 52
1473 630
991 578
471 1873
1821 1861
853 1446
640 1813
850 1613
241 1408
221 753
724 82
130 544
1630 1439
1744 697
1350 1551
886 91
1866 618
890 1646
1433 307
787 12
1475 1563
1140 510
318 559
526 287
962 586
722 222
1808 1666
1469 1765
1478 283
986 1007
534 1769
1585 6
1643 713
1423 929
1596 902
1481 1380
1409 787
905 669
565 1146
331 1894
376 661
1026 802
1566 967
665 1700
908 84
282 563
11 1506
757 763
449 1557
1299 163
1862 346
1897 1152
1406 1476
1482 866
902 215
847 1504
995 1119
1235 985
1888 121
1272 412
713 1331
269 1642
1305 567
17 220
549 731
1576 340
1631 378
1149 1701
941 129
1425 631
1908 1339
269 249
1447 436
96 176
982 1709
1814 930
437 1785
165 292
1487 584
1733 794
1235 821
428 1508
938 1865
944 956
495 362
1909 1539
1789 202
1054 733
342 1396
1398 656
125 1754
1060 723
1180 1151
603 284
1705 1491
1411 1250
388 1749
652 1071
719 736
818 1801
1364 706
571 1038
404 472
1375 820
1717 451
1437 1222
192 1716
567 1165
82 1816
947 1060
1055 643
140 1641
1397 1729
1225 1906
788 1747
775 1794
944 518
1649 1245
1070 1081
574 502
1698 126
1355 1741
1289 954
433 1830
13 1632
1263 1639
1131 76
1644 96
810 542
1038 1717
1876 1771
1396 1392
1094 391
1753 1326
1220 147
1387 811
1007 652
1098 393
867 846
1843 1170
1376 1363
206 1348
687 925
1421 735
1251 81
764 1067
106 588
951 316
1190 1672
528 35
835 1448
159 1164
1518 906
1597 219
711 971
1479 289
180 230
203 1638
1730 149
674 1701
700 387
1900 537
1599 1481
91 1759
1670 1572
208 808
1693 758
1917 1520
1449 218
1070 1226
1804 573
482 1748
1870 1393
151 383
1141 1809
1326 1511
1252 138
359 1757
578 1133
1106 1487
1764 1275
1431 305
219 1354
1897 1692
1432 1286
1005 1834
1386 351
1179 421
1292 1394
1296 501
827 1475
220 384
1568 1871
689 450
611 1859
1700 720
216 354
1909 770
1915 638
1589 1835
1078 582
1566 784
1257 1066
1188 679
1080 1040
518 1208
92 183
1601 226
977 1515
815 1422
1862 1815
956 518
1402 236
792 434
190 1795
903 213
975 1654
271 1034
137 189
1018 13
1243 923
1595 1355
1290 1492
572 221
255 737
1630 1685
395 1778
677 1226
976 1330
24 1374
521 261
506 1556
1561 192
1429 1673
1734 1718
1471 1804
292 1459
1642 1501
353 518
241 870
667 590
1858 555
1002 1852
451 561
1087 1182
832 442
1538 914
160 1690
1579 1628
1516 1896
1429 1270
1672 254
1236 1520
1621 1531
1690 1879
875 566
981 43
1356 827
637 1876
708 195
1278 88
1353 646
874 314
1887 1826
1248 1316
937 146
716 1027
909 985
1062 602
663 361
1938 268
943 486
878 534
772 64
200 1659
1728 1725
1618 431
1525 1201
1326 699
475 681
186 1743
1487 1684
671 1258
137 912
474 1209
296 1185
58 65
353 956
890 66
1321 1650
393 989
1711 1415
638 410
287 1853
723 589
826 1651
1220 1513
718 201
807 635
695 1300
461 1746
866 774
1452 1455
1397 1073
942 1652
704 981
1320 1093
1685 1903
1101 1795
290 1844
1203 551
1668 418
1529 1140
1830 370
267 1639
1872 709
1652 1858
213 251
1376 437
73 624
1281 971
99 55
790 1688
1404 293
360 345
1256 1239
1335 1141
1319 238
1602 852
464 1029
905 1162
387 1637
1837 605
632 1296
1300 849
1429 254
279 1671
1667 1507
756 1009
1742 577
1012 1174
1543 1735
936 1411
1669 1901
708 472
1929 1498
481 1320
132 491
196 1088
1897 1716
1427 292
1382 779
599 88
719 1233
1332 1167
1234 1524
182 483
1365 930
1633 1303
1285 530
1216 990
959 576
1447 1311
1648 784
631 1107
1097 1064
136 1058
1064 358
1261 933
330 1762
242 1545
1155 1106
715 125
1622 598
729 1246
519 991
494 138
1552 417
1514 440
1623 1425
20 545
134 1938
1278 779
921 680
439 455
858 169
145 904
50 1806
310 1865
1934 344
86 1105
1839 983
1238 349
414 1779
1188 1875
1713 1169
1725 661
50 1594
177 789
1166 1557
46 761
529 1528
903 251
1091 1612
303 1065
216 746
1130 504
999 1119
1048 540
1921 323
1542 1157
1378 618
1259 195
151 18
1571 347
1879 160
1135 82
95 210
1644 409
