186 365
36 53
117 172
166 51
126 136
73 62
59 12
180 73
131 22
52 28
178 185
65 165
19 184
182 172
13 164
105 155
15 166
151 57
133 28
87 169
83 119
129 96
132 54
162 126
79 151
94 75
69 89
50 4
148 68
89 156
106 142
152 41
42 61
35 138
181 72
186 104
72 125
16 155
1 47
91 140
47 117
66 110
90 104
78 64
78 76
156 171
37 74
44 128
78 150
10 116
30 31
62 59
118 10
140 61
109 55
173 143
49 122
161 150
114 9
130 118
63 107
152 166
92 3
183 95
154 111
21 183
25 114
32 11
67 68
87 168
108 6
102 24
148 181
12 46
145 167
17 120
21 84
161 78
81 32
134 103
77 153
124 175
111 159
113 162
136 162
97 42
170 48
80 129
151 83
105 181
33 70
107 85
92 67
122 103
88 21
152 15
40 129
13 46
3 82
112 85
120 119
98 182
86 176
145 71
101 37
127 1
180 127
26 147
164 12
39 186
171 89
47 73
63 149
146 154
56 36
77 179
93 156
1 117
14 91
9 179
16 148
27 100
5 149
5 93
163 4
90 45
7 82
18 69
163 24
140 14
79 57
161 76
102 62
65 158
36 33
139 82
60 161
89 110
38 58
41 23
29 108
74 101
117 180
83 135
13 123
15 18
122 134
80 174
20 19
22 106
91 34
54 75
163 50
159 56
53 33
8 139
185 165
142 186
115 131
28 27
2 88
120 58
7 8
24 4
115 43
43 131
153 179
81 126
141 86
66 156
10 130
29 101
99 170
65 124
18 51
79 119
38 128
103 98
84 2
38 35
15 41
121 70
112 149
68 16
158 178
37 108
146 147
96 40
95 2
8 92
56 33
23 179
139 172
138 38
122 30
107 112
168 10
71 115
150 64
62 84
31 4
53 70
34 123
153 114
31 50
165 113
170 160
32 126
102 163
45 39
42 67
132 177
114 77
87 118
39 90
48 160
86 173
173 144
140 42
115 167
137 132
145 43
22 99
139 7
55 160
94 100
157 146
16 105
112 63
153 25
84 95
26 146
99 109
91 97
162 32
54 177
147 157
184 20
39 104
155 148
121 56
69 135
137 75
7 3
74 29
137 30
172 96
65 178
66 171
81 136
58 44
48 113
74 108
59 13
97 61
136 11
41 51
80 40
57 83
106 175
17 63
174 40
48 55
159 175
111 147
167 43
106 70
169 71
49 103
11 169
44 138
3 8
37 6
98 49
168 116
76 64
18 166
24 31
165 178
73 127
129 125
124 158
90 169
128 23
9 25
186 45
26 111
67 5
150 60
130 168
35 58
151 135
154 157
88 95
66 93
77 9
100 64
104 142
164 123
109 170
72 183
173 30
53 121
164 46
71 167
34 176
152 51
28 19
76 60
135 79
177 94
92 82
12 123
21 2
54 94
34 6
176 143
145 131
5 22
118 116
6 101
96 174
97 14
20 52
17 85
27 23
102 50
81 11
149 85
119 57
133 52
88 183
154 26
55 99
155 181
143 141
110 171
52 184
125 174
157 113
72 29
180 1
176 141
60 120
35 44
124 185
61 14
75 132
107 17
27 175
25 100
110 93
177 137
80 125
36 121
142 45
130 159
182 134
69 184
141 144
19 133
86 144
49 182
134 98
20 133
144 143
