600 1200
1 550
278 269
111 210
176 484
513 293
429 85
267 591
48 239
72 598
301 393
166 321
247 69
288 198
447 302
224 152
60 69
398 281
228 375
342 476
358 162
343 236
61 142
393 460
220 465
494 513
261 54
184 124
255 448
13 376
85 229
466 9
296 584
590 366
154 587
14 491
351 479
329 201
274 231
11 463
316 62
265 165
431 31
187 236
404 518
112 290
384 382
269 264
18 343
490 225
88 404
369 578
251 515
441 270
50 554
389 176
398 230
2 510
141 76
229 462
158 55
53 28
514 103
571 527
285 119
405 561
132 475
468 405
568 179
572 24
126 23
163 573
52 192
56 543
56 593
498 40
367 564
424 588
594 580
381 335
592 207
51 187
501 256
366 334
382 280
474 42
567 559
108 110
454 416
442 107
8 186
260 300
40 376
382 332
171 452
375 487
499 597
94 178
417 474
575 127
449 156
231 557
164 560
310 328
294 191
392 319
519 490
517 123
59 482
120 179
320 444
379 590
462 112
597 360
123 164
532 10
448 193
541 359
301 30
324 562
224 129
456 148
153 297
521 598
265 555
238 188
505 591
283 252
414 323
545 417
249 22
62 320
236 18
222 583
539 138
181 438
391 94
197 288
199 371
95 261
330 155
418 204
383 44
167 465
187 343
239 455
17 88
501 147
73 149
395 518
409 217
517 488
441 14
192 122
363 539
248 528
154 477
57 35
386 128
212 357
227 54
88 248
545 474
105 191
554 392
78 49
68 595
388 389
428 123
458 338
567 232
173 354
598 251
133 578
371 446
425 388
142 406
413 495
352 529
549 412
302 387
325 416
537 270
362 272
139 238
33 402
99 118
108 577
559 348
13 41
102 52
340 508
167 220
525 145
436 444
15 225
8 217
521 233
114 108
526 372
21 38
28 438
117 205
165 580
586 577
250 548
530 314
213 215
237 368
11 407
349 416
273 191
341 398
190 575
155 325
595 383
178 567
480 258
105 32
192 414
373 516
38 153
277 196
527 11
517 560
534 564
122 434
56 378
378 355
27 420
7 133
513 169
318 330
42 257
219 97
113 425
574 479
358 172
300 314
134 525
535 555
542 570
131 218
244 596
574 351
271 93
94 171
65 196
418 497
25 425
475 562
294 140
89 212
91 485
104 133
103 234
541 240
571 99
326 337
542 13
77 96
478 146
369 7
414 122
445 86
493 316
318 516
394 363
287 357
208 581
204 482
104 369
589 539
396 472
234 152
406 165
346 99
54 195
251 103
80 135
426 235
584 575
402 324
232 171
259 93
115 237
16 220
276 257
143 153
190 296
321 558
536 120
21 547
564 160
116 565
131 380
129 107
389 113
445 87
600 216
8 409
285 588
211 570
135 245
529 151
491 532
325 3
249 63
597 91
177 322
373 477
520 275
183 507
472 467
210 26
532 361
77 596
488 355
155 500
521 72
231 579
336 156
101 29
478 183
558 166
268 186
189 134
440 47
403 262
234 129
219 199
385 368
192 102
445 283
524 426
84 337
194 53
149 277
84 535
1 60
360 485
170 143
83 393
76 506
210 162
593 543
593 355
75 193
555 296
538 354
388 25
220 226
435 339
509 492
572 203
89 354
26 172
470 266
14 82
491 345
156 154
356 182
306 79
112 543
137 214
55 279
382 180
500 318
139 200
406 249
56 401
547 468
328 446
403 487
225 511
205 77
346 118
145 506
223 261
43 439
70 448
252 599
326 84
254 175
414 102
163 37
322 531
546 340
259 271
124 215
470 200
330 100
289 62
422 256
297 143
499 485
347 29
68 144
307 335
16 226
121 372
585 409
464 366
119 588
351 380
300 413
595 44
298 46
57 486
277 332
92 446
498 34
150 527
308 272
176 113
77 444
37 526
569 119
359 253
429 462
352 47
496 2
169 333
510 496
223 227
49 423
15 511
15 519
221 50
364 480
202 39
535 337
168 448
183 546
30 83
315 467
363 589
599 86
561 547
551 150
457 431
455 386
138 589
299 287
425 389
35 463
80 4
203 430
332 380
96 244
159 167
300 397
165 466
566 430
235 540
484 553
6 449
261 195
546 510
317 583
323 305
85 581
554 221
308 362
59 257
537 211
33 324
26 112
277 73
61 249
419 180
476 29
206 405
520 48
267 413
435 286
307 329
260 267
582 133
538 357
451 577
563 236
111 162
159 39
517 489
395 17
432 148
494 169
427 519
37 350
464 439
339 50
63 61
214 237
273 358
272 509
259 290
553 179
353 175
79 116
502 422
126 248
465 10
52 122
67 66
508 496
51 18
93 137
3 335
174 115
442 224
372 350
390 423
198 23
291 194
127 243
461 473
460 301
19 550
434 273
583 470
546 2
390 49
100 318
232 94
422 501
531 313
391 157
89 357
148 349
541 242
452 232
161 441
460 83
229 208
328 92
415 186
159 579
131 351
518 17
408 12
396 433
50 286
149 319
544 471
42 276
495 267
265 485
155 100
70 75
185 269
566 114
412 130
128 313
164 600
134 87
473 282
57 463
4 135
384 280
265 194
91 499
459 302
423 78
243 190
42 545
385 174
292 173
69 550
401 378
270 552
331 6
142 22
313 177
390 466
242 374
304 146
107 234
70 255
24 505
75 168
504 71
404 17
174 216
38 471
327 203
189 12
233 515
544 215
74 416
254 512
168 193
44 144
182 421
359 311
322 5
361 473
181 291
498 376
512 175
465 226
381 201
210 172
408 549
209 180
244 205
433 315
243 296
223 444
430 24
401 355
365 600
501 334
452 567
138 453
513 481
81 455
259 469
130 408
114 110
127 190
451 586
397 413
540 524
45 269
247 1
433 467
186 585
352 391
182 592
590 439
549 12
504 238
61 22
196 319
591 402
207 421
582 7
580 431
543 378
579 274
184 544
170 297
511 314
66 158
32 90
121 350
147 295
392 246
581 429
534 250
417 276
295 422
158 106
237 174
46 398
317 470
311 494
572 327
451 114
336 587
206 399
303 211
502 11
268 409
16 167
2 340
171 178
497 482
481 415
175 437
241 540
139 443
360 436
576 289
505 572
281 341
35 246
235 407
104 578
126 197
40 34
468 21
588 365
121 163
87 252
48 275
41 376
400 279
547 206
387 263
216 368
266 222
585 268
219 68
346 571
437 348
181 28
323 85
440 529
130 12
19 1
35 486
490 427
437 254
161 82
370 79
179 530
119 323
274 557
218 574
381 307
420 480
434 102
45 185
478 558
176 25
551 347
55 400
298 281
333 293
81 239
147 502
270 161
23 97
530 536
125 509
195 227
63 142
306 491
328 199
394 589
98 278
551 476
329 103
538 173
205 596
137 271
594 299
208 462
374 253
483 116
120 553
552 14
69 6
284 346
582 369
555 509
284 345
436 597
105 140
519 225
146 321
158 400
562 132
453 537
288 97
132 33
443 304
371 310
91 360
41 40
404 58
568 530
125 492
22 134
244 117
514 539
536 568
558 146
488 255
67 132
461 109
53 291
26 111
361 109
39 143
25 113
297 202
497 204
533 337
496 340
52 434
500 100
285 424
321 304
595 522
331 20
400 66
283 86
239 275
344 480
188 71
34 150
391 377
170 39
385 115
523 504
214 75
331 135
198 197
358 111
64 418
238 523
489 123
5 313
294 32
483 79
64 204
450 241
245 20
554 435
247 550
110 451
356 592
62 493
503 393
493 576
487 228
252 445
490 563
440 312
145 76
522 68
596 96
528 109
279 566
379 439
582 443
230 341
536 553
182 157
377 533
447 263
177 128
347 101
472 556
189 130
306 565
72 251
482 64
116 563
92 371
198 126
222 200
43 366
268 8
185 98
365 424
81 520
78 466
157 207
201 307
334 286
260 397
577 563
46 281
303 542
292 49
212 173
590 43
436 499
215 184
556 433
479 218
160 534
345 118
361 282
506 141
183 440
423 9
284 571
350 559
515 521
308 125
447 459
89 538
526 163
27 364
257 474
512 353
263 459
415 213
412 408
432 224
308 492
592 157
415 338
98 591
156 477
458 557
31 299
484 443
399 548
427 511
383 144
101 342
387 36
136 141
160 250
561 206
316 576
428 164
19 325
194 28
512 348
542 531
95 195
72 515
218 334
93 290
45 98
287 383
401 593
20 80
312 529
503 453
256 147
151 312
471 124
294 90
58 518
282 528
585 217
223 95
565 370
124 213
373 233
557 338
431 299
229 581
128 322
90 105
71 411
180 280
326 377
475 324
242 253
472 315
338 231
29 386
289 493
222 317
353 59
569 365
372 37
548 534
556 315
221 339
310 446
454 148
3 381
336 154
141 525
216 385
19 60
293 169
109 473
580 457
293 481
367 250
76 136
507 418
392 54
264 484
495 397
136 287
456 349
5 177
246 486
356 207
260 495
528 461
302 67
74 349
295 502
569 424
396 556
460 30
66 106
58 292
214 262
295 256
81 275
533 535
403 305
447 36
253 240
311 367
137 469
273 578
209 384
184 471
417 573
9 390
310 292
104 7
221 435
96 117
95 227
278 185
331 245
10 16
458 579
403 375
507 64
51 309
421 573
33 475
290 469
461 282
450 209
88 395
44 522
562 402
291 438
70 168
576 320
503 83
481 333
196 73
118 284
483 565
115 368
47 312
332 117
552 161
370 306
468 561
442 129
364 258
65 73
345 99
320 316
305 228
437 353
367 160
243 584
6 258
10 226
4 432
540 426
189 549
188 504
170 202
63 406
335 329
570 303
305 375
166 304
410 246
494 333
508 573
524 241
441 82
411 399
181 373
166 478
516 330
140 488
67 51
533 326
442 152
514 394
559 362
514 363
84 377
344 453
46 230
342 551
285 569
410 486
362 492
211 520
510 508
172 162
526 121
209 419
477 587
271 469
399 217
454 74
594 457
319 65
153 202
71 523
274 458
506 525
429 208
344 420
3 201
426 407
459 387
279 106
152 107
278 264
13 498
34 41
266 317
489 560
432 301
120 568
21 405
38 467
450 289
4 20
45 264
574 380
532 527
356 421
410 57
212 354
149 65
419 280
139 396
140 90
27 344
219 599
564 548
524 407
500 516
242 359
262 487
48 455
370 483
336 449
136 145
241 235
263 36
27 258
522 144
203 24
240 159
15 427
309 18
283 599
449 587
200 583
438 53
531 5
457 31
30 503
384 419
566 388
394 138
560 428
245 80
464 43
411 523
23 288
108 586
228 262
411 188
395 58
379 464
36 314
479 131
151 47
187 309
386 341
55 106
575 59
298 570
379 450
463 410
343 309
74 456
248 412
545 276
303 150
298 230
507 497
584 127
374 541
191 32
489 428
199 92
348 254
31 594
240 374
87 86
327 430
420 364
97 197
272 125
544 213
311 266
193 255
82 552
178 452
456 454
505 327
586 110
60 247
101 476
151 352
78 9
347 342
233 598
600 537
339 286
