1200 2232
1088 710
669 5
250 1157
149 235
552 764
286 749
1192 329
838 998
487 1004
891 1129
901 755
961 875
1050 1174
495 67
189 279
1016 696
600 1062
251 152
913 888
465 678
387 253
382 293
1077 97
825 100
75 194
112 943
985 680
301 954
908 924
474 1110
615 395
441 277
625 834
880 19
104 71
594 198
829 1118
1040 800
620 219
377 656
760 280
858 409
887 883
653 1152
250 367
1197 403
1200 844
1137 865
583 72
507 67
781 391
1192 831
1003 457
270 595
299 998
394 375
671 1191
636 685
883 127
871 1094
568 898
267 194
367 1022
204 609
796 673
622 368
368 1091
168 704
308 74
531 289
1086 689
902 743
731 60
41 457
671 661
862 845
2 534
1120 1020
350 166
1023 1071
261 399
32 899
688 839
72 1101
1049 1002
231 468
1066 903
64 7
517 356
743 102
583 294
385 195
1107 610
43 611
271 100
300 648
569 162
1061 868
527 63
83 637
870 1098
480 270
1066 1155
712 416
759 25
452 617
676 585
458 345
549 1108
316 1092
612 691
1033 468
1106 68
286 711
492 396
772 708
658 334
716 674
66 476
398 563
1193 1089
984 1104
376 547
1140 839
909 664
323 919
889 830
795 130
25 417
915 200
547 330
726 571
1170 332
404 596
622 443
288 1015
821 689
603 1108
1117 989
369 1174
863 857
1148 543
319 361
1013 848
118 788
444 840
1058 163
1008 340
602 290
463 867
250 1036
560 862
476 976
346 811
1173 94
926 686
667 1142
1171 88
70 451
92 243
476 1034
980 226
468 1145
782 117
635 455
562 840
786 130
823 1127
556 691
888 935
319 202
972 1111
709 765
61 401
52 971
1150 991
1114 931
525 296
324 872
31 614
370 903
1005 1096
529 1187
1105 235
183 1178
1160 812
748 302
74 234
800 574
55 1080
574 809
155 755
660 37
1128 1011
1189 110
917 439
206 583
49 614
642 771
804 386
557 10
1007 420
789 472
168 898
967 221
381 1006
1140 1036
1002 135
597 1012
1054 555
830 847
754 223
223 320
729 378
1041 738
1078 635
482 885
465 353
45 1031
351 67
518 719
657 724
338 1042
455 587
1073 850
166 963
121 333
313 385
670 824
992 670
565 848
954 59
1050 369
1097 759
153 1059
11 26
1073 1135
1112 334
1023 679
1178 477
499 291
106 413
262 592
994 772
711 557
36 976
820 268
957 1027
595 73
790 441
978 712
117 245
536 1057
518 293
949 674
108 515
535 649
817 396
842 570
246 533
323 1005
1140 1022
129 80
124 476
381 357
1038 41
924 142
65 941
315 847
312 137
101 340
886 910
828 8
1149 1060
873 168
1039 619
299 531
364 874
321 530
519 438
226 875
209 797
877 242
395 89
42 791
8 675
220 418
1068 595
981 918
561 484
254 197
480 595
1094 855
687 931
136 821
346 497
938 1112
184 1095
295 1094
520 125
502 213
761 62
390 1021
252 1089
442 201
137 29
132 633
452 573
916 180
1136 406
414 371
1123 48
271 1088
716 949
631 192
899 1167
940 860
284 789
293 719
461 940
740 909
1111 188
738 1147
501 502
819 889
920 747
523 1028
813 725
914 721
850 715
744 9
872 264
511 330
766 115
256 1122
105 62
307 912
826 355
855 871
109 197
97 39
957 358
889 1147
746 514
767 1086
916 843
229 2
852 859
1182 501
757 870
1126 460
119 415
643 342
709 589
93 547
183 477
310 522
33 629
764 245
423 72
935 695
439 114
289 299
825 710
999 50
55 737
220 317
981 650
665 475
929 273
266 1010
676 280
356 618
717 290
1106 34
351 966
706 806
481 50
979 262
609 265
810 209
655 86
1005 919
1095 1133
1139 904
1070 402
466 892
957 1193
75 968
945 1168
529 834
1125 553
135 661
1162 394
126 140
914 921
881 1081
297 933
723 408
99 310
808 401
922 621
546 94
21 689
536 3
477 91
58 959
1198 787
604 370
964 517
808 61
46 686
735 210
681 62
292 591
559 740
353 134
495 905
960 542
1067 391
1164 1021
1181 387
710 839
498 282
426 11
527 498
182 1084
1055 934
950 134
597 4
276 1056
68 1169
186 116
291 482
159 401
1164 823
481 142
190 384
227 1176
524 257
434 461
33 1110
892 888
1192 1044
30 741
30 886
317 683
444 601
1150 540
202 814
227 33
84 1091
838 299
723 472
381 579
470 285
1034 976
946 610
1079 588
1035 287
203 575
788 607
614 371
500 37
1087 624
650 565
185 672
794 387
229 887
227 1110
535 374
336 196
748 185
1109 778
157 369
996 1000
41 1003
1113 532
22 1129
504 432
520 1175
398 700
1009 965
274 383
456 644
848 599
262 1001
849 857
495 195
1141 279
805 1116
710 100
286 20
805 1048
926 263
644 4
150 559
831 1044
225 625
1092 652
566 409
1108 577
249 727
1115 375
29 312
1177 123
967 237
397 787
643 580
637 97
1155 1051
918 9
945 391
758 243
185 302
593 488
542 447
935 1046
615 89
200 1126
604 1051
1190 628
205 668
120 457
750 400
580 1095
564 879
1013 1172
590 784
749 814
398 436
148 874
629 151
390 1164
606 1062
793 902
471 440
538 720
1167 493
129 932
806 1158
806 997
1196 768
180 485
270 131
235 668
404 304
875 980
67 854
993 553
20 711
950 353
452 1138
87 508
121 362
512 756
1103 1010
615 816
1124 282
1044 1014
881 17
1139 171
1122 7
324 578
343 292
739 1054
568 797
810 797
1200 769
336 631
984 268
148 364
251 969
557 1104
282 1093
727 752
898 221
295 1098
56 1093
679 306
896 1145
198 246
1117 25
778 540
776 1183
1002 1012
1147 750
375 425
320 796
391 453
794 253
997 780
102 79
1 1132
1136 1004
95 104
911 862
111 95
588 563
247 80
942 536
1182 1018
176 846
456 489
1189 925
781 1019
1060 450
1158 361
908 142
357 1153
720 792
665 106
663 1052
57 302
680 955
1019 453
439 432
859 19
426 447
901 1146
1047 505
564 27
403 206
1045 372
726 948
584 849
1048 1116
523 521
951 232
144 93
890 79
549 208
969 152
1030 433
240 221
214 157
187 1200
897 1076
202 361
1077 281
773 525
1054 777
776 1148
1177 763
1042 796
524 732
842 119
459 756
868 985
107 356
833 1143
742 558
238 951
677 1085
427 118
890 95
607 118
985 955
620 1075
40 846
937 771
1008 269
534 127
805 807
465 366
301 1161
1181 325
1037 986
636 693
152 258
348 647
819 847
302 402
380 1112
470 1013
996 27
456 264
366 1102
1073 230
947 1085
671 1118
464 421
376 330
711 1134
48 147
670 750
866 1017
1143 47
260 1082
493 818
1180 1135
960 11
424 53
549 798
1053 860
964 86
73 193
400 174
658 623
1146 155
319 283
92 928
887 2
388 406
851 1053
647 774
409 939
1187 934
1136 292
558 199
690 896
257 732
992 1026
231 556
616 53
265 884
535 70
964 970
481 682
609 884
674 1100
326 1137
781 453
894 1002
235 669
814 319
366 134
144 547
16 241
216 779
897 1083
1074 828
264 98
200 449
128 156
81 811
40 176
673 1020
993 769
71 582
585 760
905 195
412 294
685 1063
100 1088
358 1193
998 531
879 27
399 260
1070 183
958 70
503 891
248 1123
303 662
952 266
554 755
693 685
176 1085
341 724
514 1049
430 737
415 570
218 505
552 12
360 1053
1062 263
1179 801
955 589
825 271
569 417
715 1135
995 665
113 654
352 1087
1174 510
154 1101
56 1124
1184 308
23 698
116 720
593 639
950 678
399 77
1153 381
404 309
1020 239
1129 1055
436 700
525 164
1022 1157
697 288
559 632
110 121
657 580
242 992
1149 619
1166 694
341 828
334 1133
1014 867
1063 516
35 911
521 1113
135 829
972 188
672 259
763 123
272 1064
906 173
994 900
286 10
344 1040
755 175
58 24
295 855
653 772
904 337
450 1039
647 1056
36 1034
56 282
175 1146
60 745
28 429
546 1043
479 923
252 1177
14 181
47 718
655 970
687 1114
495 313
6 499
758 928
1005 968
398 882
1183 876
16 255
546 941
145 766
640 996
98 872
333 328
872 578
224 203
30 910
191 853
804 336
177 483
120 1156
164 1196
107 618
345 529
58 971
1027 393
377 758
832 1124
1065 335
1188 679
837 735
289 838
290 207
561 44
419 216
184 342
373 15
506 505
76 790
735 645
904 133
179 443
281 640
437 1070
656 92
762 1046
750 659
159 422
771 1007
722 58
477 1070
409 332
1120 1184
129 471
7 321
80 621
305 217
900 653
975 141
136 767
900 1152
598 737
1014 831
537 95
325 238
733 469
579 1006
1072 844
650 969
654 1
834 225
1163 1020
498 832
432 1163
208 284
15 752
598 265
103 325
137 736
484 340
285 599
662 821
1195 177
518 430
20 10
327 467
1148 876
21 587
562 734
591 842
247 932
524 882
708 900
310 273
181 725
1113 170
701 581
853 1028
123 931
337 586
110 328
1105 669
551 1075
461 851
973 717
809 800
515 579
757 438
1037 1048
1067 177
1060 1039
1111 448
1171 1121
297 961
3 1057
688 262
541 245
54 919
699 627
442 174
648 988
29 895
845 944
579 1153
520 723
444 562
783 728
232 844
1157 1140
966 485
962 1
1190 589
513 213
186 1068
852 869
79 902
86 65
598 379
692 1194
88 1103
94 277
298 1127
160 147
553 769
571 593
386 196
458 780
987 666
766 132
499 626
11 447
731 38
535 958
1011 300
82 764
1125 769
1067 453
1057 692
1163 504
707 974
977 1015
763 687
149 668
157 1050
1025 1200
201 174
191 384
380 658
853 384
1196 525
206 1197
580 184
411 1090
6 1179
57 672
943 746
874 733
85 268
659 181
374 445
537 1166
831 463
1099 879
315 830
227 474
28 329
1183 543
130 757
713 388
828 906
472 408
284 603
907 350
488 948
297 980
428 257
359 105
546 315
978 71
877 192
958 803
68 882
46 926
1088 624
345 625
19 852
418 1065
103 794
1104 260
119 489
107 627
854 53
105 761
989 429
1170 939
440 247
120 1038
212 81
288 1130
714 496
1029 365
775 849
652 894
941 970
1199 676
135 1118
761 681
154 611
760 291
486 1032
113 962
497 212
1132 327
190 275
180 843
189 573
428 1078
1153 507
798 284
464 1142
537 32
218 506
920 141
324 264
1159 977
835 1182
1012 728
466 888
489 415
508 454
379 204
307 704
790 277
512 1052
642 1151
5 636
911 845
1150 778
338 326
480 131
380 938
150 1131
630 1039
667 421
325 253
225 529
1024 881
443 952
371 49
613 251
594 1016
442 108
699 107
1128 695
943 514
793 743
870 455
1125 762
971 690
893 818
492 267
695 648
1188 305
955 841
148 733
1025 416
934 331
17 378
677 176
47 233
698 1084
908 50
517 1069
1191 661
199 1150
896 784
22 934
448 972
818 933
982 508
425 1162
180 966
980 933
106 322
633 145
807 207
542 503
1173 441
212 638
905 478
798 208
837 210
864 986
331 1055
867 1192
774 348
351 843
491 145
461 456
742 77
826 326
721 921
695 300
706 734
131 193
999 161
103 253
704 705
1008 101
1177 931
762 993
914 158
410 494
205 1105
222 951
496 500
193 270
737 601
907 611
194 817
285 565
775 1185
856 48
703 295
576 59
713 455
383 254
35 944
863 328
744 918
287 1154
201 108
1081 729
749 1109
435 654
414 953
479 634
106 544
1045 652
813 14
583 811
1030 651
550 667
538 186
400 201
312 215
347 280
378 1081
113 435
1099 1000
930 756
158 802
962 1132
89 987
242 824
699 339
540 199
424 616
827 397
1167 509
779 419
341 675
1076 1059
338 959
829 661
656 928
577 944
745 38
370 1066
97 83
541 126
122 907
562 706
857 775
1031 12
913 909
543 876
1172 692
501 835
545 311
256 64
210 1165
893 116
464 667
493 462
713 1004
440 129
29 215
913 664
279 452
567 31
718 833
1156 1003
895 736
832 56
722 24
940 851
705 255
162 759
339 618
880 869
192 386
44 838
1106 791
407 753
651 1190
212 140
136 1086
657 643
783 4
233 718
219 551
575 1021
1198 311
1155 903
161 1075
1127 1021
427 788
550 1119
88 1010
44 289
230 1135
608 592
362 1189
242 1026
857 1185
187 801
158 789
514 228
481 924
1108 208
917 114
673 223
1100 968
422 78
666 395
215 895
1142 550
1065 683
84 368
1169 42
169 1096
605 920
21 136
69 16
767 689
543 528
380 623
792 893
763 1114
191 684
738 171
802 921
326 730
969 613
430 548
555 354
1094 1098
145 132
55 85
352 1159
84 1138
813 659
956 889
470 599
876 776
861 484
214 1174
585 347
807 812
1031 878
204 884
622 179
166 1017
1038 953
486 1154
989 923
156 886
841 868
217 1188
357 507
620 877
1100 363
111 165
171 133
678 134
275 684
913 892
541 117
486 1035
860 434
936 218
463 1187
1095 342
198 696
433 651
24 52
500 660
352 697
894 1092
557 1134
703 871
275 410
741 156
694 87
432 114
515 646
159 78
1017 446
462 899
166 446
88 266
26 960
307 705
641 1058
167 1026
555 777
82 560
272 731
38 662
747 1043
526 59
214 1050
832 1093
349 290
460 200
1159 1015
927 367
747 236
995 389
343 733
459 925
634 923
143 1075
1087 788
233 770
736 312
339 627
825 624
425 494
69 206
1086 821
658 1112
1061 953
533 360
412 967
275 191
1109 991
841 1061
121 328
1074 341
1185 1069
645 785
1180 230
153 822
1138 139
1025 978
114 504
991 199
515 336
597 728
858 566
574 344
793 102
59 1161
470 848
539 111
862 944
471 932
1054 922
751 761
169 323
360 93
45 878
713 487
1198 545
1087 49
281 83
927 1030
704 912
171 586
762 553
977 288
1029 946
781 945
82 682
940 434
9 983
1069 584
707 23
1178 91
451 803
999 229
234 799
14 725
671 829
332 939
701 276
411 165
403 241
220 1065
120 1003
491 633
160 856
489 570
1144 251
736 215
522 13
1047 936
997 575
170 523
823 818
355 1137
709 607
626 6
169 919
316 894
714 37
676 760
188 1041
5 1051
819 956
239 132
533 696
666 816
393 1089
767 21
584 775
837 1165
291 387
719 548
419 1058
686 606
884 379
359 62
213 501
816 89
996 1099
257 1078
98 445
947 40
799 1184
517 91
13 99
1032 1154
155 554
335 418
484 269
942 3
950 465
628 433
349 973
989 634
142 682
40 252
1001 592
347 239
918 965
1125 1046
354 739
93 138
945 1019
558 609
814 283
869 51
566 939
1001 608
478 999
506 1047
172 1063
1143 770
590 1145
156 278
787 827
424 581
630 450
494 375
117 702
893 538
306 82
602 717
39 83
369 510
85 820
975 236
987 173
124 36
1120 74
458 225
612 812
1078 732
355 865
528 405
469 364
613 258
143 161
684 384
394 1115
392 304
779 163
522 929
33 1176
209 568
856 147
957 600
727 303
897 1059
1052 605
502 513
626 187
569 25
298 1164
640 772
126 782
377 211
1115 425
641 163
935 7
560 911
222 1072
68 791
1046 993
236 141
22 891
18 810
486 287
1137 730
1037 864
973 690
1026 824
526 1161
865 826
152 1144
382 430
382 719
358 1027
796 754
770 833
786 795
916 485
1162 952
43 1101
140 948
374 228
858 1009
1107 365
410 1035
1004 406
1103 1171
596 392
1189 333
745 1064
974 23
646 1186
1032 389
125 1175
47 402
680 868
217 1071
614 567
1016 198
573 1141
627 618
630 619
1015 697
528 776
1000 27
675 906
294 967
1066 1187
256 238
414 567
250 1022
237 412
881 378
361 283
490 435
539 411
1199 347
698 974
130 438
163 216
596 309
878 552
479 28
615 666
578 445
975 747
990 539
1042 223
564 1000
752 373
448 1041
673 320
60 1064
824 167
880 859
211 1123
243 724
815 365
1186 647
973 602
1160 314
942 1194
238 850
204 598
1080 984
407 839
521 146
17 1024
988 104
958 649
353 1028
1036 367
474 1176
363 674
229 534
492 194
151 510
500 714
621 311
885 632
864 1116
72 43
677 1168
590 468
740 230
552 45
472 125
981 9
50 924
99 273
113 1132
1019 1067
701 53
273 13
71 416
527 182
773 164
1097 569
1077 637
551 620
916 351
66 577
436 1079
930 459
34 1169
314 691
836 460
608 1130
712 1025
975 920
30 128
833 233
318 897
936 505
222 844
854 424
240 412
645 210
930 663
574 1040
685 516
691 1160
467 363
478 313
903 604
1121 1010
1102 1171
274 109
196 192
1103 1121
54 490
1179 187
15 303
98 578
625 458
914 802
8 906
858 332
890 102
836 449
746 112
48 248
988 1011
664 466
85 984
822 561
498 1093
874 343
87 982
261 260
890 902
133 586
158 178
1145 784
267 396
436 588
4 728
686 278
853 190
337 133
234 1184
1176 575
491 115
1106 42
629 1110
1134 10
209 18
759 417
392 404
318 1148
1199 585
175 554
748 259
445 324
269 340
237 240
1018 787
124 327
403 16
280 1199
372 360
1090 990
428 524
188 1195
1133 147
861 101
819 830
521 170
1128 300
497 638
1181 794
1147 751
785 1165
708 994
115 633
870 721
224 344
346 638
771 420
808 78
716 363
1063 636
1084 974
78 401
451 511
519 795
316 372
542 426
1175 723
454 694
572 14
1071 1188
151 809
1098 871
1072 431
413 665
789 335
178 921
846 1085
1122 321
388 1136
155 901
278 687
963 1017
915 449
744 965
31 414
932 80
203 537
722 52
231 308
885 1131
1059 822
487 406
571 948
1179 499
635 428
597 644
507 1006
125 408
18 764
643 184
678 366
469 148
317 418
174 244
651 90
645 1165
808 927
186 720
1031 122
856 248
634 28
649 803
110 362
792 538
75 817
912 873
189 1102
220 683
815 1107
679 1071
397 1198
146 532
149 205
320 754
393 1193
60 38
898 963
509 899
1149 450
123 1114
473 218
261 1082
421 550
440 1009
513 835
318 793
826 730
315 956
1089 1027
530 256
735 785
423 154
707 182
462 32
698 182
731 1064
172 516
545 397
593 726
509 32
979 1001
400 244
727 15
431 232
608 979
882 502
1061 985
344 809
46 1062
178 802
249 373
936 473
836 1126
1158 202
1131 559
359 211
109 254
554 1146
395 987
377 928
700 1079
108 244
154 43
231 998
1166 454
1124 600
681 751
483 304
177 910
632 482
811 638
941 655
799 308
631 804
1006 357
548 382
1074 8
522 99
296 1130
1161 306
983 965
840 601
863 51
51 880
629 474
970 86
1172 739
196 804
693 172
1151 405
753 660
619 1028
544 322
700 563
203 193
23 255
741 128
491 766
979 688
655 65
616 701
549 603
390 1127
1056 774
305 1023
431 222
460 915
800 224
630 1149
849 1069
670 167
801 6
988 1128
765 118
946 306
37 318
822 1083
748 672
42 34
138 376
803 70
437 183
875 297
61 422
402 852
75 396
1099 564
591 570
485 877
1183 528
420 642
1158 283
1169 791
94 441
1057 1194
509 493
652 372
519 786
442 244
479 429
972 1195
389 287
1033 590
219 143
628 90
995 146
408 1175
896 1033
488 639
904 278
582 978
444 734
165 990
929 740
234 1120
697 1159
138 330
582 416
754 1042
281 39
266 1121
588 621
933 226
96 810
576 954
887 127
374 63
937 1007
1168 464
1051 370
101 690
744 983
556 612
508 1166
157 510
483 596
812 314
169 54
66 36
717 349
1033 784
983 981
1083 1076
5 26
475 544
594 533
112 1049
779 641
173 473
706 840
57 259
179 1091
930 1052
44 531
228 112
539 1090
426 26
662 895
1007 1151
237 221
777 354
1036 1157
739 777
1080 820
715 1180
946 815
990 405
503 162
407 1172
216 1058
1097 162
603 798
734 601
1011 648
677 947
496 660
161 219
801 626
310 929
492 817
600 785
938 623
1115 1162
240 294
258 1018
1138 305
1186 1056
879 749
1044 867
91 437
307 873
327 703
247 471
813 572
815 1029
530 64
937 997
1173 76
446 350
427 765
1181 103
1081 255
506 473
649 451
393 358
1079 563
390 298
1117 172
298 823
1154 389
576 301
668 669
1168 837
331 1129
922 555
81 497
478 385
467 949
807 917
1037 1116
1032 1035
51 19
245 702
742 1082
45 12
2 883
81 346
96 568
716 467
816 211
790 1173
170 532
1014 463
753 496
1068 214
657 342
301 526
702 126
1144 613
475 322
942 692
241 69
105 751
730 865
952 1060
604 1155
656 243
131 73
232 1072
589 175
1152 994
623 587
343 469
246 696
236 1043
631 386
173 373
150 632
1043 141
77 1082
1080 268
1156 41
864 805
1122 530
966 843
334 938
1077 39
725 276
768 296
399 742
55 820
46 263
116 792
773 768
586 1139
205 329
526 576
1130 901
213 835
738 1119
189 1141
861 269
532 523
1180 850
527 407
964 65
519 757
873 705
827 311
610 1029
663 756
323 1096
782 702
449 1117
992 167
707 1084
536 1009
956 847
482 1131
338 986
594 246
566 1170
639 571
146 1113
64 321
272 745
721 178
1142 1119
729 1024
263 606
961 226
892 664
151 961
304 309
1151 420
241 1197
637 806
61 159
1126 780
249 303
419 503
741 886
976 66
885 150
271 624
1053 434
1107 405
663 512
1191 511
90 1190
443 368
259 925
641 780
1101 423
1195 448
164 768
316 1045
139 383
1024 140
1160 556
982 1068
836 915
773 927
314 612
438 786
909 466
611 423
548 518
322 413
