3606 6852
1425 2123
3124 654
2447 3461
893 3230
1323 2039
2501 694
909 509
1164 295
1872 9
1593 3532
956 435
1297 1082
39 1320
3591 743
1227 449
1978 988
277 1947
1338 3097
94 1641
3328 1803
2018 1407
2246 858
907 2529
2631 1029
2813 2646
2318 979
2745 3491
1011 354
2285 1158
2907 1935
1362 2774
1875 2794
1792 553
2433 1331
2005 1357
1980 1904
3345 1120
2461 1636
1840 1469
1588 219
83 121
1589 147
3241 681
2151 1638
1195 1993
2331 1622
3281 1599
2778 555
2618 2157
2760 1226
1203 605
683 1047
546 498
1071 1371
3187 914
1693 2420
857 1562
425 3563
1910 2328
1801 739
6 362
1841 3115
2804 829
317 2956
2053 1556
3085 1543
730 1331
816 936
1011 3014
1072 575
419 2945
1334 2578
496 1177
1034 745
1101 1007
315 960
2459 2778
2368 389
83 2668
2020 1519
1608 1190
2936 2227
401 1858
3498 2927
2520 383
1889 170
471 3419
1845 1695
2964 2093
859 410
318 894
3284 3448
1916 2591
1749 2812
1482 291
3527 2503
1845 1893
55 794
583 893
3355 2848
1408 3121
3564 3192
262 1896
1510 1616
2496 2934
3007 1489
2977 2734
2783 1885
1889 2408
2786 2297
1304 2985
2926 1801
1943 141
2108 1038
2983 100
1389 1798
3583 3266
990 540
2653 1132
2463 295
704 241
1516 825
2057 722
2716 2491
3056 301
615 1652
860 453
3539 141
3116 2242
45 3436
3424 3509
2724 1796
2437 594
529 664
1648 3334
3370 1296
549 3148
1505 757
1722 3149
753 14
1558 2947
3316 572
883 2038
3051 1545
267 1231
43 2721
466 3592
3017 87
1517 2671
105 710
1928 1734
678 227
373 1977
3604 243
2679 3427
421 71
2077 1869
336 288
3538 1582
3042 2101
2923 1870
1024 1108
2290 819
920 3445
2606 413
2660 2
344 2553
1076 1830
1161 3472
1093 2198
2506 3162
690 791
1452 1228
3012 1438
701 1897
1502 1315
34 852
2150 1400
2250 2187
3366 294
2109 889
1000 98
1330 2543
2662 2436
563 226
2373 2855
1259 436
3224 3190
2960 935
2372 1358
2658 2947
2840 2818
93 1174
1694 2764
871 1686
283 861
2807 1268
1180 156
2205 2794
2438 1442
2440 1449
2738 3053
203 2356
330 1053
2404 973
2407 3174
1868 2640
3434 2678
1670 1093
349 2530
2287 2718
2448 3168
547 1605
510 2745
1207 400
1541 2762
1061 1325
1199 782
646 344
216 843
34 383
2709 2381
1689 2279
1927 171
2159 906
748 1497
2086 1955
1871 663
30 1965
1252 440
959 1178
574 3131
3601 1576
516 1068
1537 93
971 1816
1877 927
3217 3354
264 3452
276 3439
3316 3148
3223 3443
2232 3307
3260 2655
881 3079
3073 3202
3389 2127
2957 1111
2118 661
1333 1283
517 1618
2388 3020
2443 820
2566 1335
3028 1563
2012 2980
3332 650
2948 1058
3504 228
1431 726
200 1793
3043 2336
2712 1571
1190 2888
2206 265
705 3224
3098 399
883 350
1379 2175
290 37
1776 3344
2504 879
1502 2848
475 1165
262 2205
515 406
3549 999
3101 3127
73 89
534 700
2537 993
1653 3028
3442 2016
1780 132
1896 1658
3273 2909
720 3144
1872 1856
3164 2374
212 2498
194 277
795 1584
2477 2616
1787 1820
3415 183
3521 1440
2202 1104
2307 2699
1656 148
661 1918
787 1972
2224 2870
380 1241
1875 1243
1020 807
1491 296
916 299
3243 386
8 1208
2873 1902
1278 3482
3208 147
202 2537
2764 3584
150 2790
3415 2851
175 845
3338 104
1121 1130
1416 2829
3077 782
2303 808
19 2713
907 1213
3080 334
774 1566
3349 2200
196 2135
821 3341
2644 3427
2095 248
3028 2868
3483 1655
2746 2425
2049 3014
2022 3492
2639 1718
2584 3351
394 1043
1994 333
2784 3083
3008 785
1002 2941
2088 786
574 998
3122 1419
126 2791
2860 3362
2739 3563
476 2632
2284 1479
2501 718
3338 2825
496 1557
3308 1298
1651 2218
546 716
2477 2549
2219 2172
2338 1895
940 2370
3035 2404
462 487
169 3065
544 1537
3057 2855
3121 1786
1726 289
994 1344
1861 828
2200 1743
95 3412
1486 2927
2693 2898
1006 3010
2635 2727
514 30
2149 1805
272 984
871 533
3186 1183
698 2300
3578 2222
385 3405
2434 1606
783 570
1901 1706
42 3565
2118 1140
1911 639
1848 623
1205 1906
1224 407
3323 3557
629 1843
3282 3337
790 3185
3119 377
2465 2878
3463 604
1660 2996
2515 3177
2610 500
1126 364
2689 35
2741 3074
3220 1900
3545 1226
1818 134
2537 1298
3571 26
464 3478
3525 1442
1796 2408
2390 1539
2555 992
3081 1279
3481 2776
1740 2600
937 3036
980 592
3059 1779
1532 732
402 2103
260 1701
971 1714
3396 3299
1526 871
2819 890
1674 1075
621 787
1620 498
789 1413
3080 3272
329 402
1082 1456
3531 529
2479 1493
1229 2973
1933 1666
1703 2479
1935 3228
38 2572
204 1841
3606 3074
1677 453
180 2585
1300 926
3054 1456
518 19
1461 1149
1602 1279
3343 3118
1227 165
1505 2825
975 2350
3318 503
569 603
3490 1280
1815 1749
43 2028
2075 561
1557 2922
627 1481
3035 1102
2296 2722
1007 1842
1064 1279
2888 827
2321 3466
2167 490
3356 2229
67 181
120 1907
807 2125
321 280
1471 1800
2125 1074
1429 322
1652 3205
119 2102
199 1617
615 1969
2629 2721
2988 1354
3414 407
3524 2634
2029 2019
2367 282
734 1436
3301 1058
452 3579
2799 841
731 837
2830 2251
1061 843
2919 2725
1148 1439
2964 458
3593 1285
2821 213
3089 792
754 3326
2473 1363
993 3308
1001 159
2564 148
319 3259
3456 2280
1997 1660
2248 1845
2938 2854
602 742
3399 1689
2885 3248
832 245
1137 2717
1834 983
3394 2195
2506 1998
500 75
2031 3335
195 1533
63 2536
1993 1162
2037 1261
152 3109
2920 634
1827 1480
1303 1560
2354 1684
2266 156
2218 1354
3088 760
2147 2358
115 1163
886 3407
248 2874
1353 2472
1628 3431
717 392
2673 2471
3179 2645
3022 574
1822 861
3129 2633
2351 844
1387 3488
2006 660
2383 2850
2647 1969
1840 85
2383 2049
218 2454
2194 3499
213 2394
2549 2616
2253 2555
1996 1132
1661 1819
85 3099
1768 1177
2918 3011
2161 1607
1917 1013
3543 2010
1208 2909
555 963
2520 2837
856 879
1100 765
2975 3418
2806 2431
1854 444
1202 524
1797 2981
1504 2210
579 287
2465 142
280 1534
1852 944
1115 1763
2017 2488
1055 361
985 1683
2017 3248
1296 3076
1180 801
491 948
2576 3057
1019 3499
1547 31
1098 2345
2341 1953
1210 1588
2082 815
3494 2131
3139 45
217 2410
3251 2409
2900 3161
1928 679
3235 1246
874 954
1875 2715
868 1904
2087 673
2921 285
2945 1554
1930 1246
2330 2722
2460 978
3447 1628
895 2132
2627 133
3149 363
2613 2856
2312 38
3392 3487
1185 3415
858 536
1548 2404
1013 1347
290 1766
3082 962
1667 62
559 2074
75 732
896 1125
244 1956
781 2065
1704 2486
1709 2455
127 776
2942 3176
3201 279
1192 2624
2906 2381
1732 3309
1834 415
2480 2964
2457 981
1988 2852
3374 121
625 3529
3121 1855
2339 3346
2049 2972
527 3214
1973 3427
94 3578
2428 3071
3145 3060
217 92
1992 3234
1610 2704
3206 1467
1473 1219
295 485
127 1712
1676 1714
14 1664
2428 2230
2085 2717
889 3606
849 1369
3143 3506
3056 782
1030 2726
1081 184
67 2488
3213 997
788 421
728 204
1773 815
2373 3057
1430 2598
765 635
1397 3496
699 1760
882 377
1674 240
1851 3280
1499 1028
1764 619
2255 1008
1335 286
3154 3592
2344 1258
1123 2911
2421 1623
3555 1304
1383 618
2205 1658
2394 255
2216 625
2977 2880
511 1296
2149 3264
637 1041
3502 2211
2191 2173
131 2232
2051 1810
130 137
2966 1319
3570 2903
2617 1282
2071 1507
2800 557
2304 3256
2735 1484
474 2558
1646 74
1163 1262
1870 2789
2807 1761
2583 954
2217 2722
2235 3142
3598 2756
1839 2
3084 2784
1031 1771
1607 490
164 3388
2111 840
3470 3512
1063 2492
2760 1596
2686 2499
2098 3024
2715 3219
1527 491
924 1638
1444 2043
1590 2759
1930 1713
2789 113
1077 1127
1027 802
2228 3195
965 2365
95 2525
2623 220
3167 893
1949 1139
3080 1048
246 2517
2140 2065
920 2171
2074 3365
207 856
2860 1425
150 284
2818 1147
3108 2681
1738 1687
1202 1980
731 2139
26 1465
836 480
798 173
2427 580
582 2001
1181 3044
2570 3031
2041 1293
2835 353
2705 1741
3296 2427
389 2241
3223 1421
3168 2357
2771 2057
1798 2637
3422 1089
2408 2213
1163 2259
1829 1882
1526 1686
750 877
2627 922
1999 2746
2138 793
3013 144
595 2962
2505 2568
130 604
1193 1638
1283 499
2016 2813
991 3062
805 418
2965 1576
1979 2731
3589 2762
816 2150
1210 3105
2592 1984
3218 2770
1293 2196
3079 1278
3360 40
2207 1977
1776 1790
2384 2774
955 2332
998 2601
1211 345
189 3459
2926 1214
1924 661
476 735
2540 2046
1931 904
2580 1806
870 2161
1017 3431
1121 2725
1453 3183
959 793
340 2859
2469 658
2149 1913
1639 312
2994 567
3328 3473
3198 126
2534 987
3282 864
1028 916
1084 177
2160 634
682 2261
1077 505
1175 613
1264 1724
3384 597
3230 3167
1706 902
1603 3194
3288 2642
935 758
1469 1838
2863 2835
1066 2653
319 1443
757 2825
1134 2641
198 870
1627 2443
3391 2152
2423 2413
2008 1096
3329 1232
1801 1086
99 2593
2930 3590
2886 2274
2938 2904
3226 706
1511 2975
2051 2619
514 561
2837 383
3512 222
346 3249
2991 1963
1340 2793
666 1113
1495 2528
1503 3237
2052 1016
2492 3274
354 877
944 669
564 1203
1981 3171
104 691
2575 2728
1406 2489
2692 3425
2697 547
3181 1127
2122 1118
3490 3313
786 868
2322 1835
3443 578
818 2238
2781 3053
2131 119
3229 3295
1755 1099
2177 222
70 3604
232 269
2494 3446
742 225
3155 3438
1251 1642
3508 1865
3346 2796
297 2344
1456 374
2811 3605
1264 557
2528 322
1816 114
3605 1455
2673 2378
145 2288
395 276
1544 2528
2677 2660
3587 946
846 2747
2884 224
1392 1744
2322 2221
1926 415
25 1840
1560 1618
237 2340
312 1772
2756 2634
2584 566
2412 2056
619 1936
596 141
2535 831
753 2684
50 2361
3476 1661
2508 2625
442 1345
1 128
1466 876
152 3380
3040 2268
2718 2876
2402 2355
1895 2937
1683 2377
1880 2572
2791 3065
1699 3194
2660 1490
2333 448
3529 2216
1042 489
1000 875
387 3067
2690 335
477 1692
2941 966
486 945
2858 915
2431 1461
974 1025
2087 1946
891 1015
2730 2309
3570 337
1401 1078
2998 3335
3500 712
139 2240
1494 447
988 1835
711 3186
2701 2175
867 1681
2422 756
2759 1145
654 3383
1475 3103
2845 1055
2972 2850
2328 2143
1741 32
1360 1095
2863 756
3339 2463
733 1504
165 231
168 1951
3507 528
1040 117
3020 552
1635 3482
1968 258
420 2241
1364 3505
2072 365
2762 2817
61 3292
3 2548
1181 1133
1769 1841
2998 3243
1990 3319
3456 3259
1578 1023
2502 613
3590 2067
1855 2801
2843 2632
2792 466
2607 1195
2467 3417
3247 862
87 1107
693 2270
735 2843
401 2038
3140 115
16 1256
1234 3584
167 1000
1352 3362
2693 3413
3285 2850
1647 1552
3283 2798
94 414
3604 725
3000 1495
2695 3456
1610 2024
679 1623
1009 1228
1044 987
1572 3003
1075 2989
1225 1986
289 2670
2002 7
680 2846
1976 3408
2576 1666
1063 190
3463 275
1176 1142
340 1003
2695 1005
2471 3113
2468 1734
3294 268
3123 806
2121 2291
2771 2377
3052 242
3513 3173
1355 1862
620 354
652 3182
1612 2438
387 901
3166 643
2743 3108
3252 3248
3277 1570
1170 2822
391 2842
1692 2081
2034 3256
1370 319
177 3297
891 2168
2392 864
2958 2064
1158 1403
2968 469
2594 2146
1668 2419
1987 3312
2866 1270
1688 2840
2841 721
2127 135
1691 294
3305 375
2781 2738
538 1265
584 3466
1938 1861
1471 1832
3094 1475
970 113
3516 2167
3453 3315
3111 3170
2520 737
3465 2424
440 465
232 2551
1227 1432
1565 624
2583 1877
1457 3589
274 1842
2092 2638
12 2063
2733 549
3151 3522
3481 2048
2584 2450
2902 654
1958 2547
291 639
743 3221
3593 1860
2204 1406
3041 364
585 855
2290 2273
2231 2864
3367 1261
2969 2666
1579 1669
2384 1362
742 866
1032 3431
1710 1826
890 3428
270 667
1512 641
522 3129
2330 2217
2857 1342
229 2276
3158 707
1655 300
1328 1186
685 2027
3546 20
843 2327
2899 3003
328 2313
2501 2842
656 3362
2410 1593
465 1733
191 1272
1985 1017
1178 793
1706 847
346 2704
1266 1886
1780 3558
2984 556
900 1887
391 2501
2897 3287
2956 1422
1036 2550
3298 1010
649 1588
3390 2204
3335 1750
2190 2652
2866 2051
2594 2067
1881 464
3595 1848
3296 2783
1323 859
581 892
2027 3117
2289 3575
3600 2109
2387 3381
463 452
345 2004
2505 929
1295 722
2403 1644
1554 2319
611 2669
2345 1973
682 2701
2552 2749
1999 1436
2754 2645
3311 1753
3276 320
3294 2970
2495 938
3063 2137
1313 99
2449 837
349 3002
1409 2348
950 3444
1302 1096
1594 592
3487 1779
3039 2653
224 1919
2462 553
2514 493
2559 917
2286 1034
2616 1341
1505 104
1616 1231
2011 195
2009 1978
3326 925
1552 3568
230 1471
2169 3086
318 2311
339 3064
1750 386
763 1758
1680 3035
834 968
2907 330
3020 1992
1129 1096
89 1260
1951 3137
120 342
836 1348
284 2585
3367 2037
2991 1545
730 2243
2498 2098
609 2861
2893 2094
651 3227
60 2780
3102 1818
2475 254
3247 3258
369 1004
3167 1330
2537 3329
2843 2524
2682 2767
1821 639
2760 2314
2970 1743
1903 3267
1045 1473
590 1508
1433 1286
2635 1484
2445 1176
212 1410
1426 1862
2579 595
1674 2284
2310 1084
1860 1424
813 3570
803 423
166 140
2973 3520
2780 2158
1076 460
160 3411
1417 2639
2300 201
388 3387
3511 2157
917 3118
3253 132
926 405
1020 2133
154 947
88 1878
664 3542
472 1067
439 1240
631 956
595 172
3213 666
1213 1710
2392 1291
2188 2844
3291 3595
861 24
3341 2531
714 2647
1957 3283
2600 2597
2395 3036
1458 3169
311 2663
1987 333
1271 1525
840 300
1269 2021
2151 1193
1689 662
2427 3369
1225 1559
82 1681
1003 3587
3235 1930
1457 2762
1530 2828
3331 39
2979 1548
1531 68
1814 535
2181 3252
1709 1122
2429 1513
497 3189
279 107
1044 1509
1311 948
1736 2654
1869 2106
1335 1634
1236 1122
2160 410
1630 3055
2820 333
976 42
356 1977
483 655
13 3373
2398 2540
3099 1836
657 2260
2707 3567
3072 1907
1048 2129
2603 3450
1789 2527
3002 469
2012 1216
1325 3514
189 1207
2088 3174
3538 3480
789 759
3476 3143
1652 2647
3146 3499
1650 1424
1680 2912
1803 1233
219 1131
3078 2418
1705 343
3511 2719
293 2782
2091 1580
482 73
3026 2197
2233 205
3285 3045
1566 1026
2976 1521
1817 3030
1159 2139
1765 1415
1423 2390
1037 1769
727 1396
2865 560
798 1492
3370 511
1455 652
3323 1153
1402 2470
1468 1553
1590 444
1147 2135
2524 2535
1243 729
2378 2471
615 88
1057 1216
2374 46
1766 1718
1751 2302
301 782
114 1714
3117 685
850 3306
198 502
3455 1800
796 2077
587 211
52 945
3363 3007
2518 3033
1079 2622
1498 1515
2269 438
1531 3124
2000 1725
3109 3037
2804 343
829 2189
3005 686
1115 922
2063 1833
445 39
3567 1256
1310 448
3325 1839
2736 2928
1678 810
312 347
3223 2363
1188 2563
1392 582
3187 2628
2034 1754
1138 1543
250 2708
2189 3440
2559 3343
1220 2849
975 2060
2056 494
3403 1900
428 1509
1767 2196
58 973
2890 1375
3280 1127
378 901
2526 2070
3150 173
3068 1676
161 844
3262 2976
3394 2840
1462 2183
2892 303
1254 3564
2231 2640
1397 1118
632 1400
533 2142
3325 1490
534 2492
1226 2314
3544 1488
705 3190
2215 2325
2159 869
1517 3528
692 900
4 1523
2969 3070
1644 2578
1919 1385
220 2827
1065 2853
1262 2259
1875 3141
2988 1651
2765 2754
1508 1098
309 3234
3517 2048
2164 2446
1866 1755
2815 1603
586 10
2862 1899
1885 2427
2347 3268
2114 3095
2172 1915
1307 321
3218 911
3016 3123
2777 1069
3376 1862
839 3136
1564 1023
758 3038
1512 3180
1476 2805
2439 2149
116 1591
1448 334
3156 1160
954 1006
516 987
533 1526
985 2057
2098 1729
3396 3401
1022 433
16 2798
338 3258
1416 1737
218 1795
3561 1334
483 1573
566 2277
460 937
2477 1501
1332 108
2174 315
636 3045
2440 2692
2193 2628
2400 771
1982 1406
460 1830
18 427
1974 885
897 1367
965 831
1310 2038
1106 3583
1495 1429
3321 1106
3004 3450
2897 2847
282 3582
2001 3496
803 1466
1649 2457
2806 2055
3344 2562
3250 2236
1273 2590
1042 64
205 54
3440 829
2002 2567
3469 1909
15 3012
2983 1754
2785 2540
2340 1154
1374 2593
1039 3461
2125 304
2297 1376
929 631
3003 187
1319 2437
230 151
91 3042
988 2009
2910 906
989 1755
1954 2577
2258 2646
2237 1008
1696 2344
2413 2566
2496 1104
2252 3242
804 3371
2977 1222
2331 434
2950 1083
1696 348
338 254
820 3351
1032 1628
1954 1879
2272 2258
2168 2338
272 522
3576 61
442 2452
2679 2062
3049 29
2907 899
2602 1709
3157 3112
1887 2464
3437 850
3022 3160
1086 508
2342 2292
1948 2145
576 3488
2416 331
1342 1092
2786 2255
2104 134
1506 3574
3585 673
1343 2931
3123 1567
2699 762
229 867
1234 2224
1750 2998
1583 1470
157 1126
3566 3474
2782 513
815 461
1188 2181
2203 2889
2782 1986
1351 3040
779 1678
1151 2452
3468 278
3274 1002
1032 1017
2671 3528
648 1691
3311 951
256 767
1717 226
2123 1352
2391 2706
198 195
1316 3153
1863 124
478 3115
40 2337
986 2092
783 166
2209 3598
3462 3040
393 2757
2994 2279
616 443
2586 3561
2957 3364
2031 3143
1394 238
163 1783
2044 27
1372 3550
1402 1673
1069 1197
2456 2310
440 2126
791 1206
778 3507
1761 2397
2724 2213
798 2329
921 812
1292 2519
438 863
1087 1963
3047 1291
2648 2787
855 51
2258 3442
749 2598
2376 2556
1263 2820
600 2301
1920 2182
3104 284
326 1312
1266 2978
1768 1557
686 244
1175 291
2895 2814
460 1267
2456 2747
392 146
712 1772
320 1220
1022 645
1242 775
1797 539
3408 3560
2111 2677
174 1246
1932 738
3008 885
612 2979
969 1306
1756 417
2233 3224
2186 2577
2386 153
2708 2278
2274 2611
1621 2035
1568 3033
1463 1304
2139 2449
526 3491
1255 3446
3488 2675
524 2581
3510 2757
2340 1570
472 2289
2438 3525
1555 3095
128 2891
1550 3065
2164 3493
1966 2056
2411 878
1733 21
1433 2417
3188 1886
2676 3288
949 1001
1117 2196
1927 123
1616 3238
2026 3586
3287 1586
2817 1541
3602 2473
3257 2663
74 1038
1755 2552
2190 3543
67 3284
431 1144
1971 909
2556 2003
845 904
2903 2493
987 1509
1118 453
2730 3023
3027 890
3316 325
1451 999
1046 2223
359 639
1732 1084
3251 1941
1512 2110
2352 1631
1448 3069
866 225
726 1371
292 2777
515 1435
1167 748
1376 3118
850 35
3446 79
1812 2419
3520 1547
1749 215
2629 770
3603 15
3081 1602
2119 1036
2602 2455
672 2830
2903 337
450 795
1259 49
3445 1173
2737 2765
2435 569
2061 2474
2530 3002
2631 1365
506 135
1277 1802
530 3465
2529 1213
1727 2398
2297 3134
2131 853
109 32
2138 290
1255 79
532 232
2617 3322
145 2478
3416 472
1053 3545
769 2691
2623 3491
2350 2060
503 1120
839 203
3292 3021
1431 2022
695 765
3262 130
704 1108
996 1894
206 2486
1856 9
1988 1497
581 41
158 3004
2810 1098
409 1363
2633 272
3434 184
1781 2348
3192 515
643 1294
2199 362
242 1566
1995 1284
1315 2848
1492 523
2544 689
1204 2627
1675 704
985 2771
2480 2043
2036 170
1500 2838
315 621
2678 1081
1988 748
772 1177
1895 155
1577 1733
133 922
2558 485
973 1900
1757 1270
207 2126
2990 945
2800 3519
268 2356
418 33
1406 1809
1164 2539
1364 1350
412 2827
2704 3249
645 2971
2244 459
2346 3379
1379 2896
1682 240
1965 1912
1952 13
382 1091
2243 1914
3337 1494
1804 1301
2040 2211
3456 1370
3408 1795
2191 1624
3341 2042
2083 1269
370 2015
342 1907
2692 2152
1053 899
2529 367
2342 2023
5 77
3122 1515
452 3
56 2218
381 745
2235 3428
2473 2225
2387 2100
71 1735
1344 3420
797 2078
1829 2325
3364 845
3529 3114
817 364
302 3432
496 2451
1373 3393
3191 3560
1640 796
2756 2209
2431 1149
888 1168
1434 642
3207 2353
2684 1438
1859 1393
2059 1894
776 1712
3380 108
2024 1544
3290 2918
2954 2778
2280 1443
3319 443
2644 143
1014 2345
2320 3342
3593 504
69 27
2901 3305
3527 2124
3576 804
1286 257
3588 810
912 2948
69 2337
833 3326
1317 1947
2097 1966
1968 3172
2595 2809
2233 2542
1368 3106
2254 2654
267 1510
1102 905
3046 1971
2321 2365
49 1454
559 3466
1300 1920
1908 491
1794 2183
3274 1272
2475 338
969 3541
356 373
2579 172
445 2460
1925 305
2298 1486
571 1354
1722 187
2636 2449
3255 2689
716 1784
2739 425
1612 1314
3596 3086
4 1650
410 1323
2571 2564
3473 2483
1130 521
1353 1257
303 2856
3231 872
468 1668
1020 304
2462 1792
2936 459
1044 2534
1528 992
3177 1513
3182 2811
125 2176
2365 622
517 2514
3403 3220
3597 1506
1440 1868
3385 1574
2718 699
946 3240
3102 134
1540 3336
1876 393
2974 1405
1046 608
897 2706
893 1083
688 2575
2457 2532
2764 2224
2418 1556
1876 707
3546 1978
1463 1186
313 3186
3600 3074
2079 1470
962 2641
1590 1221
1249 3549
2599 1959
1597 3243
2931 1148
1367 1238
2815 3330
3066 1417
2267 727
3145 325
16 3283
1166 256
1260 3484
2403 2578
2358 3291
1832 2072
3079 17
2867 2670
2594 2930
1166 3393
1141 936
1858 2227
3061 2283
2410 2034
3047 2345
1308 990
2689 3437
550 1293
1819 3506
3342 3409
1864 3478
811 716
313 711
650 2134
1972 315
319 831
698 2283
421 1735
3204 562
3451 2399
927 1336
1329 544
3504 2839
3091 1724
2299 659
133 1204
2879 830
1750 1597
2230 675
3555 1838
1126 2466
1063 700
2203 50
2176 2729
2792 3154
3023 3043
248 1832
598 1111
34 737
1329 1537
1373 454
447 890
2555 2869
3478 1087
761 3018
3121 2801
747 3368
2767 1530
1123 2648
1051 957
2167 2618
1973 2679
2293 1234
2263 239
2244 2491
331 2206
525 255
2799 3469
1721 2593
1444 458
2772 761
2567 398
116 3382
1018 976
1732 785
3338 757
1719 2561
1615 1971
1135 2050
3349 3001
2168 1143
3529 2282
904 2957
3522 1114
2493 813
3353 2787
2281 2751
1229 3520
2875 1435
1062 2864
1726 308
2079 2758
3530 2947
570 612
2961 2366
1870 970
829 413
699 2287
2731 2671
2562 3333
2155 2105
182 2211
2301 2715
3558 132
3321 3075
1863 2961
2576 2855
882 1239
2656 1756
1203 2058
210 1480
1081 3434
2269 1631
2651 3572
1265 2184
2054 2352
1212 276
3577 1968
1056 827
1941 2090
3411 1085
2548 3579
3304 1915
982 1192
2929 1769
2286 484
3038 935
2363 578
934 2354
1752 900
53 2219
470 1934
520 1489
394 2571
1036 3377
3311 2451
535 1944
256 1373
1708 467
1955 766
2648 2911
1719 1791
2162 368
824 313
918 3322
2886 2084
2591 880
235 324
1228 677
2735 556
2896 682
243 70
267 3238
1439 2308
2033 3473
1301 563
1102 1680
214 2416
1160 1989
1021 2893
2949 2013
2263 736
3239 2876
2861 2984
1474 2264
2850 2049
3536 2051
3182 3605
1891 3189
2162 1481
17 884
2868 1179
1744 2001
2905 2618
1410 394
2356 3294
1604 467
221 2504
257 1799
1867 3263
1219 2913
2014 1920
3577 3172
26 1467
1804 226
422 3130
1757 1488
548 1766
443 1088
1128 1925
1607 3516
93 1950
1255 3438
1026 774
1472 101
1012 1167
1351 407
1730 2974
1457 1541
1271 1697
1573 1464
210 66
1913 2439
2275 163
3419 2810
311 1493
2538 3081
681 2954
76 1495
3161 3494
2426 2192
2385 1063
1246 2359
2044 882
1990 1522
312 3500
221 2346
337 2493
2713 3135
1524 865
2197 507
3335 386
498 811
1681 2453
1906 624
1705 1627
678 1393
463 3
1168 2809
1937 3029
2547 387
1954 2186
3019 80
1708 1828
2727 47
1232 540
2014 405
1445 1096
2291 958
2728 3244
1747 918
1564 1578
2539 2558
3166 2963
1242 283
335 1404
3226 1381
1174 1950
1303 493
2041 1814
2090 139
355 2226
3203 1070
1157 2091
3178 3190
866 324
2460 2703
2605 706
3048 3277
1250 1551
3534 1320
610 2306
2104 520
414 2222
3152 2922
1196 29
2146 3590
1528 110
727 1290
329 2368
2257 341
1047 251
2319 3495
1714 307
3348 1780
1094 227
174 117
2933 2425
2334 611
1380 234
2726 3166
2490 2758
1700 84
3062 286
1952 2030
739 508
1143 1081
2165 1032
3486 969
1207 3459
689 3548
2536 482
1172 586
1882 559
640 3467
130 3463
375 411
480 2895
258 430
768 799
1923 2143
1848 2519
1514 1902
1551 1506
1832 2874
1659 2053
715 3349
2172 3304
3419 590
369 3157
1259 1454
2113 2047
1640 2992
3005 1861
3477 3361
1186 2103
1019 3324
2405 329
595 159
1960 1144
2343 1877
868 2407
400 3459
1299 2240
5 1029
2329 523
2269 2388
1196 362
122 3397
125 693
1924 3332
1278 884
2541 2833
2795 633
1627 876
2395 515
2109 3074
2031 2921
3258 862
374 3054
3273 2023
598 2166
350 3533
2652 1356
773 2589
994 1314
2861 556
3077 3056
3136 268
907 2744
763 964
1399 1408
2367 3302
2588 655
2933 618
2197 327
3060 3540
2104 3503
3388 3210
1289 531
2865 3346
3564 589
2409 2090
556 2220
1319 208
3092 3113
3254 3310
107 3201
3032 486
1652 714
2375 2661
3399 1989
1190 2508
418 479
3279 886
2916 3336
919 683
1529 1113
310 2141
1218 1984
1452 519
783 2979
1729 212
1145 1854
3518 3076
408 1995
2185 2797
2672 2948
792 1746
1050 497
653 612
1592 2416
1820 1983
3001 715
3322 2490
1584 747
2399 2362
72 225
201 800
2425 1383
2141 2914
1997 350
3296 29
1274 1385
1249 2882
923 808
2112 1751
3476 1819
1073 2845
2568 830
3523 2178
1962 746
274 2638
1301 1223
777 2702
1382 1609
3372 1478
647 2779
317 1422
2281 2047
1079 3449
3317 3493
414 1641
572 325
671 1374
2093 2318
925 940
2939 2970
3487 3059
2391 703
3114 2216
1428 2977
62 934
3330 1603
202 1298
3007 3175
1670 2198
1324 3038
171 123
2768 2655
3355 1502
2881 1923
750 379
3102 3503
3418 1613
1659 1556
3124 2902
3461 1372
543 1124
910 2672
2191 1569
577 741
2132 664
2234 2568
2653 1996
1819 1742
3199 3397
3160 998
3100 1949
2817 3320
199 764
562 489
2042 1640
201 857
849 554
5 2631
2398 2785
2481 2116
3395 1570
3264 1913
3152 1162
2862 1332
323 3137
1787 1270
2675 576
2021 1707
1244 2686
2572 1939
3495 1716
691 689
2833 1172
1663 3518
952 2156
2839 1502
1376 2318
455 751
2220 2294
777 1241
545 1488
3587 2859
451 2885
2523 664
227 1393
1905 3597
2682 2634
2252 3291
944 734
852 737
3286 2426
3481 2450
2202 2934
2494 1926
818 2445
2454 3408
194 2477
1715 3575
82 1883
935 1324
3120 2795
2776 1542
1790 2562
2308 1389
729 2448
2812 1815
412 2781
2967 2925
424 3262
2130 2688
584 3156
1958 3067
3561 2120
1747 756
1874 3574
3063 1200
1774 430
376 144
3388 2899
590 471
2942 1748
2959 1095
1703 2663
273 1908
3549 2882
428 1958
3104 150
3501 3236
1026 3052
1377 2256
999 1249
2290 3276
3200 1706
482 63
1786 1408
2296 238
580 3296
2740 447
35 3437
2624 982
493 3359
60 2932
2536 672
3401 3299
3157 689
459 2915
2872 3350
887 3558
2327 1325
1881 2214
2544 2748
1446 1075
3392 2395
3088 667
3407 3279
2605 2180
1509 1068
762 1378
1985 57
1007 2092
3315 1171
690 403
2278 250
979 3423
1758 2816
1942 835
3250 2516
3553 2949
949 1392
3430 1576
2968 733
1729 3024
2828 2678
2934 2177
832 197
997 1529
1510 3238
971 307
842 3173
412 2372
3291 719
3037 696
3271 1498
2080 1474
1943 298
536 2246
438 1631
875 1783
762 2805
251 2265
3264 1805
3169 2406
2970 2098
1966 281
1848 1292
1814 970
178 947
2806 822
2787 3212
3230 2543
991 286
2134 1967
3498 1486
1385 252
2581 1948
2228 2711
2153 3541
2897 11
560 659
215 1815
513 1559
3185 1890
1418 2661
2683 1561
2874 2095
2014 3110
3485 2877
1110 2000
670 6
3115 204
614 2032
380 2711
2857 3171
461 3358
1457 3320
1850 1923
367 907
2201 3055
2570 1312
2557 3059
642 3268
3424 710
2586 2694
792 2603
1654 2649
3289 2084
3140 1262
1035 1030
1339 2731
153 841
1027 3135
1889 1796
360 2271
2227 3091
2636 2401
1782 1946
1653 1563
2479 3257
320 1955
1762 2606
3033 1051
2580 2472
3560 1795
56 1651
2963 1294
863 2054
2917 605
1265 1276
2895 3433
1513 2435
2010 3525
182 2040
2729 2659
2773 2187
2959 3537
2237 3134
675 153
2330 952
2283 1661
1412 3030
1325 216
2188 42
2123 261
975 827
2199 1196
1243 3168
825 1328
1060 3445
432 2705
2058 28
481 385
1245 3379
1672 568
1708 3207
1244 2527
1574 1023
2980 1057
224 1190
660 669
2932 2986
2740 2819
2933 627
3411 2986
447 2819
1651 571
2107 485
3062 1634
2161 2167
2953 314
1975 2406
2598 317
3406 3180
2978 1089
1931 2957
2703 3073
1656 3267
2929 2369
825 1579
924 1476
2591 105
3441 1487
1609 2568
674 2631
1182 2432
2622 2419
2344 3461
990 1823
3376 3093
313 3232
2241 1791
3094 3049
2089 1811
1114 2779
1765 1869
2444 1595
2848 1538
662 179
557 3519
1404 1745
286 2635
413 818
1077 3280
912 3301
260 3501
1033 2884
2667 1359
834 980
809 617
197 245
545 1757
214 265
295 2539
770 1720
2452 3352
3589 2817
3510 1431
82 542
2499 1394
1964 2752
1938 2404
2342 3508
2006 3086
2952 1059
2999 2199
966 1170
1028 1072
1734 2656
1226 1596
785 1598
2249 463
1839 2677
1180 2266
2288 2939
1030 3166
264 456
772 496
1481 618
528 1581
2139 837
1184 1609
2938 106
1094 1393
2641 680
77 1365
860 474
1785 1474
2621 1224
3146 2194
2701 2896
814 919
1608 3583
2393 1754
3173 1031
405 2182
3061 2649
1926 79
1374 1721
2661 1626
1784 546
436 230
589 838
3006 835
1483 2052
1738 3151
1778 1640
3556 911
1954 3340
898 1455
3422 2978
3153 2396
2741 1665
638 2066
2662 3058
2315 3018
1982 1809
2169 2943
1690 3534
1504 3601
170 2724
1459 425
1850 3528
2921 154
2101 1230
887 1665
643 2963
871 2142
3359 551
699 3239
3355 1538
3426 3475
2207 2707
298 141
2406 385
3513 752
2604 874
1656 3404
1698 44
1922 260
3231 1318
642 2748
1451 2882
1934 3009
3599 2450
2129 1448
2806 1149
506 73
2373 1666
2565 3353
2819 3027
944 1436
340 2620
2029 2341
1211 2004
347 1639
3334 3029
127 245
2387 1336
2639 1766
2995 2853
406 3154
1381 2070
1550 2917
2972 3045
1407 1292
357 3594
788 2858
3537 822
3008 1611
1867 1621
1403 2935
1105 2754
2119 2834
3131 998
6 1196
3016 1567
1658 1774
612 783
1097 3289
3178 2710
1613 933
2750 963
1797 2597
1151 442
933 2975
265 1592
2459 555
2331 2628
377 27
3170 701
203 3136
2773 492
123 931
1693 2166
1060 920
3271 851
781 2140
2193 3187
86 3412
1851 3181
51 3356
2048 2924
1054 3498
2532 411
1074 1353
809 1277
1309 1849
1556 3078
1505 691
3297 78
1273 332
58 429
1310 401
350 2946
1811 3127
1725 1110
2601 3160
1025 3175
2324 3505
1113 3317
1569 2173
3221 2768
3602 502
1683 149
2951 2906
2941 2822
1963 1544
2135 185
2242 3138
1062 1440
867 1883
2774 3572
1836 1840
3155 308
2042 2908
2338 2937
762 2307
3380 3109
1397 2664
696 152
3041 2270
1003 2620
1979 1339
2876 1760
2078 1275
577 1065
1934 2019
3188 3422
47 2089
3578 1643
961 2572
475 1022
1818 3503
2317 1759
1165 167
1727 1412
1677 860
3123 1037
2292 466
2069 168
2120 2403
3450 3089
1799 2417
692 1549
3378 1179
3581 2183
841 2230
768 568
1771 2841
2455 1236
828 1938
1795 2454
769 3453
1256 3460
2407 2088
1239 377
1527 1645
2956 2598
830 2040
2258 2016
402 2128
2021 3163
2389 3417
1411 1834
1690 3084
1759 2335
961 1880
1288 1152
2481 1518
3016 1305
423 1466
3414 2621
697 1902
2858 421
409 2225
2585 150
2605 3226
2207 373
3581 3170
142 2878
1348 480
2291 1540
740 3013
3119 27
827 2350
1128 40
3404 2564
3164 2114
965 1813
3303 22
814 1327
941 2761
657 3100
752 1771
2223 1322
505 3135
1974 3359
397 2883
2511 3236
2523 2132
2626 2553
3027 2740
1235 654
398 1080
2295 1691
3567 2207
1528 41
946 294
1199 301
3252 1188
2165 3447
1198 3172
176 135
1764 1787
1719 420
569 3409
972 2842
823 626
1962 2687
19 986
356 3567
3518 3370
3141 45
3422 1266
3595 845
1121 2323
111 2023
737 2837
1793 1049
2116 3573
3497 2166
1510 2700
2895 1348
1205 624
2936 2716
972 694
3115 1460
526 510
1489 3175
3387 2912
3604 2780
3070 3144
2382 1696
2576 1933
2760 314
2666 720
2484 3197
3304 2219
1415 796
1697 3479
1051 1568
3236 260
1490 2677
114 307
537 2472
2175 2896
3449 2622
2217 952
282 2650
1207 593
1079 1637
1185 773
3009 1953
702 3211
2482 1518
1138 2949
238 616
2530 469
2917 564
1116 2985
1354 56
1852 1999
369 3112
3314 589
2391 1367
2905 29
1172 1078
1344 792
1322 2582
3261 2808
1540 2916
1635 2349
2783 3369
1106 3075
1738 2779
1711 1642
2130 470
1939 2312
3276 3246
90 1710
2397 2402
1097 2929
366 2751
3579 3371
1012 1348
1730 1778
282 2105
1434 2748
2224 1694
3039 1269
1633 289
1116 1463
993 202
3539 3492
2162 558
1232 2674
1445 1302
1945 1169
366 1472
1200 2484
2623 526
2280 1370
579 7
2084 2316
161 1233
652 898
1725 1591
881 1278
244 3005
3371 3058
1798 2435
193 3185
3138 565
2360 1606
2527 2499
2637 2148
2015 2137
2212 631
1828 2353
2492 700
3162 1998
2075 30
2045 853
2144 1767
432 109
1821 2379
481 2406
76 322
1280 977
992 581
553 1193
1049 48
2987 1961
2672 3301
2804 1705
2533 246
3453 1959
3578 1641
2992 3603
919 1327
1300 405
1322 3165
247 1536
3454 3374
1867 2643
209 2110
28 564
3453 2599
1287 1655
1747 2863
2953 2918
1619 2063
598 3497
2995 558
2752 3099
982 72
1597 2998
1951 1399
139 1941
633 3120
1016 2021
586 69
192 1850
522 984
1976 677
83 1491
2383 3045
1859 3553
2519 2018
378 3067
1685 1316
695 3096
2590 2712
1839 2660
1773 3358
3318 632
2893 2487
197 1903
2785 2370
2304 3400
905 2912
3523 2750
2906 1905
2997 1055
3571 1465
2971 475
359 1295
3347 1571
1467 2563
114 1676
2613 1309
2055 839
1433 384
1430 317
1222 2734
3361 2304
518 2713
959 2138
2366 2245
3591 2768
512 622
2757 1071
2358 719
926 1920
3131 3423
2758 1470
2809 206
3482 884
316 1494
1802 617
767 1365
1029 674
1570 2993
2681 3293
3384 3432
2359 3235
3428 2740
2144 2943
968 592
42 2115
1777 977
1857 510
1437 506
2163 1837
2243 1331
265 331
258 1198
1038 1601
135 3389
2068 1657
663 2035
3541 2565
1308 1823
1595 2715
1151 1084
1544 3370
414 1643
1566 995
24 283
883 3451
2144 1307
856 2504
2447 538
3449 1637
403 2025
995 1026
1459 2617
1670 717
1482 3237
2721 2889
1105 1857
1549 2464
2898 1447
1561 1949
149 2377
2727 3101
2666 2369
2133 2125
3462 96
2665 2510
483 2588
3003 3149
197 1712
2306 2834
2575 1321
1184 633
2087 3485
1462 3111
1630 39
2276 592
1384 2735
2495 363
1414 3484
3113 2673
938 1856
1439 2637
1137 1010
932 1416
3594 959
1516 223
59 636
2479 1263
1916 473
2616 277
1482 1503
1873 2096
3269 2208
392 1093
3177 1599
3027 3428
2362 345
2610 1112
2020 930
2430 1281
967 3250
3524 2682
2247 1579
2844 2093
2066 1375
167 3376
2373 1933
1034 484
1835 2221
255 2467
2303 1581
862 338
3382 1725
1343 764
928 3365
2902 68
1622 1695
238 1313
2003 3538
3413 2898
1784 811
1160 584
1530 2678
1822 24
2552 2698
3299 3030
426 2154
2513 1496
2495 2891
1101 274
551 2257
1162 2607
1104 2177
362 2999
60 2986
3288 2732
1991 91
1267 1076
989 2749
3297 1998
154 178
1443 3259
1979 701
1169 646
2296 2156
3092 2378
2247 1669
752 3173
2536 2251
2141 687
253 1450
1903 2396
3196 668
2210 3601
732 477
2236 2516
2474 1991
2789 2824
2277 820
1369 3214
1896 2794
1061 216
2330 2156
3006 1942
2270 2729
2262 2910
186 2859
1340 3203
2755 819
2500 953
2887 1349
396 2512
1194 1206
1160 1059
1289 1263
608 3165
1006 2343
2416 2206
513 293
1255 1926
1235 2318
1392 495
309 552
359 2379
1169 2553
2473 1124
1288 2108
1340 191
2150 632
81 2836
3105 219
124 2961
1812 744
916 1499
1684 934
1667 1684
1826 367
2238 3599
2453 542
881 884
1103 229
1171 1959
1254 3399
3393 454
243 725
111 3273
3295 874
1539 2614
3552 2788
2134 1558
187 1572
1868 2864
1805 2439
1621 2643
3077 1199
106 3227
2014 2182
2044 1239
3416 2289
448 2038
538 2869
249 404
2864 2640
1185 2851
1534 321
1586 11
1290 770
3531 1208
972 391
2924 3481
2311 894
90 247
435 929
928 1829
3313 372
341 1942
544 93
3159 1642
2136 1345
1080 1487
2650 2155
247 2140
2073 1411
3068 474
1888 547
2694 2573
3317 1418
370 543
1286 2417
1567 1305
2664 3384
386 1597
1013 1543
2470 2872
3545 854
3566 1153
2055 3397
425 1282
2844 2115
596 505
253 2442
1674 1682
2071 3464
524 2521
1888 136
2498 3024
3245 2096
100 3208
1521 1091
3289 2886
478 1460
2517 2503
2607 1993
822 1461
1874 200
2976 2037
3087 1274
552 1992
1822 1242
1799 1286
588 3388
1307 3176
474 3073
3553 678
525 2253
180 284
1244 1394
2965 3430
193 1189
2928 2495
1386 1405
2840 138
2758 2630
1167 628
2148 2308
529 895
530 1892
2565 1586
3217 441
2476 2046
1122 2455
1921 1409
2138 357
2723 1019
2179 3307
176 1437
155 2880
1939 961
865 803
2032 2030
2448 981
3163 1707
1748 2361
2608 1873
640 2989
221 207
2790 3104
635 695
3557 2094
3533 1997
2511 1922
1818 2104
1254 3314
927 287
1360 1043
870 1607
627 618
2475 940
3107 3432
764 908
847 3200
2626 1169
2215 1511
2371 3554
2498 1410
1551 514
2796 3344
835 341
108 3109
2474 91
2201 2513
671 1721
803 876
297 2382
703 897
2489 2204
3128 1810
1148 3160
46 1555
303 1849
3457 2681
826 1132
299 575
296 292
2814 3433
8 2909
2560 2696
2909 111
262 1658
1352 2860
3534 3083
1641 1643
1825 12
960 621
388 3470
3376 1355
2976 1261
1448 1048
420 2561
1751 1902
1372 953
2892 1849
3293 2743
3117 789
1946 3485
2652 755
2286 381
2636 1159
2773 1477
1783 2275
217 3147
2333 1858
3036 1267
137 604
1215 192
2446 3270
2277 2584
1769 999
2239 397
69 46
326 1089
2007 300
1837 1109
3030 3396
1300 3546
1367 2033
1396 90
1167 1988
2271 2685
2059 1289
122 162
3325 2
1146 3198
2317 2335
1666 3057
3270 249
3350 1673
1178 357
1432 449
836 2814
2440 1635
2218 3504
2507 3484
3064 908
2842 694
2035 2643
2069 323
47 3101
2854 106
2147 3242
510 913
696 108
1103 134
1684 2545
2453 867
2708 1623
504 1940
2323 521
3186 1317
1420 1170
3215 530
2939 3551
351 2465
2775 2173
2496 2202
1967 3530
1568 3132
2227 1708
112 390
1542 2924
2658 2929
143 2062
1236 2602
773 183
1538 1315
718 972
1790 3333
3518 511
518 1027
241 1108
1550 1792
2587 919
3200 1901
587 1893
2430 1535
1268 3191
979 3277
1992 309
3154 466
1981 1092
2596 3472
2659 2586
2480 101
2613 2892
1663 1296
2955 11
1018 2008
868 2088
1863 3429
509 1615
1346 1756
2398 2046
2553 646
436 151
630 263
3308 3329
2422 116
2593 1313
1615 3046
2828 3434
3241 2459
2803 571
306 3420
1450 880
1892 3215
3048 2469
1273 1571
236 3288
2801 2905
2500 2821
3605 898
3457 3293
2974 1386
842 752
1280 388
3383 1531
3381 738
2321 1813
1425 261
2068 1647
2239 812
3042 2474
358 1953
2980 3229
1639 3500
339 908
2685 3087
621 2174
1670 392
1074 807
848 424
1442 1612
205 3096
20 1069
1498 1419
509 3046
607 3139
2165 1628
1716 2945
809 3286
1310 2333
1687 1114
585 51
2516 3126
348 297
2444 600
1844 2589
2785 2476
201 1562
1390 1836
3279 2360
299 1717
390 668
395 263
1981 949
2386 841
3484 2691
424 3452
778 1762
3426 2375
1119 753
3010 1877
162 2797
1188 451
1383 1481
4 1424
1290 2267
1767 1117
3032 1401
1594 834
3391 2440
1231 3238
2893 3323
2940 3194
2782 1559
449 231
388 1378
1683 2057
1578 1574
1724 2800
3041 2733
1275 2415
40 305
3549 1451
2266 2849
2852 1497
2262 869
1212 395
1483 1844
597 302
1423 2614
2257 3006
2736 232
2802 1851
3436 3139
2549 1341
2339 2299
2170 2485
3281 3177
1200 2015
713 3343
685 789
1217 1758
1345 1230
2612 2069
2844 3565
989 1866
1184 1382
203 3294
2894 2117
3524 2209
1441 2569
1407 1837
2152 3425
2430 2766
2247 1516
1373 1166
1263 1235
378 3593
2237 2255
1315 2737
53 1915
2012 3229
1164 485
3497 1693
1999 1398
2858 1735
2714 2059
435 2505
2502 2812
3256 942
665 1403
1202 2145
328 3334
2193 914
3421 2456
814 2587
669 577
2965 1504
627 2425
188 3511
719 2147
2563 2060
1593 92
2482 2481
2362 1211
1665 826
3139 2901
758 1662
351 2982
1870 2824
962 1134
1940 3088
2106 2077
873 1785
3462 2268
2436 2987
2075 1551
560 2737
802 19
1965 133
1680 905
941 1411
1314 1442
1996 826
2293 2068
2952 584
1135 1929
766 271
1487 398
1826 1213
3036 1830
2045 2997
1330 583
1817 3396
3592 2292
2943 3086
2573 1361
504 760
2451 2212
2719 3072
3195 3462
1612 994
3454 2668
2667 2914
918 353
806 1305
2674 1688
487 3467
2542 3190
1477 3125
3016 487
2505 956
2967 1205
1482 84
1517 1339
2229 855
3246 819
532 883
1171 2599
1554 1716
1925 3360
690 223
3145 508
3512 3325
1307 280
3331 2461
1523 1187
1546 2645
1091 3367
2835 1747
2025 3069
96 3195
2490 1470
2608 2949
1736 2400
1935 330
3128 3536
909 3046
2588 1464
1391 1475
869 1380
2085 1010
2466 817
741 2995
1015 2937
2054 438
947 285
1726 2867
303 683
1654 3015
3342 603
1048 3272
527 368
1302 2008
2637 1389
1589 2360
3295 1216
2260 1561
3588 2587
2565 2076
3531 2971
1146 169
2241 2561
389 1791
3265 1677
1531 1980
2244 2716
3298 1137
1963 716
694 2435
1898 1545
1430 1422
2615 3150
1497 628
2793 1070
1827 3011
2044 3119
14 3138
903 1281
2174 787
833 754
1214 739
3090 1682
1059 3156
745 1155
162 2185
1697 1808
1085 160
209 874
2833 1078
1395 1308
3211 2469
2363 2832
3572 2384
1925 2487
3090 2284
3363 1489
3418 2695
1492 3515
1189 1575
3303 2607
3227 3300
3286 1277
2217 2296
1217 3225
2845 2997
92 3147
1271 1808
917 1770
1998 78
261 2860
2831 1910
3599 2445
212 3024
1582 2376
2244 2915
692 2464
3272 2129
2072 2095
607 3436
2636 731
3103 3094
1943 3492
1536 2076
2841 17
1940 270
2741 889
2711 2412
3063 2015
458 101
3140 1163
2533 2517
571 2988
2002 2554
3197 1403
630 1212
2237 1589
1601 3322
3306 3034
2079 2630
596 3044
2288 2478
1511 933
749 1422
2979 653
2846 2073
1396 1290
1679 3374
2695 567
3580 3159
3225 2816
1308 23
2019 1953
1904 2407
2433 1914
1762 3507
1383 2933
1624 2497
1224 3414
2239 2883
391 718
1414 2691
2067 488
942 3361
677 2262
2426 1076
2798 1698
2154 2622
3386 3486
181 3448
1189 3185
3255 850
2309 2336
2597 1740
1123 2787
1446 1806
2908 2522
128 3526
2256 2324
2515 2429
924 1701
3188 986
2497 2775
963 276
287 1585
352 1229
2960 758
2489 1809
780 413
2866 2619
3208 2393
2011 342
1182 1873
848 264
3067 901
3216 1331
746 2687
3490 372
2462 1638
1374 382
697 1514
1614 3559
3372 2702
112 668
2652 3543
3025 1653
1349 499
657 1949
1332 1772
2509 3129
3084 3083
2761 1834
3558 3348
259 1897
2075 1250
2235 2614
2674 2195
2634 3598
791 403
2274 3289
1890 790
2948 910
1269 3241
1095 1520
2900 2102
3312 333
1100 695
1052 1924
984 3129
1521 3367
1967 650
1623 2278
2737 3390
2468 417
1104 222
2074 928
2805 2307
86 95
1788 2020
2738 2372
2615 1080
1515 1419
3351 2443
2717 1010
3056 1299
3513 1031
2742 2905
3557 1153
2146 488
2084 1097
2273 2283
2889 2326
1350 1377
1361 2826
2743 1257
332 335
849 1814
753 957
805 1005
2726 643
1732 1598
3254 54
2101 1991
48 1874
1175 1157
1590 1145
717 1131
1871 64
358 2717
3544 1757
3133 1126
2931 3064
759 685
2523 895
2059 996
1977 3470
2389 2467
2238 1176
1085 60
1663 3076
1182 2096
1807 87
190 700
3440 2804
1884 834
804 3021
433 475
1780 3253
554 3214
1274 2334
316 1337
1663 2818
1238 897
2531 2908
2624 2263
2130 2770
2856 2892
1799 384
520 1817
1786 2609
151 1259
396 3061
2522 2531
1632 2317
3345 833
3538 2556
2520 852
1378 2699
3164 3566
962 2574
557 1157
369 2894
3222 2170
1293 1117
1165 433
3389 1437
2561 2752
1357 2111
3237 84
2069 3137
3181 3280
1401 2944
732 1711
3509 710
57 1092
3107 2664
2809 888
1311 576
1380 2159
3279 2434
895 3542
1629 1099
2090 1148
3165 88
3265 453
1754 3208
2689 2720
2669 1284
2532 1649
239 736
2521 1948
1618 493
1761 1268
3042 2061
1068 2534
1187 4
2028 2203
1317 1183
3306 1064
3116 3138
2673 3092
2851 2589
1347 1543
723 2470
1441 1520
1914 3216
797 1704
2403 3561
3517 1542
892 41
44 1957
379 1011
2711 2328
3584 2870
2569 1520
140 688
3383 68
3233 3050
1560 517
770 2267
2710 2381
2285 665
2730 3043
1129 1445
1807 1067
3348 3253
1932 1336
418 1005
3318 2466
3328 1736
528 2606
2122 1677
2597 539
103 3168
1045 3474
2854 3300
3292 3576
1158 2935
888 1485
2045 2845
1152 931
1810 3536
894 2508
3468 3354
2010 1298
1297 1532
539 2600
2127 506
509 1388
3202 978
1476 2699
1761 2402
2110 3180
1803 3517
572 3148
2399 345
3423 1205
1484 958
2723 3324
1539 3402
1867 663
3547 3544
2397 1268
1596 314
403 1206
1779 2950
58 3403
3097 872
3184 3572
769 242
3377 2306
2389 525
645 433
936 2150
2122 3265
1136 3421
3437 3255
3162 78
943 1806
277 1341
1515 851
2884 252
2656 1346
2665 725
2204 1982
1500 3019
1525 3479
1865 3334
1533 342
651 106
1989 1059
794 1692
2670 308
3218 3556
271 2958
3395 1154
2834 3377
2908 821
970 2923
1220 2266
89 1414
1952 3373
2061 88
1090 2838
160 2484
562 1723
3333 3344
3597 2709
3089 3004
1421 1587
2185 3397
428 146
3015 2512
1775 1222
1108 1675
981 2981
873 2010
1173 3535
154 285
2931 339
1616 3025
1710 367
436 49
3357 1518
2113 2281
2018 623
3521 2117
889 3600
763 2816
3209 878
3120 1382
932 2829
2446 404
2420 2163
574 2601
2276 1594
1201 479
1284 2334
1740 2981
1066 1996
477 55
25 85
1151 2136
1333 599
2987 1944
2336 3023
808 3017
939 1100
967 2236
2953 1596
3442 2813
3386 3541
3575 3416
1252 465
900 1549
879 221
1789 1394
1930 174
3489 3586
3054 1532
2546 309
1124 215
142 2982
2614 2390
2702 1478
542 1681
2485 1237
1412 3401
1211 2899
1880 2312
1243 103
2686 1491
1964 3021
2386 2799
1275 797
198 665
1321 140
1346 417
2705 109
902 1901
2667 310
1673 2872
3531 3092
1185 183
2920 1600
1702 2298
1797 1740
115 2259
2208 2657
2812 613
419 3495
1536 2065
1324 2162
1186 1803
3599 1142
2234 1647
2234 1657
2001 495
1377 3505
476 2524
659 2339
2690 1936
1608 3321
3390 2489
3000 322
984 2633
563 1223
2006 3596
2716 2915
2728 140
1933 3029
258 3172
1654 2512
1471 2470
968 980
2763 1665
1020 1074
1728 2974
2380 1357
1932 3381
63 2251
3144 2969
2110 641
854 997
2008 1129
1866 2749
801 156
384 257
2910 869
3254 3013
3339 3055
1632 259
1359 2914
2582 2112
709 3455
566 820
3051 3569
2005 1812
3233 97
3198 3065
102 74
9 2091
2926 1086
2034 713
549 325
2411 1636
1473 2913
609 2984
2843 3399
1001 2962
2573 3060
1976 218
3501 2511
2921 178
2644 2062
2521 1202
3300 651
1698 1957
145 3551
10 2541
591 1525
1102 3387
1182 1083
1248 1357
471 1098
3097 3231
1671 1610
812 397
1742 3143
876 865
329 2128
3304 53
1909 3284
28 2917
2422 1541
696 3380
191 3203
2424 3215
1454 151
2208 1144
1260 2507
2708 679
2050 1694
1537 1174
2595 1485
861 1112
2719 2332
2177 2496
958 1540
3363 974
1873 3245
3268 3278
2130 911
2582 1046
1928 1846
3145 239
1872 2091
3574 1793
3458 771
1722 363
2287 2368
2792 2292
110 1087
2769 3441
3386 2153
2316 2886
56 2988
565 2093
1644 2120
2393 2983
2548 463
3028 1179
3104 180
233 1064
3489 1745
200 3574
2229 585
2649 3015
1861 686
26 3071
3001 3098
314 2314
301 1617
537 943
1439 2148
2116 2482
2559 1770
2220 609
579 1585
2658 2100
2232 3414
2687 951
2357 2448
17 881
3532 3147
1763 1204
909 2818
730 1914
1898 2083
587 1845
1605 1427
1601 1646
2797 3199
182 2388
1744 3496
922 1763
118 3070
1620 811
1062 2231
1404 3586
2890 638
568 3034
2650 3302
195 120
2417 384
3382 2000
269 2928
1945 2626
3122 3271
1066 826
415 1135
1175 952
1526 1240
2323 2179
96 2228
934 2545
2512 3061
905 3387
2071 2315
2087 3585
1895 1015
1458 3277
3415 963
2958 766
3100 2260
1 3106
967 3126
2940 3330
481 1458
688 3244
495 1744
3514 2327
3598 3524
749 3069
930 669
1535 2766
3073 978
925 105
1585 2554
2261 2022
602 225
1127 2802
891 2937
1194 690
1341 194
1614 3210
1245 1137
163 875
3091 2800
3365 1882
494 1966
2281 1728
3234 3020
1820 1936
2731 3528
2698 2749
3 2450
2997 361
3341 2522
454 462
1056 2060
43 2326
2036 670
642 2347
1000 2275
3171 1342
3377 2119
710 1921
799 1672
3174 1111
2333 401
1388 1615
3407 1606
3249 1344
2077 1765
454 256
3179 1105
406 3592
2025 1194
1657 3568
3310 144
1297 3054
3158 1133
676 2099
846 1136
1782 3485
517 1112
487 214
2558 2107
601 545
3009 2341
2252 2147
2364 947
2348 1921
101 2043
2550 1420
3183 3130
1062 1868
1979 1517
2079 1583
1847 709
3141 3436
3327 600
1935 899
1460 728
2517 3232
2118 1918
750 620
630 395
1967 2947
2693 2877
1338 647
3125 492
747 105
1775 1428
1888 2697
3161 119
1507 65
2122 860
3366 1731
776 832
2867 308
1882 928
3132 1472
490 3516
1664 565
2436 1944
1764 1936
1136 2747
1786 1855
2784 3534
3405 1139
2676 3471
2525 1899
1904 786
3585 2180
305 3360
1605 136
1855 2609
2332 188
1575 193
2072 248
3317 400
810 1327
3337 2392
1929 812
235 2586
2442 2868
2791 169
65 704
1042 3204
118 1650
3159 724
2007 840
2385 190
3391 2692
2076 2140
2188 2115
546 1620
15 2992
1598 1611
1343 908
1830 937
1332 505
1948 524
1134 3082
680 3082
2465 2441
989 2698
2239 921
2421 2278
1794 3111
1922 3501
1557 772
1073 1055
1312 2596
2685 2808
1565 2925
2004 3451
3582 2581
3569 1545
1763 2627
1851 1077
2340 2993
940 2245
1535 3460
3418 933
1843 544
1548 653
1359 3469
2460 3202
3582 211
3471 2642
611 1284
1614 164
2255 3134
1068 1044
2401 1094
3333 1776
360 2808
179 2994
3157 1004
491 1645
2611 1614
3130 1191
3454 83
13 3379
240 2284
1762 528
2879 2040
2618 2510
2814 981
1057 3295
3227 2938
601 1488
3078 129
1165 645
3521 1547
1009 3410
1519 18
2700 1231
1050 37
750 354
1927 1152
925 614
3313 977
802 518
3354 1109
376 2486
3457 2743
2901 607
1218 2592
2732 2676
2036 667
1421 3443
3202 445
3430 234
3075 3266
2870 2764
816 1141
2955 1586
2113 2871
11 3287
1395 158
2590 3347
2989 2246
1139 657
2803 1982
2232 2621
955 3511
1418 1626
407 131
2911 3212
901 2547
2303 2081
3596 660
1922 166
1415 2106
1264 3519
2089 3127
293 2487
1154 2993
310 1359
3451 2362
554 527
652 2811
3206 1465
1270 1847
179 2279
785 1611
3429 2245
1995 2669
1601 74
86 2525
2202 222
467 1828
1171 1625
3068 3058
855 733
1955 2064
1247 649
3267 3404
9 1580
3114 1384
3413 192
1067 3575
38 3435
3025 3513
2004 2399
2444 2301
3134 2786
3194 3330
1644 1334
1932 2100
1853 1730
2208 1960
2646 2272
3342 569
1462 2877
1856 1580
136 1427
2039 2160
3500 1772
3069 1573
2624 736
424 264
1701 3236
25 1390
2675 81
1147 185
2332 2157
2327 216
896 2396
1179 1563
3556 2688
3435 1625
1254 589
442 3352
1097 2316
186 3405
988 2221
3083 1320
3522 1738
2596 2570
1189 1890
943 2580
2688 2770
1608 3075
3559 3210
2554 7
355 1800
1899 95
1487 2769
2973 31
529 2132
2423 507
751 161
809 2013
1883 542
541 1968
1003 2859
2326 2203
3475 1626
298 1150
858 3467
865 423
2478 2939
3315 1625
3530 1558
1847 2226
2853 741
2856 1309
30 561
582 3496
2245 1863
2 1490
672 482
1595 600
2071 2772
1285 1391
3385 1023
3366 648
3114 2282
3231 1253
2265 468
3402 1423
236 2642
734 1852
2013 1802
1322 608
2810 1508
3410 266
2915 2611
3088 270
1997 2996
76 3000
671 99
1547 2973
955 2719
1508 471
2415 1704
580 2783
327 1040
3271 885
3035 2912
2153 1306
321 3176
1741 109
2604 1709
2989 536
3392 1779
1864 2099
2418 1659
649 3105
3051 2083
306 185
1449 3391
1168 2959
3192 838
2613 1849
2469 702
2250 1477
3052 774
1021 3557
3228 330
1498 851
20 292
1187 1860
591 3479
1507 2759
2458 1299
467 3207
3420 185
3517 2776
3493 249
1661 3506
3203 2793
2830 3435
2891 1368
3263 358
2198 146
3339 2513
1958 387
38 1939
1522 3546
2322 2009
2064 271
1141 72
3515 2329
2005 1248
1378 2805
1445 1119
775 1822
2899 2353
3373 2030
269 2551
2402 2807
31 1229
1295 1911
1449 2152
3205 853
2062 1947
2351 1233
1283 599
3250 59
1691 3366
1816 3435
3307 3232
823 684
2556 1582
3113 626
658 3048
3192 3314
2675 2836
1749 2502
2231 1440
1879 629
2853 558
213 953
2579 1001
3606 1844
847 902
2643 3263
1455 3504
51 2742
3178 705
2400 2654
1898 3051
3543 755
124 2366
501 1891
187 3149
1782 3585
853 1136
1480 393
155 3243
3548 171
498 3150
1009 266
3508 328
2721 2028
461 644
430 220
1018 1765
706 1381
3221 3260
647 2790
168 2612
2265 1668
2236 3126
2592 316
2587 810
411 784
775 656
1569 2497
1486 1702
1496 2201
2491 459
857 155
2201 1630
2240 2409
2710 620
2380 744
1042 562
1646 102
1034 381
3433 836
1138 1917
1238 703
1752 1887
2011 1907
3106 128
1123 3212
666 997
1099 882
2825 104
2555 1413
305 1128
1447 1215
2635 2359
780 3489
1037 1305
655 1464
2086 766
399 2200
1338 1253
2792 406
849 3214
3499 3324
3179 1546
3106 3526
2358 2252
2197 2423
311 3566
2103 2405
1514 1230
3112 2117
3587 2620
1720 1396
1116 1838
55 416
1389 2148
54 701
484 3327
281 2056
3307 1603
804 61
780 1745
2706 703
1892 2349
2831 1923
2680 1880
143 3427
751 844
91 2101
707 3044
603 2458
1602 2538
531 996
3413 1447
1478 777
3033 3132
2573 2826
781 1536
1464 1156
3573 3357
2776 2924
2311 3469
2926 739
1103 3102
2954 3241
3510 726
3491 913
1899 3412
1701 2511
437 1047
455 2351
374 1082
486 52
2682 2756
3096 939
451 2181
2720 3255
3151 1114
2494 3438
3022 2601
1943 1150
3176 1534
1429 1232
503 3345
2935 665
2171 3535
1316 2486
3523 3275
1086 1214
2337 1128
1835 2009
1035 2855
165 1039
779 1301
2468 2656
601 3547
1214 3318
523 3515
593 400
2042 821
2936 2491
2875 2730
3211 3240
892 992
3321 3583
1402 723
991 1634
769 2657
684 1283
1941 2409
1347 439
307 1816
2065 2076
1632 2335
1817 3401
402 1824
2019 2341
3237 1700
80 1090
1176 818
1604 3207
1813 622
137 1739
1945 1857
2061 1991
489 470
1617 3077
1423 1014
1326 3385
208 3327
1456 1532
1952 614
1110 1591
3196 950
3400 942
3562 316
606 1903
1426 3093
660 2169
1588 1247
1251 724
1567 806
767 3090
3425 1449
3009 2029
728 1841
449 1039
2424 2349
263 291
228 2562
2198 717
2310 3421
368 554
2418 2744
2497 166
1413 2027
239 1192
2249 3579
2769 1080
495 582
2786 1008
3164 1555
2507 2691
2186 629
132 887
3489 2026
2605 2526
1858 448
1061 2463
817 157
3222 1553
3447 2463
628 748
1493 3257
1793 48
3568 2234
204 1460
522 2325
551 3006
2509 2179
2343 3010
2518 957
1244 1789
3178 2542
878 3331
2667 687
1366 1474
3022 3131
3257 1703
2121 3336
149 985
1558 650
1060 2171
1900 429
2273 3246
614 2030
2778 681
1731 648
2986 160
209 3406
235 866
355 709
2196 550
1569 1624
233 1602
3189 1050
2319 419
3163 1016
1047 2265
3093 1862
500 279
62 2354
3213 1113
1024 241
1824 2405
61 3021
3402 1014
2317 1897
2733 3148
3463 1739
1313 671
960 1972
1909 3448
2736 269
3290 593
2750 2788
1079 426
1358 3053
1984 1337
64 3204
2047 2751
1723 3204
1155 2286
603 2320
2174 1972
1723 64
2189 343
52 3032
1983 619
541 1198
591 1697
1671 2704
2990 3032
353 2863
444 1221
2767 1775
2116 3357
441 278
2262 906
1777 3313
1 2611
3260 2768
1629 1994
1419 1230
97 336
2181 2885
3062 1335
3466 2919
138 2195
1905 2381
1105 2645
1125 1685
3292 1964
606 2288
3031 1161
1788 1519
3381 2100
1479 1682
1705 2189
2709 2906
2633 2509
2680 3269
456 3375
1215 2693
1853 1778
2441 2878
1573 1156
36 594
3159 1711
1364 2324
3479 1271
2142 1686
877 379
2944 2913
1326 1578
2831 2328
2386 675
1679 382
3223 1587
633 1970
2503 2533
3119 1239
3110 2690
735 2524
727 1720
2820 1987
2192 1901
3512 1072
2943 3596
1233 455
1025 3007
2969 2369
1808 591
3404 2571
2426 533
3346 2299
1134 3155
3595 3183
1197 20
3486 2153
714 1969
2923 2824
1847 3455
1150 3492
590 2810
1671 346
2688 3218
1713 3235
2897 2955
3309 3008
2788 3275
843 3514
2646 3442
3108 3293
1627 751
2639 548
1794 3170
567 662
304 2133
2260 1139
857 2300
177 78
1012 541
3049 1475
2385 534
1524 1466
800 2300
3390 1809
2519 623
18 1788
79 2494
3283 44
1395 23
2894 3112
801 3068
2595 206
575 1499
332 2590
833 1120
3031 2596
1258 2382
2651 3184
2309 2875
117 3300
3375 3452
2225 1363
208 2437
3049 1391
1358 2738
711 1183
2515 1599
961 2312
2798 1957
2712 2920
3536 2904
813 2903
1911 2379
611 408
1088 3319
1468 1237
3338 3058
1090 1500
1893 211
2655 743
3199 122
390 3444
1247 219
1633 2670
1886 1089
649 1210
1021 2094
1479 3090
921 2883
1600 1833
273 1645
1699 2940
344 2626
3233 336
794 2081
3588 1327
1894 2714
1876 1181
2151 553
1562 698
2223 2582
3259 2280
2649 396
2452 2136
903 3460
2346 2504
1052 2118
3120 1184
2493 2158
1073 2045
814 3588
3072 1525
1397 1690
3311 1962
297 1258
3550 2821
2108 1646
2117 1004
196 1147
2183 3111
1746 3450
3340 2186
1631 863
2190 1356
2297 1008
3210 588
2644 1973
679 250
341 551
1468 3222
439 837
2700 267
1934 2029
2259 2414
1398 1436
2268 2228
942 3477
36 1012
2865 2299
3358 644
1365 5
2882 2753
440 21
2165 1017
1916 253
162 394
3195 2268
3369 1885
1890 927
2050 2813
1274 2141
1576 2210
951 1753
1309 2111
188 955
1398 734
2194 1035
787 3041
1021 1153
2142 1240
3249 1610
3559 164
3392 2557
2668 121
1311 1842
691 757
2720 1435
2135 306
913 2745
2395 3591
577 2995
1807 3573
824 711
3475 2375
2356 3136
2564 1656
939 765
3017 1107
1221 234
3577 1198
990 1395
2902 3383
1787 1983
3545 852
1320 3084
431 1960
3252 2885
2625 2311
3542 3029
653 570
1672 768
1257 3108
2881 2831
755 1356
1800 2226
541 3577
1675 677
2796 3151
1727 82
2784 1690
1730 1386
3239 1760
1700 2763
2583 3010
2946 1660
2320 2458
2002 579
1910 2143
2725 521
2574 680
3298 1245
1692 416
1386 1853
1784 1620
1282 3563
774 242
1064 3081
2000 3278
3328 637
2108 102
415 3225
1529 854
851 3122
3251 2240
3372 380
2546 2451
1599 2429
2648 3353
2742 3356
1737 932
1825 1833
2180 1478
3309 1598
188 2157
1287 300
3019 1090
366 2871
1833 1619
3206 3071
408 2669
2082 1773
3198 2791
2950 2557
1318 3097
2916 2121
2082 644
2999 6
2081 55
2750 2178
3505 1350
57 2857
172 159
499 1333
2901 45
3570 3072
1808 2484
2651 3014
3443 2363
1589 1908
3175 974
409 502
2823 3011
3356 585
85 1390
596 383
2789 2746
3480 1582
980 1594
2945 2319
1387 2836
1168 1485
1240 1686
1382 2795
76 2528
973 429
1369 527
2411 3209
2305 2078
3191 625
1986 1559
2397 2355
484 1155
2114 2374
1078 2541
2159 2910
2205 1774
3516 2161
296 2777
1774 1896
2549 194
967 59
1975 385
169 126
1717 1655
2066 2371
1905 2951
2323 1130
2600 430
2026 780
2485 1468
1476 2307
2422 1235
2103 1824
1613 1511
687 2914
2662 1944
3156 2952
712 1639
2779 1687
3239 223
550 1767
3248 451
2282 1384
281 2412
2580 1446
824 1183
2238 1142
2876 2287
1050 501
1002 1170
167 3216
113 2923
832 1712
3089 1746
271 2086
798 3515
2685 3261
899 3228
2751 2871
3601 2965
1218 1337
1361 3540
2836 3488
1046 3165
2315 3464
2295 1731
173 523
2773 2293
2608 3245
2037 1091
3364 175
2160 859
2724 1889
3142 80
964 3225
3026 1040
275 3110
2264 1366
2523 3542
640 858
1434 2347
3544 601
358 2525
3266 2017
3405 2441
251 437
2483 2033
80 2838
3378 2868
588 164
2560 932
3532 1311
1428 2880
2987 535
445 2703
3220 924
1962 1753
3472 3031
666 1529
2443 2277
2869 1276
3096 635
2560 1737
231 1928
1388 1971
1678 426
3581 1794
2823 210
428 1375
3098 2200
1336 738
597 2664
3303 1195
3552 722
641 209
840 3483
1264 3091
2680 2538
1054 1702
2919 521
472 1715
2765 1546
705 2233
1351 1173
1768 2922
2509 272
1815 613
617 2013
2884 1919
3440 343
1657 1552
2659 125
3432 597
1219 2944
2502 215
2925 1906
1711 724
1521 1261
422 1453
3055 2513
2331 914
1790 228
2254 3458
501 37
573 52
799 1831
381 1155
3211 3048
2025 1206
3365 559
1248 744
1043 1441
2971 1022
352 3520
2003 2376
1961 535
8 2023
213 3550
3439 630
2371 638
2954 2459
921 1929
3312 1994
266 1452
14 2242
2309 3043
2826 3060
885 361
602 324
1726 1633
3502 830
846 3421
688 1321
138 1688
1358 412
2315 2772
3465 3215
1228 519
1852 1398
808 3193
1252 21
938 1872
693 2176
930 1519
1427 1888
2755 2273
831 815
2095 365
2518 3132
1013 3085
3285 2972
3406 641
923 3193
2714 531
2325 644
931 171
740 144
964 1217
615 2647
1360 2569
3340 290
2927 2298
1054 3232
825 2247
2993 3395
676 348
941 983
555 681
1807 835
90 1549
2414 115
1191 422
2821 953
2092 274
1011 877
2461 3209
1720 2267
1060 3535
2171 1173
3361 3400
3217 1109
1828 1604
3576 1964
2254 1736
576 1387
2223 608
1438 3603
2305 2415
2431 822
805 33
3497 2163
1970 1667
1866 2552
1527 1908
516 118
675 2799
2823 66
1295 2379
3503 1103
2610 3201
298 3539
1058 1484
1133 1876
2541 586
1030 1294
781 247
2413 3547
1432 165
2226 709
374 1297
1417 1718
2807 2355
1252 1733
102 1038
2623 2745
2053 129
913 526
655 2752
3448 2488
3553 227
3480 2003
3079 3482
2546 552
207 879
2050 2545
1989 2952
1587 578
1432 1039
504 270
1831 3034
1798 2308
2958 1143
3162 2112
2709 2951
2192 847
1352 261
532 2736
1735 915
2982 2878
1752 50
2005 744
66 3011
1577 470
3562 1337
816 1400
3457 708
2503 2124
327 507
371 2625
1811 2727
125 2270
3552 3275
3527 246
2058 605
1302 1119
3471 636
426 1637
941 2073
1085 2932
364 157
1368 3526
3256 3477
3508 2313
1285 3094
3568 1647
131 1224
1604 2353
1878 3050
3261 360
791 1194
502 1363
1676 971
2857 1981
2516 1965
479 2179
2357 103
1796 2213
1208 3273
334 3272
3174 786
2394 2121
2375 1418
3433 480
21 1577
3375 848
2841 457
1843 1587
121 1679
70 2510
1950 2846
494 2412
3439 1212
2105 2367
2991 1898
2526 1381
3375 1491
1483 1707
2589 183
122 2797
2055 2305
148 2571
756 353
2946 3533
715 399
3447 3431
1824 2128
726 1071
57 1342
1209 2190
1467 3571
1535 903
2342 2963
1555 2114
2377 1844
1704 2078
2500 1372
2434 2360
2500 3550
3188 1266
1595 3219
158 1388
718 3423
1333 2887
348 2382
1045 2944
1303 2514
2464 1752
749 2956
1960 3269
1974 1524
1132 3039
349 446
635 939
3037 2126
2694 3540
1216 2980
1947 1500
158 1209
2031 2209
1836 25
2703 978
2370 2476
2372 2781
234 2294
2865 659
1564 3385
1746 2603
617 1277
2628 434
3222 2485
2594 223
920 1850
3128 2866
1473 3474
936 632
3127 47
1251 3580
458 2043
62 2545
478 728
3098 715
545 3547
1662 1324
2510 725
2421 676
1462 3581
1346 1734
1777 1280
184 2828
1178 3594
1871 347
894 371
1303 1618
3368 721
903 2430
2872 723
514 1250
1538 2839
202 3308
237 3395
323 168
2011 1533
77 674
1242 24
2480 1444
1204 1115
1910 2881
1956 372
1241 2702
2526 706
2316 2274
457 53
1970 2250
1584 3368
2796 3152
616 1990
2946 2996
2879 3502
838 3314
2609 1408
3144 2666
1592 214
1605 683
2852 628
3573 2481
2847 2955
3327 419
3590 488
273 948
1917 3085
1648 328
2867 1633
1401 2698
1629 3312
1041 2483
351 142
1146 126
199 3444
2499 1789
2302 2873
3070 720
2446 3493
3535 3445
3087 3261
1347 1917
1662 2960
1033 252
1177 2922
246 2124
1759 2180
1443 1370
123 1152
2726 1294
2766 1281
2697 1427
3480 2746
1452 3410
2164 249
1479 240
1410 1729
2544 1434
558 1065
966 1420
1404 2026
1506 236
607 3141
2089 2904
143 2679
462 1166
2351 161
368 1369
946 2385
2129 334
2374 3095
431 3269
2028 2326
1276 2184
910 3301
2827 960
564 605
2128 2405
2907 393
75 107
1156 2588
3302 2155
501 497
2832 763
371 318
2838 3142
233 2538
2771 149
3569 2083
626 2378
2458 3409
1785 2080
1387 81
3000 1429
2099 464
1675 1024
2289 1067
3169 1975
2629 12
2687 1753
340 186
1149 3537
2438 994
2696 2829
1353 912
1120 754
1435 176
2120 1334
251 468
3506 1742
2507 89
2962 2579
49 230
464 2214
3332 2329
2415 797
283 775
3228 1053
512 1813
2027 759
567 2279
3394 138
581 1528
1585 7
2802 3181
226 1223
285 2364
950 112
306 196
2275 98
344 2803
1451 2753
648 2295
800 698
36 2966
3459 3290
1360 1441
2158 337
1829 2074
1978 2322
3153 1685
3464 3018
3352 1345
2097 2877
2566 991
954 2343
2468 1756
2212 956
697 2873
320 2364
2990 573
1731 2683
2705 2710
3532 92
3197 1158
1689 179
500 3201
3407 326
1009 519
3262 2221
3130 3398
2350 2888
3047 864
112 3444
2880 2734
2436 1961
96 3040
2941 1420
37 1891
1201 1005
2017 1699
2733 572
1426 1355
156 2849
856 2346
1225 513
1217 2816
1592 331
1453 1191
3267 148
995 3052
3562 2592
1492 173
637 3473
163 98
1223 779
2039 634
1884 974
593 189
2439 1846
3137 2612
846 2456
2229 2742
3349 399
3353 3212
2566 1634
2854 651
1775 2734
36 1319
339 764
2684 3012
2364 178
1262 2414
3224 2542
3487 2557
420 1791
3080 1469
1694 3584
2606 778
2214 1864
1660 3533
606 145
2780 2696
254 3258
3417 2253
2016 2272
1384 2216
3452 456
1399 3281
275 137
1696 1258
1622 979
800 1562
854 3213
3242 1622
2650 2367
1579 1328
63 2830
275 1739
220 3270
969 3386
733 3410
1437 2127
3371 288
823 2433
117 1454
729 2357
2321 512
1485 206
2294 2861
2686 2527
1778 1405
2888 1056
2981 539
2163 1693
2928 2551
1727 1698
3586 1745
2359 1713
3560 218
2898 1215
1227 231
253 473
1093 146
1371 2757
2414 382
2700 1781
2182 926
1156 483
288 3233
157 3133
456 848
2334 408
3026 327
2291 3336
1343 3064
1004 2894
476 2535
1859 678
3037 152
1837 2155
2445 1142
3472 1376
1181 3158
1916 880
3470 1716
1159 731
1260 1414
3266 1106
71 1743
2862 3412
2632 735
2847 2629
1361 2694
760 1940
2620 186
2457 784
563 1804
647 2811
2674 3394
3019 3142
3368 795
1593 217
2920 1306
13 2032
478 708
3477 2304
3053 72
2681 1257
1724 3519
2874 365
2887 499
3260 743
976 3565
44 16
594 2966
302 3107
1209 1356
2213 170
1636 1985
1124 1737
3135 802
1688 2195
534 190
1678 22
2054 2269
2617 2739
100 2393
371 2508
917 713
18 930
2753 1249
904 175
729 103
1523 1650
573 2361
2665 243
3013 3310
432 1912
1883 2453
372 977
740 376
3378 1653
268 839
1878 97
2540 2476
31 352
2680 2336
3050 97
3200 1083
3554 638
360 2428
673 1946
2107 1164
1565 199
2887 599
1304 1116
237 1154
982 736
3379 3556
1609 2795
2615 2769
1842 1101
323 1951
3103 1391
1685 896
1523 1860
2285 3197
2222 1018
1415 1869
2577 1879
73 799
3196 1399
1276 2447
43 2889
684 2767
2302 697
2222 1643
2658 2012
684 1049
1695 1893
719 3242
1119 1129
2661 3426
257 1781
3286 1802
441 3354
2354 1667
692 1887
87 923
740 3254
1728 788
1522 1088
2543 583
375 2532
609 2294
3357 2482
995 3306
1417 548
2835 918
3276 819
1444 2964
2978 1886
1825 2063
2335 259
2548 2249
184 1530
3464 761
3600 3606
745 3305
1472 2522
3247 254
3551 606
1366 2080
1480 2823
427 1748
1987 1629
3240 658
2433 2243
3002 446
943 2472
84 2763
3527 1501
3297 2506
948 1645
1131 3369
2449 1159
2574 2641
3526 2891
416 794
2348 3509
1209 755
3430 2210
33 1201
1961 2662
3441 2615
1885 580
1245 2085
880 473
1624 2775
86 2862
1993 22
1024 65
3458 2654
1838 2985
296 1197
3478 1881
2184 2447
1453 3398
761 2735
147 2983
1635 397
2966 2437
2951 3597
892 110
872 1253
646 1945
2722 2156
1821 359
2036 2371
3087 2271
235 602
1518 656
3100 1561
3209 3331
2873 1751
1864 1881
3426 1626
113 2824
3360 2337
742 324
1326 2683
570 1548
2320 3409
707 1133
1974 1041
2585 2803
914 434
3240 702
2567 3180
1911 1821
3555 2985
1409 3424
287 2554
1469 488
404 3270
1318 1857
2826 3540
3332 2602
2073 983
878 1636
441 3468
1919 1033
3133 817
1986 293
431 2657
3220 58
1197 2777
3230 583
1985 302
616 1088
3125 2187
3530 2134
1109 278
1619 1600
3101 1811
1241 3372
2166 2420
1272 2793
2603 3004
2761 983
2883 1929
1871 2170
1630 1496
398 3441
2355 1507
1995 2563
177 2506
3348 887
2732 3471
3474 1219
1742 3476
2638 1101
724 3580
2282 625
2754 1546
1713 174
2411 2461
1075 2753
1100 636
2400 3458
1199 1617
888 2595
2310 2747
2191 2775
2105 3302
1649 411
3189 2832
1718 3066
2271 2808
568 1831
2136 3352
3564 838
3495 1554
2193 1111
1256 2256
2765 3179
1477 492
2728 1321
550 2041
1375 3554
71 915
1668 437
566 3351
906 1380
1571 332
1788 427
404 2164
1522 3319
237 3274
2671 1339
2133 767
2067 2930
1390 3099
189 3290
1065 741
1984 1501
1144 2657
2413 365
1760 2718
462 3393
3569 2991
2215 2975
2046 2370
1338 872
228 1776
33 479
3552 3523
1846 1913
1826 2529
1642 3580
3490 1777
1969 3205
796 2106
2815 1699
3133 2466
492 2187
2802 1843
434 3187
1717 2697
66 1827
311 1703
1463 3555
2158 813
2429 3281
2996 1157
2253 2467
931 3548
1056 975
1200 370
1281 3460
2919 1121
746 1970
1673 2904
3285 2383
891 2338
1364 2256
1956 2058
1513 2515
2514 1560
3364 1931
2604 1122
2068 1552
2471 626
575 916
543 2137
2567 1918
1234 2870
1846 1805
776 245
2918 2701
292 1069
2389 255
512 2365
1516 1669
2041 1117
3350 723
1619 12
1975 1458
1980 3468
3196 390
662 2994
2531 821
1648 2313
610 2834
1287 3483
3226 2070
3406 1512
2032 3373
1649 784
2833 10
1130 2725
2684 3603
1494 2927
2959 127
525 3417
2276 968
520 862
702 658
2916 958
3268 2748
1459 1282
417 1087
2194 3324
196 3420
1014 1539
2890 3554
1959 3315
2361 610
3124 68
543 3063
1118 3265
1918 1140
2441 351
3251 139
1884 124
2349 3465
3059 2950
1465 3071
3278 352
898 3182
1362 2651
3147 2410
2849 801
2832 289
623 1407
3582 3398
3005 1938
2869 1265
1272 1070
2638 1007
2690 1366
2744 410
779 1804
119 3494
1721 99
2264 873
3449 2154
1237 1553
3184 2774
3018 2772
355 3455
1379 2261
721 795
2732 2642
8 111
1806 537
682 1379
1503 2763
1043 1520
3023 2875
1662 3038
1314 3525
2225 3602
1823 540
1611 3309
2442 1433
561 1250
1385 1033
1446 537
670 2199
2820 1994
3378 1563
531 1894
2871 2047
519 266
2188 3565
1459 2739
2424 1892
2306 1036
938 1580
2539 2107
673 1782
1719 389
1035 1783
2577 629
2942 1534
1565 2967
1138 3085
3594 3155
1715 1112
2352 2293
396 1654
3163 2052
310 687
2575 3244
1291 864
670 2999
3245 2432
2428 1743
3363 1025
1937 3093
357 793
1218 3562
2368 1430
3125 2250
1428 1222
2712 3347
1912 1741
3384 3107
1550 2173
1203 28
1371 3510
965 622
2533 2124
2982 2550
1764 1983
873 2080
2625 318
2790 180
2610 107
2115 976
790 193
326 81
3118 2559
3263 2035
2420 598
3323 2094
771 2254
2569 1095
1792 1193
1253 1318
2578 2827
2619 1810
2048 1542
713 1770
1728 94
2097 494
2706 1041
2401 3221
1600 1825
224 252
1019 3146
3339 1496
2696 1416
2246 3467
432 32
427 2020
875 98
923 1107
2214 2099
1884 2766
911 2770
