123 219
111 5
90 47
97 116
22 16
116 51
4 122
9 92
123 12
71 78
13 91
11 76
16 50
69 109
59 6
113 75
24 114
42 90
88 105
113 81
89 52
32 40
53 48
68 79
95 50
61 39
48 88
16 75
63 20
58 12
112 3
77 7
85 100
71 8
15 60
78 21
31 72
106 4
1 77
83 101
109 52
101 106
34 98
29 44
60 66
74 54
37 90
42 115
102 65
97 14
110 123
63 13
18 100
47 5
55 80
45 61
42 37
123 58
27 84
8 21
7 96
2 86
11 2
69 52
119 7
75 22
62 49
43 93
73 70
81 35
26 45
110 86
114 118
30 76
121 9
8 104
15 12
50 54
79 39
64 36
56 7
28 21
97 43
13 89
17 31
60 120
28 78
94 112
67 54
25 28
57 31
67 34
1 20
93 99
48 105
51 34
122 65
111 56
102 4
85 122
80 27
72 53
4 65
69 91
108 10
31 49
90 5
91 89
79 45
38 41
105 23
11 29
85 32
96 119
15 58
10 70
82 99
74 22
44 2
36 55
74 50
81 117
44 11
103 3
117 100
55 27
109 6
9 25
19 99
20 77
23 72
56 96
53 23
10 26
46 33
54 95
103 94
36 107
113 35
56 5
12 110
26 70
123 30
57 24
101 105
84 80
76 86
112 8
62 118
18 117
39 66
63 91
2 76
121 92
71 104
62 73
106 102
40 65
95 98
116 14
92 59
104 3
64 41
9 87
82 19
3 94
46 72
59 109
97 51
114 62
68 120
115 37
85 40
58 120
36 80
22 113
87 28
16 74
34 116
43 14
6 52
87 78
43 99
61 26
83 88
60 68
1 63
41 103
106 83
29 42
47 37
35 75
51 98
101 88
25 87
96 111
119 1
118 73
46 17
103 38
27 82
38 107
86 30
98 67
15 120
6 92
45 39
95 67
19 84
114 49
121 25
69 89
81 18
49 24
117 32
59 121
46 53
104 112
110 30
93 14
