1069 2135
1046 702
729 477
1058 462
37 547
442 822
963 1032
500 864
406 988
520 395
94 398
296 745
468 105
536 819
864 447
966 417
308 982
908 46
392 218
86 132
301 342
465 627
793 44
102 281
1042 596
181 25
14 699
621 1020
918 89
323 505
1060 869
976 603
1039 662
1028 865
262 533
582 628
446 755
88 255
94 33
877 502
896 1008
168 459
76 95
20 675
112 788
479 815
943 487
588 440
458 689
1055 427
685 558
48 798
384 152
17 646
662 276
618 157
726 325
950 682
731 258
842 751
475 311
243 343
868 327
510 294
930 128
36 275
341 698
994 513
346 725
115 481
473 450
220 377
460 20
566 63
250 497
351 41
848 116
405 375
369 39
837 325
48 533
492 787
866 929
555 920
127 609
807 53
480 89
176 833
747 35
496 423
804 591
118 74
230 12
209 645
513 493
270 310
988 881
65 649
688 368
216 674
214 30
593 430
899 469
114 916
1063 651
568 758
1025 1058
564 275
343 535
776 174
779 956
799 323
53 1055
719 213
58 561
619 835
451 425
153 397
78 328
261 87
697 1060
934 507
196 421
332 754
992 431
802 154
62 541
79 200
186 885
249 914
75 872
580 871
663 277
277 117
741 124
435 201
931 556
915 968
57 1065
160 688
671 872
344 623
814 361
531 600
1016 542
953 34
791 479
503 81
412 20
436 649
838 354
695 123
1015 232
304 49
14 211
702 977
175 464
921 55
249 211
521 270
740 156
201 456
1066 633
677 896
265 842
1049 90
150 349
739 732
189 548
977 791
444 640
745 1031
761 62
264 1043
835 20
335 419
89 930
760 805
484 421
132 219
659 886
217 15
560 216
688 357
26 592
890 1021
530 32
202 829
975 843
683 644
691 149
499 8
206 552
732 855
786 217
422 1005
692 248
201 945
650 729
938 134
690 1003
589 1047
111 1027
871 284
98 800
286 197
353 824
302 896
777 650
584 83
137 240
769 779
221 375
63 99
173 16
322 512
506 373
983 491
288 272
370 1003
657 985
473 384
251 296
292 783
151 1030
701 591
840 709
192 1042
731 17
99 539
324 852
88 544
108 778
347 685
340 390
925 401
557 544
362 402
34 654
128 480
444 993
366 11
109 1034
880 915
42 947
959 183
483 72
972 999
753 1002
751 911
238 5
600 336
477 122
827 738
570 565
3 628
467 528
121 713
849 316
756 1023
941 78
508 850
236 622
641 1052
35 1057
268 722
564 36
382 289
1038 749
483 47
450 408
31 583
319 1024
620 319
920 518
266 511
923 149
438 888
721 267
893 826
148 836
110 910
902 186
23 50
3 555
1045 801
634 808
338 978
45 423
498 72
772 367
676 535
875 762
616 142
670 605
402 831
584 565
908 24
565 660
1055 807
245 819
950 756
716 58
260 328
421 559
280 599
451 538
847 512
908 667
755 1052
976 1041
115 643
863 407
883 321
864 331
1017 118
856 233
891 423
884 944
972 392
67 417
1047 862
479 178
989 614
347 321
573 395
973 10
827 780
162 66
397 995
626 458
227 697
621 567
1007 57
821 297
768 1053
473 988
913 585
668 610
922 365
353 297
333 239
409 905
938 70
1001 447
526 419
248 932
415 220
33 352
68 575
926 812
666 728
173 895
831 974
548 339
881 114
514 232
712 2
238 652
7 666
286 71
293 617
346 874
934 276
582 361
990 86
910 877
231 206
228 926
802 437
514 1015
151 453
693 932
541 761
516 939
1062 1018
677 773
439 846
698 64
985 928
1019 413
379 901
1007 1065
197 274
960 164
561 735
1069 388
190 144
767 517
525 794
1031 437
658 8
399 528
383 591
574 640
894 947
236 281
1033 982
147 747
60 694
686 55
830 1009
257 303
443 656
797 873
832 547
119 169
854 993
368 357
621 207
112 337
406 114
1004 848
285 475
680 873
418 196
168 674
486 925
855 1027
957 525
820 661
230 1022
295 222
157 269
219 311
330 935
267 634
720 282
595 253
483 376
729 122
583 256
161 1037
888 298
443 1021
262 681
568 350
845 355
484 1066
37 832
988 114
574 278
810 433
1067 386
91 1055
817 317
662 225
738 418
1021 947
189 524
963 13
1058 718
892 793
465 527
391 497
251 464
1006 554
809 295
255 876
377 415
452 994
907 1054
278 197
857 787
993 403
372 287
976 576
707 745
136 652
337 645
469 580
505 799
732 618
844 282
841 828
312 124
1027 732
534 747
363 803
54 104
268 800
968 233
578 468
108 504
794 848
653 189
642 348
1009 93
133 808
651 174
535 724
231 1064
1010 686
967 764
387 678
415 965
498 85
68 363
79 373
176 77
793 345
768 558
220 723
590 811
412 675
467 997
435 1037
1040 788
498 836
698 554
786 951
38 980
878 595
817 240
272 566
80 237
765 966
247 466
120 552
885 696
382 529
297 744
868 761
584 570
781 614
576 603
438 113
653 548
428 92
1049 1008
77 166
854 309
554 432
886 606
236 107
244 50
711 380
844 143
583 216
428 283
894 40
368 889
218 831
913 54
194 258
288 970
674 560
288 1
482 231
122 369
200 506
860 5
279 53
84 253
393 753
834 327
341 509
200 577
907 396
863 839
948 900
741 690
220 440
532 751
517 104
113 904
916 406
714 259
696 103
69 211
101 378
461 588
611 257
175 182
257 523
263 826
448 245
720 830
4 76
720 844
219 475
998 736
427 771
927 863
342 845
586 131
509 573
272 63
734 958
328 562
734 196
194 731
212 142
201 955
497 366
167 705
659 22
999 818
400 766
259 1063
197 629
1040 492
665 290
726 130
493 712
569 798
1064 318
326 797
17 258
298 121
644 978
515 632
474 736
750 949
80 146
1038 367
623 703
707 1044
506 79
672 65
304 144
820 497
638 407
185 639
173 361
244 13
572 59
945 435
226 510
242 923
190 550
261 317
262 48
334 847
536 448
1001 568
116 795
315 658
965 723
4 918
180 441
781 426
908 205
675 359
485 139
952 584
1001 500
404 93
1053 158
806 24
737 979
260 78
166 926
469 459
846 546
161 823
179 679
802 707
797 711
859 225
645 635
150 135
23 244
563 261
1044 296
369 477
410 139
321 9
743 1057
265 434
779 291
487 142
706 654
593 472
971 639
945 106
912 983
354 529
580 385
244 1032
763 865
664 29
719 854
537 545
182 251
387 424
1053 156
23 579
546 439
154 437
853 1068
1022 615
171 725
366 661
968 549
540 43
478 451
972 829
26 590
862 821
869 631
332 789
776 882
101 516
959 490
681 425
510 921
400 123
785 416
320 437
378 78
971 705
434 717
7 975
953 706
530 923
974 362
608 454
104 913
893 567
374 264
730 683
852 155
12 316
1043 672
370 124
422 555
625 161
613 1018
125 614
210 301
884 772
523 1024
871 441
22 526
19 775
385 871
579 572
191 1050
867 110
952 1046
850 780
631 394
429 975
522 984
103 443
106 1037
89 4
230 316
714 397
667 24
912 127
426 410
98 457
511 648
992 870
1023 464
191 145
451 937
442 495
128 51
975 666
798 892
329 658
457 476
411 605
154 903
581 683
612 516
273 221
773 1035
840 522
349 155
1036 905
404 1009
213 854
1033 308
292 922
449 885
405 88
604 751
955 946
546 71
309 213
1035 701
1069 980
905 438
638 863
237 708
655 390
660 702
1066 940
930 796
948 430
776 381
528 351
695 661
465 779
856 204
1047 782
388 875
617 703
613 1062
394 18
75 396
560 168
987 484
763 970
558 488
933 735
11 661
132 990
789 851
326 470
611 187
530 195
170 728
936 693
808 494
7 963
76 918
453 765
767 876
481 643
120 364
585 767
799 93
292 1011
1015 167
1004 795
503 753
900 430
371 55
44 892
887 180
469 168
710 249
1054 396
929 962
717 268
658 499
771 866
284 180
875 1069
436 65
82 684
974 37
636 387
509 64
810 71
529 737
516 900
1064 496
380 73
15 803
491 61
682 633
365 514
817 137
246 249
873 711
143 282
210 845
445 519
38 524
458 169
969 96
617 179
540 389
1016 313
586 226
412 840
286 629
774 231
239 145
657 645
1059 28
722 52
768 290
904 713
833 234
285 219
183 54
1045 508
787 540
651 153
243 676
862 782
291 956
411 325
708 80
461 1061
293 703
163 308
293 623
1065 315
715 1059
42 40
346 816
907 551
358 265
190 409
389 43
998 474
313 733
68 172
148 47
901 587
665 1053
744 353
303 611
889 34
991 235
857 967
209 112
36 470
665 156
705 514
27 1
428 478
659 824
901 619
339 870
349 241
202 402
202 218
420 841
880 968
16 361
969 998
409 229
432 1006
507 280
447 568
162 851
363 494
167 639
163 785
367 884
622 786
488 347
131 138
156 158
921 226
882 1027
229 550
949 448
717 358
915 549
682 961
479 977
791 702
619 379
903 320
234 176
178 571
802 1031
671 269
142 943
749 825
72 836
847 305
807 279
338 944
725 222
989 505
594 601
522 462
502 929
1016 1061
416 935
306 436
927 243
1039 276
252 928
336 1056
153 714
1047 979
946 200
187 257
448 704
739 157
637 372
699 69
504 214
455 386
955 945
100 936
475 594
531 336
536 949
17 181
389 787
207 1020
850 746
878 248
723 188
427 981
781 125
92 283
111 855
100 932
39 312
358 722
600 1029
890 103
442 395
849 349
956 627
553 906
147 35
427 91
640 274
942 327
1012 760
837 726
137 317
523 620
195 32
191 1025
157 671
170 592
541 868
351 165
450 384
889 654
457 576
422 3
474 973
496 318
715 281
1044 251
1008 90
604 532
676 724
947 40
405 221
834 868
547 362
1 272
175 1023
38 189
764 112
130 325
417 414
56 386
403 719
630 184
961 633
922 1011
933 58
743 147
529 289
533 538
471 865
439 433
1025 718
273 758
1016 700
343 676
909 291
431 548
99 566
188 960
118 390
721 205
886 824
456 946
82 624
101 939
979 589
931 841
771 981
1040 857
1012 805
894 1021
766 123
668 520
242 32
578 599
314 181
648 327
140 672
419 223
359 412
843 728
614 323
205 46
749 772
700 1061
173 814
937 428
1023 215
971 185
513 792
762 1069
476 800
84 878
877 962
782 979
52 800
620 1024
544 255
736 96
409 1036
152 450
86 67
793 307
136 784
489 809
936 621
95 918
889 688
774 318
1045 647
657 209
887 1026
680 470
74 390
1008 302
66 598
911 292
120 206
670 56
971 167
498 742
852 352
909 982
742 356
873 73
476 98
901 835
615 12
556 673
108 30
172 15
280 934
962 502
211 710
127 263
170 590
49 144
944 367
721 46
403 574
628 16
413 924
203 504
874 543
215 961
485 426
784 750
193 19
821 782
1046 660
1026 393
504 778
481 903
5 954
82 1051
339 653
778 735
1014 284
284 441
18 631
746 738
501 534
579 50
1054 551
347 883
534 630
131 294
872 348
622 107
684 279
896 90
381 174
266 648
1050 239
776 1063
83 592
70 364
324 33
861 773
610 355
921 686
996 1051
163 416
81 208
308 785
923 28
84 595
132 285
817 563
920 757
69 710
668 495
867 424
573 341
939 948
771 929
1056 600
431 339
237 954
1007 9
545 192
888 905
130 411
1011 365
70 120
708 146
656 696
741 1003
370 312
515 543
728 811
343 927
228 92
973 813
643 511
785 330
924 300
401 898
50 572
260 612
910 678
518 84
393 1002
1056 742
806 667
978 944
52 98
2 360
351 467
941 838
784 652
559 958
664 895
103 656
813 10
18 875
25 314
628 1005
188 164
176 812
338 683
919 76
984 462
1038 271
635 928
319 858
374 672
774 482
418 224
124 1003
152 97
740 726
377 588
307 345
706 177
344 445
629 810
978 884
986 36
964 123
97 632
943 250
818 615
874 632
539 727
559 987
634 133
876 544
230 135
420 770
117 663
893 263
336 356
316 135
140 649
295 489
587 571
95 597
305 334
54 299
459 674
668 355
712 792
695 400
697 607
997 1006
431 870
981 91
579 59
759 813
207 826
801 780
277 185
592 590
169 198
245 536
985 60
401 486
194 373
60 252
542 733
575 808
9 883
814 895
345 21
791 815
88 557
659 606
344 247
598 754
19 10
903 115
401 935
1010 55
950 215
454 924
496 891
566 727
559 484
597 919
1048 80
830 404
553 938
510 586
764 337
459 899
449 581
131 309
165 528
695 11
582 1005
818 972
741 452
549 233
995 669
406 879
624 1051
426 139
495 520
264 105
486 1012
166 812
212 463
57 315
174 1063
241 155
399 165
138 309
177 556
463 1050
185 663
286 810
214 108
542 700
432 997
647 162
902 656
1054 75
136 750
368 34
867 387
833 596
93 505
750 704
882 381
375 273
487 616
970 27
486 898
684 624
340 655
754 879
775 813
733 165
172 363
196 958
481 511
526 606
866 981
977 1046
772 1038
140 65
869 607
340 372
951 141
250 487
940 633
348 671
699 300
587 178
927 839
501 184
350 758
303 523
1029 1028
980 388
104 299
895 29
784 238
911 783
906 938
999 615
689 626
41 432
141 803
62 198
1049 151
329 8
52 268
660 952
310 521
940 682
883 1007
558 290
1033 769
687 598
159 334
443 890
624 996
743 724
917 58
532 911
147 534
28 149
848 525
886 353
960 965
12 1022
296 182
346 543
85 836
736 759
681 538
348 269
834 942
760 1017
1019 924
946 577
832 47
870 56
466 344
562 941
345 777
837 740
804 861
456 955
973 759
467 41
825 271
520 442
264 468
630 747
939 900
164 40
407 755
242 530
818 1022
774 1064
960 42
134 364
552 364
790 760
276 507
8 160
306 880
215 756
25 976
47 376
74 1017
963 429
550 49
962 866
184 959
816 725
515 97
569 262
356 85
890 894
391 943
796 128
805 790
134 906
81 117
356 1056
253 920
623 247
626 856
485 94
376 832
39 477
826 567
717 722
100 1020
62 119
641 755
323 989
1060 631
143 310
259 153
830 282
706 673
370 39
150 849
775 193
1002 1026
1004 116
402 974
564 986
803 172
930 480
577 456
332 598
294 586
777 307
692 878
13 1032
394 762
850 827
799 1009
1013 192
1068 32
909 1033
91 807
365 232
763 27
414 86
596 537
1036 229
232 1011
591 380
69 14
217 951
625 602
25 1041
937 478
10 775
179 527
916 879
914 246
797 680
679 527
1024 303
453 1049
330 925
998 96
285 990
1048 954
100 693
1042 537
1017 790
129 234
1062 669
466 853
305 512
992 670
957 964
383 701
906 301
51 694
212 333
860 954
449 186
794 957
704 949
237 1048
238 860
687 916
181 646
247 703
408 97
711 73
611 59
330 416
233 204
468 374
266 643
1042 129
666 843
1018 331
1068 195
734 224
92 937
223 335
820 391
1013 545
577 79
609 983
324 94
567 207
902 696
587 379
293 179
304 551
471 27
1000 355
517 585
457 603
235 439
525 1004
687 754
1012 898
298 438
15 141
731 373
1000 610
657 635
133 721
1025 145
531 1029
464 182
858 583
491 806
271 472
301 553
744 821
652 5
616 463
471 1028
815 571
22 606
733 399
140 1043
96 159
235 146
792 994
625 193
709 984
742 85
759 474
913 517
49 551
273 350
780 508
707 1031
846 235
266 942
748 841
904 121
223 43
604 265
315 329
1040 967
371 637
639 277
408 152
506 194
1058 145
922 783
212 616
831 202
655 118
716 859
737 289
35 743
134 70
357 499
82 279
1060 607
524 388
1035 804
210 342
669 6
31 319
692 932
853 445
554 64
1032 429
115 320
116 608
60 928
634 575
635 985
169 689
225 126
897 127
1019 699
483 148
789 162
280 1034
342 1000
729 21
26 570
538 425
997 41
812 77
690 452
763 471
569 892
1034 599
1015 705
417 765
449 730
609 912
1013 424
966 1030
1066 987
899 385
764 788
995 6
18 762
578 105
838 382
300 14
829 218
322 597
81 663
436 880
133 267
872 642
694 796
490 183
588 1061
381 111
710 914
236 102
685 488
620 858
331 500
107 281
843 811
195 519
1041 314
915 306
30 914
594 311
102 715
766 964
891 770
931 177
508 801
45 891
845 1000
934 1034
158 837
287 1010
677 302
709 359
56 992
777 21
489 904
712 254
649 306
291 769
561 917
213 138
434 842
29 601
360 254
851 647
29 814
1014 180
637 287
294 138
654 953
154 320
332 66
941 328
860 1048
242 28
636 424
391 250
603 476
206 482
425 478
240 360
655 372
792 493
392 999
87 227
119 458
822 573
834 541
329 57
404 720
619 460
627 527
1039 225
704 136
256 216
420 828
795 454
629 274
648 942
83 26
491 24
461 700
581 186
414 966
1019 300
1035 861
411 455
651 259
113 298
612 101
492 540
823 602
125 989
789 66
691 715
22 335
400 11
283 926
604 842
739 618
246 214
460 675
543 632
203 735
83 570
933 561
931 748
562 354
724 1057
1067 670
105 109
580 899
1052 446
602 19
778 203
245 539
564 446
473 881
888 1036
823 1037
1026 1014
290 685
746 224
4 480
607 87
317 563
288 63
106 435
690 994
1001 758
825 472
827 746
146 991
858 31
885 902
243 839
204 549
357 160
95 919
739 269
828 770
557 375
798 44
155 352
547 376
420 45
961 950
192 537
87 697
113 121
90 151
253 518
748 556
601 664
680 326
6 397
846 991
199 622
897 609
647 801
824 744
664 594
574 444
638 839
111 882
602 193
42 164
596 129
59 187
318 423
223 389
208 753
150 241
898 805
783 532
188 965
521 996
135 849
581 730
708 991
472 430
768 665
297 862
229 190
252 51
99 727
107 199
1020 936
608 413
553 210
73 383
630 501
126 1039
295 713
790 74
494 575
1030 765
610 495
240 254
571 379
887 1002
673 953
126 859
371 1010
678 867
585 876
698 509
693 248
380 383
137 360
68 494
374 1043
299 183
271 749
217 141
261 227
1030 453
227 563
757 422
811 170
940 987
833 129
109 599
852 33
828 748
446 986
119 198
847 322
445 466
171 222
289 589
535 1057
795 608
518 757
149 1059
1013 636
1052 986
723 415
396 642
460 835
907 304
307 44
335 526
358 434
71 433
209 337
493 2
542 313
159 305
1051 521
386 130
515 408
51 796
67 990
546 433
463 333
956 465
853 519
341 822
1028 531
691 1059
809 222
641 407
919 322
64 1006
569 48
716 126
184 752
640 278
512 597
983 61
163 982
838 562
734 418
689 856
144 550
46 267
825 593
110 877
969 159
855 618
278 274
752 490
555 757
730 644
957 766
302 773
816 874
718 462
199 786
578 109
234 77
917 716
260 378
887 1014
642 75
500 447
385 441
270 844
1005 3
395 822
752 501
405 557
102 691
45 770
7 429
440 461
933 203
160 499
72 148
350 221
678 110
394 869
359 840
419 43
539 819
519 1068
626 204
507 662
175 756
823 625
714 6
740 158
788 967
312 369
679 617
228 166
769 909
311 601
256 31
161 106
38 653
13 23
287 371
781 410
352 241
582 16
324 398
444 403
377 440
694 252
865 1029
178 815
191 239
806 61
490 299
820 366
692 595
970 1
959 752
745 1044
310 996
413 454
503 208
980 524
21 650
687 879
727 819
637 340
61 912
492 857
205 667
612 378
958 421
9 1065
910 502
804 701
399 313
829 392
37 362
893 897
613 995
738 224
589 737
283 228
414 67
334 969
686 226
552 482
718 984
572 187
669 613
646 314
644 338
208 393
809 171
948 593
638 641
199 951
952 565
861 677
139 398
122 650
679 627
246 30
681 533
993 719
354 382
452 513
270 143
917 859
816 171
767 255
258 646
117 503
794 964
53 684
331 1062
321 488
1045 851
333 1050
384 881
489 713
673 177
545 636
125 410
485 398
198 761
263 897
709 522
470 275
560 256
326 275
864 1018
2 254
935 925
1041 576
