1069 2133
562 538
18 889
145 657
260 48
852 27
2 840
452 548
152 899
795 190
813 799
367 478
987 389
621 301
729 459
880 647
677 2
971 988
652 893
854 629
1009 404
302 771
788 920
1069 958
560 621
729 712
328 818
430 950
937 446
96 878
730 804
829 1063
1020 400
185 20
980 994
77 9
35 1033
877 598
557 673
445 518
656 652
518 458
1026 97
585 948
209 269
812 402
197 1010
1049 710
1017 121
707 568
433 741
110 654
482 168
529 1008
932 517
276 832
591 848
110 400
334 377
110 326
679 416
183 607
9 808
392 21
557 405
807 349
473 124
66 241
279 835
506 835
985 114
793 787
744 8
408 1027
964 736
452 573
195 284
237 851
425 212
857 782
311 261
148 223
583 78
384 547
966 519
42 692
267 96
896 975
257 697
739 485
464 754
15 984
913 45
392 300
935 980
56 801
752 13
671 25
824 7
745 191
14 852
984 906
934 1048
870 254
327 366
301 871
261 824
945 715
672 688
385 739
901 35
857 720
790 479
1030 331
501 119
187 315
190 671
356 3
546 287
688 772
463 185
426 544
402 726
504 755
955 471
991 123
714 116
969 43
417 45
372 666
950 440
736 123
338 162
906 15
973 668
743 244
628 75
279 686
365 491
309 130
921 930
965 94
351 212
376 932
287 674
610 823
101 670
975 1009
24 585
769 535
821 1069
528 1052
195 285
865 445
30 856
933 521
725 526
128 61
328 614
716 282
201 811
899 180
339 858
632 436
31 19
1034 59
850 909
4 1007
445 472
403 463
101 259
847 99
12 934
928 811
942 5
153 686
258 109
720 544
361 456
417 494
662 356
827 179
179 182
665 523
107 75
639 66
187 711
109 1031
1016 345
845 967
976 500
66 527
69 189
255 392
823 910
113 765
751 82
541 486
31 1021
261 7
849 644
647 571
659 889
743 408
582 1041
905 1056
884 1045
748 877
127 802
529 1044
2 642
793 587
630 272
864 288
766 617
990 798
650 804
649 861
186 483
270 188
102 388
961 894
413 282
688 211
147 892
698 421
510 477
1049 99
372 699
849 148
411 757
903 1011
50 534
120 315
47 570
3 952
352 785
935 421
202 1038
406 564
583 1035
289 717
560 317
45 489
787 989
155 853
592 759
22 615
367 355
426 28
467 119
659 272
559 1016
192 66
175 548
394 606
870 1044
237 227
636 166
275 237
920 653
779 415
769 62
823 313
488 785
141 808
770 476
1056 238
944 656
283 332
570 504
255 601
631 834
718 51
33 1043
649 79
222 701
6 816
671 996
651 436
26 1063
456 360
927 294
225 242
833 93
225 267
162 440
139 465
649 1000
230 408
895 803
691 1043
801 157
341 134
509 597
902 860
245 979
100 1057
459 30
112 454
706 461
552 87
71 388
508 209
322 1002
1038 336
584 799
120 317
570 385
837 747
1014 179
236 466
597 1032
105 970
196 183
224 448
383 553
792 496
384 298
816 281
422 807
982 850
83 697
98 102
398 619
402 427
620 389
1045 655
126 719
1006 926
65 812
161 832
293 931
1010 449
988 648
598 748
496 918
813 151
344 685
153 124
1001 915
352 40
374 52
418 771
648 971
888 533
351 16
67 939
239 347
932 908
944 640
320 892
177 1051
49 926
152 1029
703 519
1015 831
498 339
238 924
284 285
461 741
861 79
217 931
515 215
426 236
800 826
1057 342
1046 136
711 441
646 954
783 1064
627 221
722 814
443 94
241 776
499 843
612 262
228 41
1060 138
193 643
940 181
846 1024
734 379
558 528
702 172
8 43
107 401
514 1003
382 5
623 70
245 202
970 1005
16 537
99 869
912 270
723 710
387 931
673 405
164 721
303 135
487 23
236 578
965 92
888 1021
829 26
481 704
166 895
693 122
580 204
494 615
633 955
768 767
639 241
110 779
801 999
25 996
147 738
37 637
213 956
691 567
624 628
777 268
825 500
936 762
306 565
91 816
960 912
895 951
134 38
305 969
530 487
481 340
184 380
251 535
137 472
168 706
938 140
760 350
443 824
536 30
784 991
150 235
835 555
547 298
190 622
243 1006
248 113
337 370
218 223
924 905
61 897
33 1028
10 128
178 481
95 575
143 617
847 503
750 536
537 425
968 698
612 533
547 232
274 927
1062 745
874 990
734 164
590 122
625 521
37 663
684 556
828 760
728 319
908 440
64 67
447 316
148 644
18 407
416 997
367 465
1012 656
100 896
826 973
963 431
817 1047
658 478
419 674
807 362
430 353
1061 52
362 149
275 851
754 460
193 724
459 150
471 406
992 681
924 1056
667 735
128 897
909 322
98 769
683 168
1008 976
561 531
345 916
213 1050
974 1047
38 180
983 1026
685 759
385 47
1039 505
813 226
88 583
925 662
812 81
347 963
303 523
442 577
377 261
1034 348
90 495
305 986
190 25
63 492
675 809
260 480
748 313
252 977
60 801
178 704
3 40
432 528
883 409
1032 673
575 410
777 802
797 955
1004 524
229 216
415 921
605 857
329 548
705 42
355 661
970 173
160 215
541 830
519 586
916 346
498 637
765 783
412 143
726 427
601 131
132 645
29 462
95 410
29 259
318 51
593 841
146 630
874 86
419 540
339 637
881 690
278 961
421 962
606 85
1052 310
407 89
106 252
234 22
672 620
517 514
718 198
364 324
218 97
767 655
848 202
948 401
480 48
183 737
666 184
53 876
1028 292
860 286
483 995
929 898
775 32
719 1030
1022 135
367 764
1057 453
492 696
277 128
578 131
575 435
728 1041
311 377
359 244
596 365
192 527
177 378
815 86
130 13
1058 791
271 172
450 182
3 352
941 904
814 206
689 1030
146 299
361 360
366 1010
929 867
193 632
25 244
126 217
31 735
430 338
949 553
135 231
512 541
362 711
730 386
511 771
414 804
777 721
192 408
327 322
952 40
423 563
15 431
940 747
126 689
457 612
289 556
443 210
933 625
135 11
1061 374
535 434
1060 994
660 370
895 636
144 858
579 751
1062 551
833 613
106 603
834 867
471 564
582 46
851 227
1 76
986 897
262 648
342 602
412 875
209 876
120 711
587 289
214 115
693 667
42 641
1069 710
867 631
204 776
469 834
960 919
349 422
683 706
587 787
28 466
759 678
467 499
465 355
387 725
149 422
118 750
648 612
822 277
217 689
758 232
1054 752
316 1028
992 358
117 948
1052 558
553 763
551 391
609 35
103 513
757 246
651 80
769 434
250 279
695 624
782 525
570 755
137 291
497 286
553 104
39 163
780 731
652 1012
521 882
665 1022
629 493
39 969
397 916
633 946
562 247
399 68
640 656
444 238
678 592
555 77
495 511
990 534
1023 1047
591 337
316 1065
7 210
437 878
1066 1013
574 926
115 84
1033 628
1029 899
397 346
101 29
247 594
611 520
140 398
915 189
252 603
578 466
971 749
404 516
657 254
566 957
707 930
139 328
911 960
294 274
291 681
921 568
853 766
911 919
93 260
101 462
279 506
1040 266
457 888
784 964
407 545
755 690
7 377
456 792
778 333
708 459
476 613
1014 450
462 790
549 887
660 337
19 1021
186 491
746 439
674 341
744 675
212 537
646 778
579 455
700 677
582 319
966 304
942 438
687 954
258 542
717 556
289 793
74 972
977 713
1050 938
391 863
965 836
356 952
171 923
264 220
368 481
386 455
641 705
240 21
815 787
93 48
253 488
546 419
138 994
942 382
229 484
732 897
1007 914
508 1015
983 218
774 22
397 647
890 1013
854 936
296 60
632 80
183 295
90 1037
369 806
845 425
805 41
232 384
268 802
979 848
796 138
423 273
324 395
1005 69
443 354
872 713
1062 1019
904 600
159 768
482 111
581 290
840 642
754 737
1001 88
630 810
643 632
831 411
681 137
891 225
882 375
841 531
1031 79
103 918
493 312
846 726
810 146
390 606
1020 654
543 423
14 27
248 783
452 175
164 756
618 98
1063 923
282 925
78 887
914 34
794 853
675 8
602 100
240 392
740 576
776 639
687 646
265 342
800 841
925 742
699 27
271 405
315 317
826 668
390 911
680 203
242 891
252 947
731 611
1 709
239 866
928 199
335 292
1004 877
959 62
621 871
796 312
62 251
573 958
815 989
229 682
205 500
1041 46
375 933
572 282
268 913
290 907
592 567
781 981
683 111
546 674
967 212
194 893
36 180
704 949
854 762
722 1040
60 157
391 868
598 313
203 910
980 1060
274 428
832 554
470 12
312 138
390 960
906 58
1039 855
410 589
799 151
702 371
273 608
513 918
454 531
780 611
428 804
85 373
72 786
325 668
115 219
829 461
455 730
118 761
256 552
20 463
659 810
246 269
890 468
315 560
161 276
411 649
141 332
76 46
125 858
731 595
1059 746
866 431
997 679
414 386
749 988
574 243
1024 427
314 385
667 122
95 589
410 435
429 599
325 800
281 370
5 1068
4 978
927 309
45 127
593 208
676 837
571 346
450 204
464 460
441 149
508 269
917 889
396 108
143 155
214 608
853 224
201 540
550 72
724 1055
624 75
832 844
400 654
52 490
514 376
992 817
756 268
731 940
806 626
743 359
736 502
904 111
310 528
88 838
943 223
512 727
1035 78
516 966
425 967
928 589
954 200
1022 523
670 725
838 915
19 735
981 619
525 151
327 197
1036 188
136 67
167 82
675 159
255 638
635 1038
993 878
295 196
571 307
381 1039
205 512
621 317
702 12
299 947
44 697
85 798
53 965
959 251
418 885
507 818
554 1064
332 9
774 234
376 517
826 325
506 321
813 584
871 665
92 354
902 863
956 789
176 221
491 502
489 615
594 562
645 844
808 555
821 710
558 552
1035 88
160 515
458 6
883 981
422 951
607 295
451 185
805 185
479 29
321 124
753 468
847 869
928 95
363 876
830 727
682 484
429 1048
56 157
360 664
51 690
1036 788
285 985
721 379
964 502
70 314
44 879
478 764
768 809
43 163
962 968
796 873
240 156
248 1064
606 911
785 158
467 364
564 348
543 513
1029 973
233 160
308 903
751 1068
388 284
62 535
283 448
119 1051
544 393
527 230
795 576
524 752
580 450
644 264
1067 157
685 592
419 201
239 420
1037 700
543 918
357 176
722 133
112 173
24 435
1009 896
791 1033
58 1066
587 989
862 10
532 998
572 716
867 469
582 728
936 165
97 983
399 961
882 329
650 428
551 868
898 154
604 231
89 645
752 1004
349 951
73 396
196 737
819 216
806 634
292 1043
233 436
18 917
37 781
490 636
845 773
779 654
150 729
283 794
588 23
220 343
595 780
235 729
175 958
828 350
597 886
442 758
509 412
81 427
228 16
863 323
1027 359
833 260
842 1018
1018 171
388 195
298 565
20 805
603 947
843 395
353 439
140 409
767 884
381 177
100 975
302 170
963 15
131 236
54 453
24 575
709 1017
784 843
716 925
581 510
256 49
483 365
982 692
753 906
293 387
955 406
964 123
534 874
355 478
389 772
297 503
456 496
524 598
748 610
120 187
87 1006
586 404
943 148
783 113
335 691
402 81
44 978
71 284
669 83
371 271
740 672
414 730
446 727
23 1055
30 708
314 485
903 701
449 366
975 602
145 870
948 107
1029 668
637 858
341 36
580 639
424 318
550 953
549 413
522 41
300 601
1060 935
658 764
174 750
507 328
503 444
250 555
444 847
46 121
530 520
678 335
53 363
451 396
501 1051
48 930
681 694
430 746
543 563
378 381
900 96
489 494
178 207
218 943
222 1011
26 923
773 967
267 900
695 75
736 596
732 986
257 820
287 341
864 57
465 661
624 1058
414 650
31 667
734 584
32 206
1062 191
961 222
271 922
791 901
1038 245
634 890
324 501
161 132
311 334
786 118
399 278
640 1012
158 352
569 717
547 733
61 277
380 1025
540 546
701 1011
995 2
32 22
1008 870
1037 677
171 946
747 181
12 371
105 561
1044 145
266 206
294 428
369 634
709 827
615 234
263 510
862 822
397 571
372 998
890 626
580 776
712 864
196 464
982 42
574 789
562 169
158 40
937 331
217 293
440 338
763 104
134 180
19 888
896 404
677 840
461 433
735 693
920 1036
125 339
1020 676
1019 237
344 749
497 760
216 290
442 232
588 1042
549 572
167 579
768 655
90 700
438 439
208 800
186 365
881 198
164 379
603 299
808 77
73 108
820 34
630 299
884 655
591 660
817 974
221 357
993 437
243 789
112 561
455 167
879 697
495 885
855 177
1057 602
823 680
1053 132
169 577
58 984
82 579
953 285
846 738
934 470
567 678
249 269
1055 1042
939 68
449 616
773 594
781 663
17 860
591 979
661 139
812 669
191 868
993 1040
696 345
699 998
829 433
340 368
486 500
87 49
684 717
912 188
187 441
607 296
695 401
605 525
563 608
235 712
221 170
51 198
754 64
56 999
368 507
733 306
620 772
771 170
745 227
1003 376
253 785
1040 133
226 584
618 434
337 91
830 446
782 720
368 614
301 523
767 159
679 308
968 421
581 216
526 387
228 805
38 899
394 390
741 168
205 825
1025 372
477 263
825 529
278 68
121 76
288 115
721 756
400 676
747 595
50 798
524 877
336 635
959 972
417 127
280 987
750 856
379 226
91 281
69 129
564 1034
764 914
206 775
1002 909
350 429
10 277
643 1042
796 493
43 39
723 821
310 432
886 1032
850 1002
69 142
880 469
453 342
658 914
684 569
98 434
332 448
518 865
480 707
822 10
600 482
313 610
658 1007
403 73
294 130
1031 861
921 707
882 933
484 819
788 270
817 358
393 782
125 144
5 438
65 83
772 672
1044 1008
941 184
905 59
458 945
980 962
638 131
986 61
619 409
448 141
340 614
330 1045
779 326
351 537
557 886
790 714
622 576
1043 1028
694 358
670 259
245 848
340 178
471 348
745 1019
957 987
605 799
856 708
297 238
70 485
194 635
309 13
447 1065
468 1013
838 1001
938 213
209 249
623 264
903 679
1059 438
375 329
262 988
522 228
695 107
71 618
1001 583
1010 327
784 123
291 472
81 669
297 444
944 116
90 885
176 625
1 1017
150 708
420 713
412 617
642 995
1066 753
1066 468
413 887
248 554
463 451
609 165
940 595
985 195
761 786
569 892
929 154
851 641
568 326
407 1053
983 943
539 723
931 689
84 214
208 841
509 886
38 152
894 399
226 734
181 676
6 945
416 308
932 162
230 192
803 951
835 250
891 806
1054 13
142 915
834 880
609 936
549 78
880 307
514 859
688 740
304 160
383 763
41 20
445 291
859 763
373 394
240 682
361 664
476 833
153 321
599 350
875 509
590 1047
949 104
280 566
189 1005
839 398
99 539
1011 308
356 742
117 585
550 761
699 532
490 166
941 475
1034 905
692 705
235 57
942 1059
1054 1004
321 686
844 132
437 96
336 194
901 165
651 215
616 1039
484 156
503 869
11 604
303 1022
154 631
154 330
725 293
103 792
629 762
256 87
65 879
982 909
901 609
146 947
941 380
922 405
949 207
1054 309
433 26
65 669
136 64
296 295
859 383
454 561
566 73
72 114
302 511
797 946
182 1014
1015 757
121 1
363 836
420 872
939 1046
923 1018
129 1005
908 517
662 952
1058 1033
208 325
231 11
910 680
665 301
1046 67
792 360
520 780
991 843
518 472
179 709
393 720
426 466
744 163
902 323
515 304
758 577
111 600
572 413
836 92
740 211
436 80
981 663
1002 197
336 893
854 165
258 231
642 483
54 265
989 86
683 482
401 117
803 636
881 504
922 673
926 243
617 155
795 622
304 703
333 698
344 759
37 498
996 244
714 479
370 91
498 663
530 23
657 765
859 1003
526 259
997 972
79 1000
323 391
879 83
876 249
653 56
234 494
114 550
278 939
956 1050
343 485
384 758
842 171
581 907
638 601
724 643
589 199
161 844
474 253
219 273
511 418
172 371
489 417
839 1050
1061 1026
17 286
207 104
633 842
718 318
902 286
298 733
118 174
830 937
451 403
605 151
666 998
742 716
409 398
727 541
330 898
866 872
577 247
1025 184
109 604
893 1012
220 849
953 114
174 536
744 809
416 972
199 811
794 766
552 1052
186 995
898 1045
230 1027
828 497
239 872
265 203
32 774
687 200
831 757
628 1058
1013 626
770 318
105 173
496 103
147 320
314 739
881 755
167 386
302 357
473 153
819 290
696 916
125 473
855 616
919 912
700 840
934 599
415 568
319 862
742 662
618 102
713 106
188 919
80 193
984 963
266 814
346 696
1016 63
454 593
795 211
521 627
374 1026
139 818
889 545
908 162
477 55
604 258
1059 439
143 875
778 968
191 551
491 596
1041 76
788 653
418 495
227 1019
644 223
627 176
205 486
488 474
715 816
159 809
241 527
320 738
749 685
1000 831
712 57
460 136
828 17
522 16
305 39
860 863
246 508
565 200
950 338
883 781
746 353
97 374
320 569
155 766
992 694
839 140
753 58
760 429
544 28
1024 738
917 659
382 751
576 211
938 839
1037 885
596 502
661 818
105 112
275 705
473 144
887 1035
348 59
300 255
976 825
542 861
106 977
526 670
820 4
126 1030
873 629
170 357
358 974
331 719
824 210
1023 974
726 1024
693 590
1014 204
1055 588
1032 557
464 737
732 305
962 935
477 559
505 616
59 1056
77 250
703 515
852 474
892 684
296 1067
706 741
866 347
273 563
263 55
144 124
862 728
533 262
156 21
627 625
533 457
475 600
50 990
424 613
954 306
1061 490
8 163
475 904
108 566
1042 724
1007 34
213 789
900 878
585 435
479 462
715 281
875 597
704 207
316 33
682 156
222 894
487 588
424 718
803 349
770 424
507 614
873 762
89 545
775 814
452 958
147 846
224 794
505 449
127 913
937 719
166 52
174 786
303 11
652 194
249 363
836 53
883 619
330 884
664 1065
181 837
68 1046
396 403
924 297
1021 457
957 280
247 169
71 102
856 536
233 651
480 930
362 441
324 119
453 265
920 999
210 354
145 254
253 14
64 460
351 522
94 92
790 116
542 1031
257 978
622 671
74 997
732 969
276 1064
827 1017
852 532
36 134
142 189
432 311
493 873
272 917
36 287
347 431
845 538
224 283
486 512
487 520
306 200
513 423
373 50
334 432
94 354
842 946
1009 586
129 173
1053 89
538 594
820 978
1048 470
1023 122
326 415
1000 411
169 442
531 593
381 855
312 994
369 891
393 28
1015 246
394 85
242 369
653 999
476 93
1018 1063
590 1023
17 497
142 838
692 850
219 214
953 985
437 133
929 631
610 910
84 288
446 331
74 251
723 1049
24 117
1068 82
539 1049
18 545
640 116
698 778
220 623
254 765
586 516
113 657
310 334
158 488
797 633
810 272
458 865
276 554
353 950
266 722
996 359
966 703
827 182
534 86
1006 49
957 108
623 343
322 197
874 815
219 608
599 1048
819 229
329 175
686 506
849 264
55 63
638 578
505 366
773 538
1068 382
361 447
857 525
141 9
149 807
201 199
822 319
620 987
274 650
1051 378
715 6
871 560
970 129
558 256
542 109
275 641
694 137
215 233
467 991
343 70
548 375
559 63
72 761
907 263
225 900
702 470
540 811
756 777
172 922
567 335
791 35
979 660
945 865
733 565
1003 383
257 44
913 802
420 977
666 1025
84 864
280 389
292 691
837 1020
907 510
646 333
373 798
198 690
4 34
927 130
47 504
770 613
27 532
492 345
959 74
971 344
1053 645
380 475
1027 743
14 474
701 894
152 973
202 635
821 573
133 993
242 267
1069 573
976 529
378 501
1065 33
307 647
333 687
739 47
797 406
21 300
307 469
516 519
447 664
626 634
1067 60
54 203
1067 607
323 868
775 774
611 530
956 574
944 714
793 556
492 1016
539 869
270 1036
54 680
