8424 8423
1794 8395
3185 3035
2510 3536
6011 3371
839 7863
4486 7456
148 5746
8284 3400
3430 204
6904 7269
1623 7539
7955 672
7709 5076
1228 1941
6495 7311
4765 4265
7903 8216
2020 1942
2422 877
6719 2368
962 501
7059 1643
1133 1576
5552 5382
4138 5985
6824 2227
367 1581
2259 4888
3619 7083
892 453
5357 2889
3674 5107
3337 2905
2760 2355
3916 3267
2929 1817
7603 8179
1443 661
5749 6832
6643 2144
2460 3693
7033 4964
1081 162
1309 1160
677 6492
2574 7180
1632 6113
6265 5127
3202 6636
5331 6524
7562 553
6708 4649
43 97
1624 6099
6416 7321
8281 4562
6447 5827
2552 681
2670 5110
7700 191
1606 4197
1841 5907
5661 4355
4139 1662
1417 1133
1603 7363
891 3322
1944 2273
2571 5936
4965 8265
4948 5204
5415 5011
4057 6826
890 5105
2040 5362
431 3299
3482 537
2975 3222
1323 2917
7084 161
3708 4422
7498 6744
7554 5722
6810 7465
6257 1506
170 2615
5329 5967
7548 1200
3350 1825
7993 6719
1802 1789
3507 6062
1841 447
7988 851
7507 4239
3373 7776
1382 6536
4203 5578
2831 166
456 838
5632 1945
601 655
58 6047
3937 2436
2844 7640
2366 6343
5682 5107
7034 738
7987 5558
8313 6999
3985 1019
4999 6169
3201 2494
8280 606
1627 3409
1901 7000
6035 5845
7041 3251
1657 7132
492 5658
5170 6890
4892 6692
2786 2863
1123 6749
1339 7849
5993 2406
3332 662
7002 2950
3260 1979
2309 8307
6540 3035
8298 5830
6731 7714
6262 1838
6779 797
157 6372
7056 3421
7792 3682
1766 2395
5443 1408
2592 1973
6082 7270
1952 499
1121 6109
157 4364
2062 6077
4525 6369
7941 2227
6174 798
3277 581
3782 4161
6567 2635
631 7387
5327 3963
367 296
1925 6133
6447 6694
5811 5008
1712 4187
5444 4803
5931 151
45 3395
3490 6810
5786 7981
4948 6129
5713 6355
732 3296
539 5381
3820 6246
5421 4928
140 1001
1342 6484
2817 4178
5753 1522
6863 399
5256 7084
7707 3808
864 6572
3840 6635
4550 1308
3551 1965
7048 3925
5386 7872
1714 5976
6079 1596
4944 8067
5346 7062
788 5937
2475 479
5016 2195
51 6427
307 1985
73 5384
3176 3318
5194 622
1516 6977
2543 1194
1804 1348
4306 898
6685 2657
2363 7277
7080 6096
5628 4144
7190 6602
3403 3527
1479 8228
2613 4182
7675 1928
4360 251
385 7067
4645 5091
6397 7748
8081 3757
5611 2952
7048 1091
6918 6016
5904 468
56 461
331 3124
8125 3515
2519 4649
3205 50
6095 790
7028 7763
7913 3590
1062 7763
3893 565
2434 1909
854 4570
189 6847
227 1990
754 4225
8404 949
6104 5253
8101 4132
3642 2856
2447 3213
8137 7553
6590 4811
4386 942
6275 2684
3743 1498
2734 7759
2968 1500
88 889
7632 61
2014 4399
66 5686
6584 608
7281 5989
1654 7840
1573 799
1475 5840
5936 8192
144 2314
825 7170
3194 2816
2954 7130
3989 7364
3397 4951
928 8381
353 5154
2162 589
2526 5348
222 3425
2498 8102
134 4576
3947 1002
7644 7095
4054 3081
7980 5386
1199 5393
3905 2115
4629 100
6779 7291
587 1268
345 6653
3452 4633
4979 2648
1464 3055
269 4727
4788 6507
2104 5186
3416 8392
4115 401
7030 2317
3064 2948
6417 6561
7962 820
6132 4780
4655 6601
4401 2087
8121 3397
5635 3008
8116 1556
4127 1947
7020 2192
3814 8374
4947 2540
2284 1893
4093 8003
975 4933
4524 7391
7377 5121
3832 7552
1196 2329
3738 1966
1770 5045
770 5075
4789 634
1073 4445
1853 2717
6607 5592
8219 4766
1368 830
2442 4757
4108 1516
3970 6672
5221 5721
7931 3947
6405 2121
3509 3123
7636 4815
3443 2738
7195 5142
7523 8003
2642 7581
5778 4849
7967 1943
5070 2361
4786 4539
2021 5681
5413 485
840 4159
4458 3982
4184 3585
6921 5581
2169 4389
4651 6677
1805 7965
694 651
6762 2973
398 3203
4046 7209
4255 7288
771 6628
7669 3564
8073 2642
6492 2809
5805 797
7172 873
8174 721
5831 6538
537 2572
371 1350
5303 1971
817 488
4888 1188
7067 7261
2592 1011
6048 5410
5350 4074
8266 4912
3188 6483
6283 6056
3450 3637
4868 3992
4362 2049
5152 1550
3168 3253
4265 3324
4160 6468
6695 2153
4812 4437
853 2636
1393 4394
7590 5649
5270 7601
7803 8212
6099 3449
6440 6508
7538 5044
963 7054
4904 3029
3518 4641
7573 3210
6979 3984
7114 6925
4325 6245
2792 2361
8150 3319
7491 19
4622 5338
733 5553
2609 5354
5898 1909
807 3110
373 3568
6754 8109
4582 5143
3449 752
4161 5381
2075 346
4475 1089
104 2556
4364 4582
7324 7583
7323 6046
4259 5600
6778 2281
624 1274
8275 3613
8216 1705
1049 897
524 4113
3694 3570
3877 7899
623 2738
7734 7986
5381 780
8168 4402
8156 754
4495 610
2372 4110
4460 1916
1535 7192
2443 8281
4152 2017
3045 227
7793 4628
8029 3934
3622 5626
7651 7770
5388 6584
6605 6420
441 696
727 2295
4328 5815
8167 1775
1061 7917
1132 1191
7710 613
2902 7378
5440 4260
4660 6598
127 6709
1340 1989
5510 7071
2313 1261
4530 7696
2432 6949
3113 972
2621 5032
4438 7581
7367 2976
1488 5695
5057 7439
4097 1657
7271 1540
4176 3014
5598 8309
3218 2862
5003 542
5714 6884
7285 77
6160 7683
4662 7541
2099 3981
2425 8129
4189 7642
7418 3029
238 3799
8073 674
3717 2488
5549 7794
6486 5453
3518 7160
902 5012
1149 211
4244 8236
4789 5129
1084 3306
7515 690
7410 8346
47 4261
916 4519
4103 4803
2203 8286
5670 6712
2701 3543
5449 2022
1231 963
7882 8267
7391 6135
3658 4234
2642 7157
3781 445
3889 3102
1375 6805
7430 6012
4489 2212
5671 4799
2782 4886
5561 3548
7559 3079
6238 119
8360 6742
3878 4134
8274 3583
7374 2818
6695 293
8383 2585
38 5462
7374 6919
1564 7745
2743 564
7128 7384
7902 114
5758 2336
4647 8248
2601 1009
5864 7652
6461 7302
6993 5278
7719 1795
1468 8239
5179 5183
6381 1329
5925 75
5832 5085
3097 5706
5576 1088
1348 2073
8318 2172
3623 2457
485 5220
4993 7714
1276 5694
5972 1774
6116 853
3885 7721
373 1481
3642 3582
697 4836
8092 3372
7883 5456
976 3772
2452 5504
7886 8291
5710 6563
413 1660
751 6285
5744 6760
177 4495
7323 6019
6177 6149
6973 5666
2103 4482
5619 565
7909 3665
2860 7196
1088 6071
3341 1678
2793 3621
3411 8127
1967 5454
2401 3846
5991 15
4941 1781
914 3495
1514 729
8234 6521
4799 2780
1987 4669
2508 5459
3748 160
4426 5739
5088 7290
6816 7266
5167 7703
5856 7005
6629 5918
1402 1630
3963 6632
8226 4977
6366 3993
5730 7419
150 1618
3807 6042
5304 7286
2611 2647
7406 6022
7885 4550
1292 1962
6732 1872
6954 3287
4986 2055
1220 1057
103 6771
2452 7486
6248 1174
6861 7703
7354 7220
7884 405
2714 4178
7503 448
2930 5284
4311 914
4479 5055
7715 562
5124 2939
777 7487
7843 8213
7224 2143
6745 6982
8423 2430
3360 2978
1443 7660
1538 2804
2181 5754
5054 2481
6626 8418
5381 8118
1872 3956
4886 1905
6944 1556
3726 6414
7888 1115
6100 1396
7070 4439
3749 5143
4822 5811
1163 4354
2953 2828
1901 7147
428 4172
5068 2630
7997 6102
6499 8027
291 1462
32 2423
1871 2692
2861 1930
8285 2171
7993 2379
1723 7247
3012 2459
3308 8228
1956 8266
8345 6128
8041 2332
3148 2335
867 3844
5151 208
2194 2683
3729 3412
5465 4865
2066 7133
264 3002
2080 1814
318 4709
1232 484
145 1408
4372 1388
397 1682
7483 4769
1531 272
5272 3231
6722 1503
5444 378
7123 6877
4567 2005
2090 8411
4420 7413
3236 2562
7734 6514
2933 834
2112 380
3841 2850
6787 884
511 5125
7669 2534
1570 2979
1531 2292
3355 1244
4946 2887
2787 198
1782 2702
4564 3497
5723 6303
1986 643
1076 2960
6068 1278
672 2175
5678 3169
6869 4628
8406 5199
6782 6988
1035 2560
2881 7665
5073 1465
6006 4162
4458 1640
2867 8075
1396 2906
5807 4820
1938 6138
5889 8382
1972 3150
3958 1371
5916 5958
4605 8146
5978 7001
7892 7699
2523 6388
1916 3010
4334 5305
8249 4357
2455 985
7436 1496
1013 517
5986 2992
1884 7019
6040 3613
1844 7320
2165 6162
7586 4340
6928 3686
1749 2597
3836 1874
1583 4574
13 4065
2121 8032
3345 54
613 1184
3594 3714
8034 1018
7841 5679
5588 7233
2247 1038
4857 5186
484 4002
2765 2002
4737 336
1623 8058
1080 2489
8054 6987
6267 1063
4092 3153
177 4312
2063 1465
1599 6967
2158 3851
4468 2648
424 556
3645 5998
5820 5638
8146 1045
4140 6866
4875 8419
4235 335
5328 2092
7538 311
2326 4798
2923 171
6595 7453
6898 5897
3362 94
7441 2095
8107 4044
7389 6635
4081 4466
4314 7442
8335 3577
1698 2251
7555 706
4065 4516
3047 3969
6645 2656
1086 4258
3012 7181
3848 5956
1694 8394
2362 2562
3333 2085
8351 3404
312 7385
8241 8209
6338 3111
980 8186
6263 4958
6073 3061
6094 3585
1972 7881
7813 7716
7455 5961
3104 5056
3868 7976
901 3729
322 1653
3574 4180
5335 4248
250 8121
5902 7195
1398 1888
428 2155
5711 3011
469 5848
1559 2001
2523 3263
3691 3250
5197 3653
1929 5220
3382 5843
5313 2317
4218 5675
3042 3163
6444 1705
1098 7242
8198 5069
773 775
5279 2331
5693 5735
5093 6016
8029 2561
2023 1047
4057 1700
7579 3995
5711 7654
1163 6484
2385 5136
5 1420
38 6923
4163 2158
7989 6314
1692 6417
2367 6733
4546 7087
4633 6723
7776 3422
2502 3620
7854 5351
4636 8074
5516 6883
7417 4132
3192 6580
1613 662
3389 6472
6166 4226
7251 1894
6236 730
4660 2035
8055 408
3260 5640
7714 6792
3206 1537
8133 1533
1858 2605
8287 6060
8157 3294
1712 2248
2120 331
1971 4018
414 4931
5734 1445
5836 507
7557 2529
743 6524
7939 7083
4277 6745
1351 5265
790 1911
549 3082
3845 3823
5217 4784
7592 1837
7398 2806
4655 3459
1670 7872
7431 126
2494 2837
6301 2888
5324 570
7150 148
7441 941
2025 353
555 1204
487 5025
7145 305
8293 1371
999 3436
1555 8273
1976 4080
2390 172
2921 133
749 5394
4018 6895
8104 4503
5100 1684
4802 3102
6347 1589
4731 6202
7968 2626
7523 2077
4343 6172
681 1899
5900 3514
7474 3071
3185 7908
1586 1639
2424 3272
6815 1308
4945 4353
2840 6066
1335 3389
1129 5082
989 2607
4106 3375
7350 688
2628 2055
5262 828
4856 1128
5855 3097
8093 3141
2523 1915
2605 5891
3980 3679
665 1545
2416 290
8098 6120
1759 3639
3739 7043
154 3202
8015 7026
4831 2912
4523 7845
2842 1151
4058 5440
1750 2858
5769 5281
3378 1963
5084 1160
5111 5813
6109 3861
3525 2468
7127 1050
8095 33
5849 7563
3305 1201
2064 3442
4672 7833
2654 7116
4771 7975
3410 6369
2335 1417
529 796
8005 1693
5741 3211
5917 3837
8414 1345
6261 5173
5128 551
5074 2441
4059 4609
1752 1605
8281 731
5059 396
8176 3849
5538 4600
277 863
6445 3698
3373 15
8222 5343
3196 3654
1722 2086
6638 1023
1303 6661
4987 661
1070 4810
700 2938
8082 693
5729 6576
2927 8203
1167 4670
4840 6093
4155 6319
8398 6087
4205 571
2712 5887
4062 4887
429 5426
497 6271
5056 5496
7178 3693
8344 3239
8125 8189
7895 270
3158 3668
2561 4459
1590 4649
4729 5846
3340 1161
6312 6605
4689 4952
6571 3251
4946 8397
8046 7604
4695 1016
2625 3906
4050 7088
2508 5693
5123 3545
1178 421
2135 4102
2033 7014
4376 1874
1226 7076
757 6384
3165 7875
8007 1207
4972 3762
893 627
2444 6173
8144 2058
162 450
422 4989
5959 624
7237 227
5365 2628
1946 8078
6682 3438
1391 5213
626 2320
3448 849
1515 7992
3081 372
8210 7581
6375 5282
1095 1519
6754 1995
4757 7518
6707 7097
4407 6176
6753 5251
557 4477
7799 7886
1507 1223
3300 5045
3386 7707
4396 2811
5831 5986
7912 359
2480 4512
3940 4713
7024 5831
1311 4780
2962 2547
3736 398
6032 8345
1002 2156
4404 4809
963 7356
589 1334
5703 4392
1401 3678
7000 3647
618 2189
330 49
4449 2085
5243 4770
7331 5612
1880 6016
5174 4858
4452 1791
8194 885
7128 952
4157 5115
7313 3126
7488 7518
6909 3276
5422 2974
1589 2930
6066 5445
7489 6528
1547 3690
5555 4768
2207 6239
4082 1808
5984 6888
5185 6001
3542 3629
691 7902
8124 3847
1031 2563
6049 3941
2852 6728
951 4964
2672 2605
5729 3890
6963 3227
891 2448
5927 7334
3079 5159
1081 5826
2766 4981
886 1805
1128 5570
5150 7034
1394 231
8286 6917
7869 4401
6130 155
2053 3930
6304 2213
6778 5361
7031 6034
1894 3271
14 512
3972 4145
7922 5458
7263 6556
7871 2069
1551 6594
381 2169
4463 6018
1741 2795
4957 4618
8060 7997
3417 3138
3414 1812
2390 1206
4369 6259
5184 4207
249 5882
6216 8099
6089 7316
8260 7644
2174 4374
8240 7305
7638 7915
3251 1324
2209 3299
7318 5020
7828 7845
364 7296
8218 6989
5288 5365
4920 5334
5629 2180
6831 4556
6676 8311
8148 6619
304 5477
904 2397
3845 3516
7632 6167
6353 7362
3865 1666
3405 6693
3669 4900
6251 7968
5011 7138
7141 507
1954 5480
7671 4329
6764 6445
2619 3511
3732 7910
2872 2558
363 804
4880 774
2143 7210
2806 5040
7565 3996
4593 4094
7075 7595
5177 5580
3888 92
3912 8000
5712 1105
2192 8114
8104 709
5500 4801
4781 1731
1728 4142
1924 440
8193 6428
599 1404
5564 3104
8214 695
5524 527
3264 4510
6489 3776
3006 2847
592 3074
7173 5815
4280 7314
3013 8368
489 8375
5418 2648
3650 7553
5442 3379
7541 2970
3240 7795
3036 1633
6071 7186
1801 427
3520 2519
3501 1699
8151 4190
3572 224
3530 1437
4884 4983
1302 3524
992 4954
7141 2358
5191 3563
744 7327
5302 8359
1153 3193
667 56
8263 1488
7157 8052
4671 5249
382 1357
2940 5792
1324 305
347 7561
3542 3243
6141 4147
922 5124
472 2086
3132 5591
2229 5477
7261 7912
3381 5973
6268 1053
5695 7943
1714 7349
2256 6960
94 6251
3532 2971
6502 3567
8345 6045
3753 1476
370 2830
5198 3736
1465 5379
8023 7927
7773 3467
4993 3407
3721 4081
1844 4301
3703 7698
594 8311
8321 2593
2354 623
8300 1099
990 7744
5424 7301
7276 6001
5367 5461
1502 6133
2514 2652
6042 6433
6605 4842
3753 1936
1736 7624
482 1491
1085 6207
7876 4701
5705 1617
1375 250
2847 3733
182 4147
3345 5854
1868 4869
6661 871
2887 3786
2663 7463
6308 5341
2145 7629
5705 37
5469 7915
3340 2697
4408 2923
1789 2464
8423 5806
7811 6061
6307 3264
1168 4150
1223 5583
6342 1925
7252 4553
3817 3648
240 3432
2928 230
7458 2940
2850 5922
2189 2232
5163 7615
4283 2022
6958 7359
464 2596
8240 2733
5685 2150
3626 4188
2556 8227
515 3432
6634 5034
4542 4844
4969 3367
4898 7267
6753 3178
7219 6530
1244 1314
8410 6896
338 7780
581 5325
1201 3652
6889 6206
4652 1073
981 6258
44 6696
4795 7026
1594 7257
6151 7246
3529 6251
4523 5342
6505 2606
7535 4508
1440 1222
5684 8125
7044 8223
5762 108
3891 3190
7602 2638
3281 3036
5736 2264
7008 5988
4502 8019
5901 4391
677 6592
2696 3401
8022 4581
5933 1098
2640 324
3424 4631
4499 6030
1701 6556
6638 6741
8299 3672
1318 3344
3194 2164
5098 454
7800 7225
793 7019
6692 1058
2535 7350
4069 711
825 4005
2813 5252
2357 4284
1412 3032
275 2870
5635 1050
3990 4971
3191 3598
112 5832
5345 7711
7518 345
8206 1177
5293 2442
4653 6403
1064 1036
564 6433
1072 1319
604 1576
5523 1566
6585 5560
1680 3405
4713 5371
2617 6438
7131 6244
7566 6842
7704 4020
7209 4851
2017 4919
5683 3221
58 2105
2560 6820
1770 1071
2421 2744
3363 6249
6082 4310
5357 6072
6107 8225
7933 1517
4847 1861
2981 6162
7356 2174
2792 6487
6327 4656
3716 5121
4598 8418
4601 606
5327 8296
1610 2893
596 3872
7017 7594
3720 77
3645 1631
722 4270
325 4182
4290 779
6685 1787
2322 3030
6247 2194
3033 6002
6055 7582
1361 3954
894 1154
3002 5717
3180 1280
4206 1217
4662 2306
6868 234
6390 8325
1145 1952
3758 5563
63 5623
390 5945
8056 1503
327 8292
3577 2219
7807 3641
6181 6657
5798 3186
4722 708
6632 6978
7281 4371
7144 4852
8075 2545
5939 6698
4323 4663
1757 8404
2034 2300
5807 8297
8267 2762
395 4003
1437 6004
7418 7856
5457 7768
6366 7944
4051 7870
2458 536
6560 2705
4920 357
4092 4606
4685 2778
4174 1272
1743 6353
7621 2653
6470 643
5943 5758
719 6933
2731 959
8393 642
723 3632
7424 6424
2703 5273
5360 469
3133 7821
2604 7954
3981 1914
979 6017
1778 3183
986 5033
5798 1010
1823 3299
986 1593
2883 6796
4631 1500
6265 4804
5122 1662
7109 7595
8224 5911
7275 3695
8399 3114
5107 3050
6577 3383
8112 6858
1086 5420
3714 3757
8286 4183
4302 6058
7194 5335
5511 1591
7571 882
1270 4072
5718 6070
1471 7695
6810 2014
152 1480
7744 787
6484 3394
7742 718
3597 7831
7765 1667
702 7513
4335 4397
2953 3955
3555 2772
7710 4761
8163 862
7643 1176
5790 8061
945 246
2481 6816
3539 6450
5540 5871
1258 8166
5732 4078
5995 3187
6460 467
2454 5191
7457 3063
7121 7070
434 2104
47 7188
966 1088
5869 5800
7506 7240
691 5295
4255 257
7917 125
6449 5523
121 2604
4984 2749
1115 6734
8292 682
5714 7985
3184 503
7394 5872
2853 8220
2242 7796
8299 1718
1605 8120
5993 7812
6135 1269
305 5770
5257 6733
8000 139
2783 7849
1862 1791
6062 5491
159 1025
1576 3363
1193 7617
8141 541
7065 7234
767 7505
5036 1781
7867 4743
4363 6514
3640 7500
2756 7199
6599 3157
3680 8328
3876 5346
7801 6616
8031 1377
6510 3344
3091 2956
3409 2791
6448 5979
3956 3254
7677 7020
6801 6477
1254 3129
5000 664
7019 5539
6333 2594
2554 7023
1953 4926
5578 7080
3753 7492
2448 4776
395 6182
6744 4287
530 5882
7045 4041
3182 5642
1209 3488
2876 2503
191 4076
887 5416
2227 1403
5123 3730
5003 1023
3459 5969
928 566
5971 2458
3557 8363
1940 3255
210 4501
1668 7829
3016 106
150 5053
7976 2070
5188 3080
910 4918
2350 1940
199 1414
7874 328
575 1465
4092 5046
1767 3342
3833 2808
5921 7277
8216 8150
5852 3241
5358 831
263 2721
1202 3462
5809 2776
3371 4215
6541 1677
4493 7824
7287 3300
454 5411
2226 8210
2249 846
2259 4433
1096 7741
8262 5576
3110 6854
1207 7258
6701 5326
5601 3643
7076 1528
2982 5760
5042 1269
1332 82
7205 1725
6513 5031
352 956
3327 488
1127 8407
2810 7926
4967 3483
474 950
1872 3105
394 2166
4691 5619
6587 4504
4650 7110
4872 8408
8338 7746
304 3932
6837 6914
1078 7857
2977 4162
1674 2064
3369 2118
4582 7120
3323 6689
6268 5938
5795 6047
4714 2254
5398 5680
4022 5869
4283 4223
6190 567
3107 6302
3931 6959
7027 6783
4059 3674
4055 3567
5925 6420
4799 3283
2378 4227
6646 3633
4372 1854
3834 2812
5975 3433
3722 7087
4318 5392
2341 2901
3654 604
2946 6474
3688 7914
3931 2971
5991 416
2605 1672
4390 7613
4627 1205
2402 3643
4523 3875
7326 636
6643 7838
1057 7585
4668 927
2707 6288
1928 8236
5443 6049
554 1340
8231 187
404 143
5314 2190
6811 8142
6620 3608
250 4317
473 7222
5111 3394
3835 1766
4295 2151
4736 5223
4256 2580
7758 5850
8047 3730
7558 1733
5936 3242
5507 476
6657 2208
2168 7178
3242 2264
4607 637
4095 3614
5664 5938
406 4976
473 8067
4031 4716
4390 5845
1663 6065
5687 1834
4734 3080
6157 6706
1927 5858
6449 7344
6088 4243
4487 433
8004 5068
1955 2417
7977 3774
459 5984
4010 7373
2116 2272
751 308
213 4440
4087 2271
2787 4516
8320 6463
1844 3587
5500 5833
274 6289
5712 3686
5350 5557
5889 4145
3763 3453
7783 4937
3964 3794
1839 5843
119 7003
2127 2654
7322 7169
4927 127
1432 1262
5934 5742
7488 5452
1867 436
7151 1142
1004 7849
6126 2863
6112 2328
3193 5361
4195 6757
3812 7606
5772 5265
4050 6140
4527 1513
2696 4778
8149 8406
2461 6326
3375 1314
5018 6633
5761 1841
279 8246
3451 5569
7986 6713
3406 7141
5223 4808
2056 5386
7527 6212
5666 4016
1961 3888
6124 3044
134 8081
3813 3331
920 6880
6903 5736
1703 3950
3950 1257
6161 6676
5033 7484
5894 4321
1816 1372
5957 3968
1022 612
4273 2403
7297 5037
4403 2000
7097 6586
2278 4003
6857 3133
6240 1780
8417 3702
3798 2722
3148 1860
7405 3731
625 5286
7161 1407
5819 2516
3065 974
7353 2231
5978 4346
515 2332
8112 1166
7218 6509
6805 367
2549 8128
4986 818
4804 2249
5266 5979
7354 5019
5096 8279
1347 937
7312 641
155 4731
1401 2359
6461 4826
3374 4164
4478 1957
2856 7357
7760 7191
8085 5491
1553 1708
701 8131
7599 6219
677 3870
2532 8373
6408 3146
3562 1846
571 1857
5657 5092
5349 1455
165 2958
174 1336
5157 5502
1652 5597
3706 6813
6251 1257
8148 6970
4413 6202
6170 3605
3983 6924
241 1514
8373 6847
6278 4515
5820 6434
8210 1483
4473 7721
6072 738
8032 3131
5071 4440
7582 4376
3499 5552
33 3983
4328 57
2909 4545
2691 5232
1428 1659
7097 5650
6494 3513
1125 7807
4741 7153
7234 3611
2895 3266
8069 2188
7598 5578
332 7367
7559 8191
1463 984
5226 3891
3537 5051
3516 3147
2311 189
6047 6949
2455 3649
6971 6709
1057 2228
7651 4031
2010 5234
1783 8142
1511 5926
4437 736
1162 1369
7464 433
2158 5950
5117 8406
618 8159
7607 3646
4276 2838
5694 5966
4179 4450
7371 2466
5317 6099
2803 7896
4631 2558
7177 4366
7767 996
7470 2669
3528 1271
370 3011
2152 7737
293 2673
2549 7702
7762 732
6092 1988
1147 1038
6515 6057
852 6276
2307 7766
2219 4313
2821 5873
7044 3379
2344 6919
6332 5810
6036 5783
102 5799
7616 3015
2029 8167
8410 8196
8016 2485
4025 2754
5468 1494
3194 5533
3088 5923
6346 291
3356 6606
2537 2919
1544 4899
2096 8080
655 4361
1602 6490
5174 3750
4625 6058
3327 4985
2267 5555
5409 1720
2492 5752
299 6158
6127 6970
387 7315
7961 7427
4052 4375
2469 8079
3960 2777
1971 6919
7936 1836
8305 5905
3747 7345
6789 8339
6195 6039
5367 226
4947 1138
6794 4817
9 4480
1502 3479
7197 6575
1585 245
6682 4593
3482 7221
3519 1231
3694 4355
8081 6503
1901 4500
4543 1175
5090 1626
7112 1771
1912 2893
1284 3168
2967 716
3947 3890
2733 4700
3269 5753
57 3015
3945 1444
2450 3816
1634 402
5181 2665
6570 143
6542 4826
3195 5359
2685 2391
6493 3199
5324 476
6878 218
5891 3238
4264 5791
7527 1349
1132 5574
6935 5635
8038 7401
1446 803
5106 2373
7879 5830
3565 2274
6615 4529
7386 4327
5475 4071
6512 3512
5060 2303
205 1683
3850 401
7711 6125
1431 6203
438 3744
4077 45
5377 233
8025 6122
6131 1443
2016 7600
1241 3494
5674 4498
3860 1636
3036 162
2842 7999
7325 1088
1905 8355
1568 4744
4800 249
8366 1171
1758 4355
5383 6776
4244 2005
906 6241
902 6397
8108 1938
456 904
1859 667
4500 3176
173 4137
2926 8161
8115 488
1541 5777
4680 8119
6177 3386
2977 7977
4767 6856
2903 6941
2223 923
3181 1278
7753 3632
8390 8143
1714 372
7154 4216
4359 6508
4943 5827
2649 367
3596 930
1234 255
8397 4331
4574 683
1143 4378
2587 4244
2374 6797
1436 3069
7149 2337
2598 5053
1840 7122
3016 4763
2332 1802
8250 2649
7103 2140
5810 3927
3258 1208
384 6826
7686 4628
7332 4710
6830 1016
6932 6380
3048 988
794 3709
578 1857
1827 1060
7335 1122
1983 7887
3717 5914
7412 5014
5960 645
298 5386
4506 2960
5473 4590
1101 6666
5063 3329
2114 3118
6636 1760
5677 4213
6171 4356
5227 1258
6326 8352
6885 3810
139 1960
212 2703
4853 1093
5818 6351
6452 4324
8174 8332
6223 6295
3504 6392
3870 185
6175 1115
4680 1677
3745 6881
5972 7099
5132 2060
3235 5889
1091 8412
1567 7958
343 8190
2555 38
7130 536
2172 1577
2306 668
6940 6405
3055 6658
4557 5887
1436 2788
7669 4294
5517 938
7933 7679
1110 484
3893 2414
4586 2962
8092 1507
7968 7966
6371 7885
4257 7663
7340 7890
2288 1435
6113 7484
3512 3105
1905 827
1025 3895
4674 4184
1055 1909
7495 7768
1595 582
699 971
7037 3004
8277 3776
7139 4000
7894 6918
5372 1192
1078 4073
1075 1649
6394 947
7603 7971
1786 6404
4118 2371
7929 2045
4276 4433
4094 5291
1761 6129
4065 4283
2538 2162
5482 447
2516 5105
1426 4457
6940 3988
935 1784
5219 492
1131 2680
5093 2883
4997 6700
6297 6109
90 2818
1625 3419
5210 4181
3467 5015
6271 3211
67 6024
5366 2495
239 6953
6992 2419
514 1285
5414 4269
2844 4997
7544 5563
1958 1250
2466 5662
6530 6232
4254 3590
8306 8411
483 244
5957 7052
1439 2917
777 2913
3335 4935
695 5023
161 4866
1732 6189
5467 1213
3639 6594
7045 1507
4706 7362
3636 5847
4778 278
7905 896
7298 1100
6860 827
2012 6921
123 1354
4703 92
4348 7314
7032 5324
7191 1092
6360 3039
7500 2169
3710 3730
4790 3805
6213 6399
1531 7943
1856 7093
4139 3448
4367 64
7422 1249
6746 5578
5527 231
2988 3246
1922 6339
1084 7170
7965 5043
2689 7529
637 376
7781 5092
3753 1023
4461 2051
6357 56
4806 3428
1873 7976
6045 3560
6412 4162
7876 7595
7967 8
6106 2339
7878 5094
3241 5421
7770 2958
8135 5292
7644 358
755 4434
2583 2129
170 7655
6321 5042
3826 3448
1265 4173
3821 6344
83 4391
5556 3174
3745 7063
2703 6657
6511 136
2735 6438
1385 8285
1975 4571
4994 3047
6806 5415
6243 427
6992 351
2184 6952
1825 5005
5076 4645
424 900
2939 7824
5726 1473
685 352
3616 1525
1903 5129
7366 4082
427 6097
6198 232
5408 4217
6164 3389
613 6551
2283 6967
3303 2079
649 4532
1907 1938
419 8070
7653 7771
6374 5314
3481 3082
1679 2650
2118 7127
5461 5711
711 1907
63 1831
4935 1903
5179 4010
4056 4603
951 2855
8259 7510
6123 6584
1684 3864
4738 6200
1170 5279
8366 6322
4568 1249
6256 1232
7291 3791
6402 3278
1421 7790
4242 5097
4851 6945
5706 1501
1341 7154
6535 698
4991 939
7082 371
4230 5423
472 1825
965 1419
3142 7142
531 5797
7045 4544
1900 3756
6964 7929
8319 7259
494 233
5832 8424
8121 3759
6259 5868
220 7175
7116 2188
2660 93
1044 1197
840 7380
2237 589
5640 3677
5000 6932
7884 3237
6138 8249
2956 7709
7584 6694
879 3300
3168 1687
6578 4479
4725 6599
6842 3176
4117 7257
1595 5281
3488 5513
3191 6897
912 2033
2960 7069
6282 1643
4221 5044
1005 4998
5817 6506
4694 4200
74 5738
8299 7278
739 3246
5048 262
1233 3658
264 2193
3074 5774
5227 5917
8132 8211
1679 3022
423 3973
1049 414
9 3376
1797 4876
4183 3295
8192 1281
5715 4672
3544 3496
484 3782
976 8131
3521 6931
3808 2679
2692 3266
953 5272
6646 5271
46 1494
1451 5187
5602 3162
3799 1087
6664 6159
5585 1484
600 4115
3059 6947
2912 368
242 1115
7190 5158
2041 3682
3039 4744
3620 5536
5876 7802
8403 3533
165 2544
2869 5705
2144 1736
1114 4726
4677 3375
5483 795
5556 7466
5139 5274
364 1186
4538 5469
8274 6306
1662 7350
821 7598
3474 1834
3644 4769
2144 5191
8131 3398
1070 2557
1493 725
3345 2504
3008 4989
1277 1978
6297 2891
7002 734
3416 138
618 450
4299 372
4721 1663
4248 2965
396 3554
4108 2287
5255 5020
2272 2918
6770 5895
3013 183
5688 2827
6882 3158
552 731
643 1360
2993 5547
4721 3816
5586 6166
2020 5414
7942 6909
8058 2652
7084 1892
1192 154
974 3152
4913 5857
4648 2182
2992 635
721 2830
492 5419
6121 705
6571 6747
154 954
6500 5347
197 5998
3106 334
5235 1941
2337 4022
3952 889
2201 8375
2391 384
1414 1242
1920 4330
7231 2399
925 6056
4729 1267
447 8392
336 5603
239 411
1851 1151
3379 3558
814 7659
8249 6165
929 6092
8319 1738
5666 359
480 2799
6894 7351
8229 3247
7950 512
846 4677
176 7966
4665 1064
4328 6360
4135 4975
3418 2860
670 7903
5841 2232
7082 8224
4172 30
8176 4578
2425 6956
3583 6097
8007 4531
6470 5615
7694 258
2448 3000
3627 1636
3763 3275
5361 2477
7611 3887
7103 2837
7736 3095
8246 3213
1761 6262
4128 1139
5599 11
7253 6698
2156 158
5003 6282
6049 854
2883 3059
4986 5103
4193 7744
4869 1418
1584 3974
7911 7809
5023 8100
2315 5166
4505 6478
4089 8155
8278 2683
7136 7849
2647 7628
7090 3111
6076 7411
1602 3257
3078 4494
878 396
6267 2553
7447 5176
348 5856
5818 617
5000 3378
3726 3880
4532 1661
1773 4441
6193 6814
5363 3451
6454 6154
1106 3802
4769 5369
7018 4042
4241 1963
842 1357
2131 8036
2741 4136
6347 4130
4402 509
6984 8033
6565 1506
6581 5628
1668 1380
1426 4135
4952 6474
3280 1702
5999 352
3641 4875
2011 3204
4698 4907
8385 3809
1958 288
5583 3914
6859 5512
3602 7125
5499 6949
3656 8183
4802 3540
1288 507
1215 588
7149 8326
268 2139
7842 7953
1934 7328
7925 5029
846 2618
3648 7076
1602 2857
2048 4693
3136 1633
5523 3964
7104 4374
8289 5748
3351 4682
2687 5331
630 317
6641 4970
7743 989
3419 223
5838 7434
609 5492
1849 444
6214 4101
3771 6400
6871 282
4720 2671
7151 1516
7559 1573
7548 894
8064 1109
3675 5191
5766 959
8411 7620
2095 5311
992 6922
7162 66
7397 7749
2955 633
7213 926
4602 3926
1503 5834
7364 7304
2367 7404
2762 2413
7956 2032
2092 2133
226 4201
7564 5042
3491 7675
1748 6780
2683 5238
1896 6068
7589 402
2402 7631
2721 5788
5651 8377
3038 2719
4023 7893
3642 5910
5395 6497
1558 5181
6997 238
3278 836
1588 1690
6455 7765
884 8207
3301 1067
389 3133
1453 1352
5861 7393
901 3603
6984 472
5848 6692
1333 347
4984 4116
7823 1015
7890 6174
2769 6791
7820 6504
433 726
3365 242
2634 4992
547 5449
5640 2626
4308 7057
4585 1850
6663 2258
4309 6835
7727 1246
1335 3220
8167 7015
3096 4859
3034 2145
7420 6902
6958 209
3230 7756
572 4975
492 6998
3252 8192
6436 5319
6600 1791
7140 923
2779 3465
1720 4322
24 5480
921 1234
7972 7898
6497 7070
4775 5911
2942 2268
6978 7514
6734 2115
6667 190
8138 5406
6682 7580
6613 1855
7569 5628
926 5478
6782 2020
1777 4084
2526 5472
1215 6077
6248 2639
6139 8293
7407 2479
7316 7442
6033 4685
3372 1346
3752 1793
630 8391
6404 4316
949 5773
4139 1399
7630 7808
4684 6777
2280 2554
1689 3798
6426 2425
2237 8297
2638 1697
8346 7741
7790 3420
4950 6019
1635 7909
7973 7293
6876 670
7781 1119
3962 7388
4025 7795
3476 641
5871 7102
1218 2674
6567 4782
1056 5696
1381 3114
7019 6644
6762 7995
7692 21
4131 7903
6881 3257
4110 5142
6278 4548
6351 5863
3268 539
1812 84
2273 175
4414 5176
6645 4219
1177 6205
6533 8110
670 7271
4471 5605
3111 3259
3413 1008
3276 8265
3288 1276
7643 1529
6112 6113
7493 4458
6273 871
7672 6885
6477 5261
3249 3896
3509 5363
7009 7779
6437 4529
4345 3192
3180 2353
7075 7860
4162 2058
5531 235
8185 926
1229 247
5833 6864
235 6433
3198 7298
6557 6180
5567 2853
3496 430
455 6465
984 6813
5895 3390
6096 5789
6323 29
4289 853
8164 5255
4167 6068
4169 289
6006 200
7932 2129
6146 5576
764 338
5278 5233
8339 1297
7384 2114
3730 5770
6877 4324
4049 7081
4973 2804
2190 7282
4068 2224
4860 803
2759 6063
2312 7627
6088 3433
5777 2798
8118 1069
900 2746
653 4738
3357 4423
5087 1883
3105 2275
3618 5243
6516 1089
4000 5101
2233 6476
8015 1320
3740 7426
2383 2431
3090 7442
8005 7792
7323 1264
1671 2077
2829 1394
5274 5696
5407 7667
3915 5467
4044 6901
8070 313
1008 3128
2705 2228
2162 8392
2181 5268
6574 753
4451 2799
2330 2251
6439 6066
2555 4128
3020 914
3636 5696
7805 1463
2249 4417
816 5299
6137 7509
2409 5835
265 2907
2689 3526
838 5781
8191 4753
7226 1914
2406 861
1977 6379
5134 6479
5923 4254
5685 514
5341 6716
7245 6369
4934 1244
828 2349
6157 3394
6437 2306
4661 2159
5761 7502
1950 4833
2067 7991
2655 5365
940 195
6965 352
5398 7859
2588 6394
2873 2178
5672 7840
7899 2513
3527 1721
7013 2051
5181 7991
5135 913
992 6254
6639 6081
2715 37
264 4426
3492 2404
6062 5495
3473 928
3963 5256
8275 978
4781 7320
3238 2
5372 4306
5802 8188
4727 4039
6700 4456
2777 1162
7908 4815
7429 4278
7446 3025
3953 4967
5949 6519
4528 5752
3758 1360
6507 926
7800 7474
4322 2612
6557 5679
1302 1998
6849 2887
4125 564
2258 526
1244 880
151 5557
3265 4341
1314 7279
818 393
6185 256
6473 97
7499 3735
4050 2457
4412 1514
1354 378
511 5016
1914 2346
5490 5102
160 5554
6660 1604
4117 1127
6664 573
722 7345
1276 4509
5430 6259
4027 3453
1897 3602
85 2503
202 2705
2821 1600
3125 1780
1494 3858
8423 5171
4127 5527
3863 6942
4621 3897
7293 2443
616 6887
1449 1365
905 1468
7674 8190
5793 1421
4728 3476
1228 7537
8282 2985
7334 2862
4107 4098
7253 2243
7044 3177
3701 8148
4341 6465
6376 3243
7167 6145
6329 4329
5765 1791
1578 2919
2297 110
252 4777
2894 7074
7459 4703
1888 958
1710 7813
6518 1372
3233 4430
847 3236
5352 5661
511 6482
8114 4516
968 2370
4126 1762
8372 5725
3061 8107
7978 3149
2108 1116
409 4712
6025 3750
4538 5360
6674 6786
7651 8235
4841 3595
5949 7378
5023 5873
5489 7221
3662 1535
5037 4807
8380 403
2137 6632
7052 5175
6449 7168
2280 2571
3358 5291
3219 2932
4682 6129
1338 8350
2216 7450
8405 4923
3416 4065
6634 4349
5732 3940
7347 5185
5880 241
3987 800
3843 3204
2135 2884
2020 7953
8122 3333
1385 881
8149 7801
2266 6225
3650 1553
2723 333
8313 4745
3056 5020
2145 4298
1111 7230
6682 2525
6082 3354
3989 5356
666 6090
7665 5043
2506 3986
3768 381
3142 3092
396 4285
1442 6465
4294 3922
8107 876
1485 7228
655 3252
6341 7103
6345 1086
4282 2835
3816 6221
8247 1865
4178 286
6365 4346
7246 4261
3153 527
7991 6336
3262 3649
3598 5613
5311 1644
5389 4185
7221 746
3582 752
2268 2832
3991 8168
3883 6886
905 5352
4048 7067
1484 8406
8050 5497
4689 5887
1565 1964
4418 7143
2969 1704
6812 3608
8149 4214
742 5646
4500 5047
6911 672
1898 1134
604 187
967 6974
2501 3336
780 3798
2459 5086
284 2843
22 5715
555 1846
6745 4236
5153 7753
6561 3804
5499 6207
3508 8397
4795 5330
1002 6049
180 5471
9 6544
7068 3870
6232 4610
8322 5035
2767 755
4562 2881
6325 5400
1061 3183
5998 3370
6269 7649
6781 7696
7860 6105
503 2217
7 4357
7451 5696
6196 1113
6779 4185
3894 3340
7007 5764
5815 4713
7390 7348
3504 4405
3955 2059
4171 2121
2560 8383
7215 7172
386 6975
4691 1620
1300 1279
2218 3921
7626 5496
1448 1778
3165 5744
3942 1880
4138 4564
4315 7888
1843 6178
948 1479
8415 3247
8047 3122
7823 129
6362 2547
6070 11
5114 3212
789 6305
439 2357
8118 5813
4319 3295
829 4615
5827 7684
760 1608
4554 6354
3676 3840
3673 6163
6748 6735
1910 2961
870 2486
8012 44
1561 2007
6593 458
3058 7852
5601 665
4241 6594
1377 2237
7339 207
3699 4954
25 1058
5396 2341
3537 4056
72 412
1308 3576
6568 3809
3761 1349
604 2789
4725 1262
3857 6048
1581 5861
4182 1122
2581 6636
1329 3714
6212 1545
4932 2378
7591 3744
4396 5727
5624 6497
6053 6438
7760 6705
5180 2156
3768 2210
1074 5197
4167 2695
4691 7709
6700 3316
8318 7099
8367 1352
7267 1908
4619 1903
2808 2418
4246 730
3900 3990
3303 247
1942 4258
6382 2032
4680 6052
7115 5820
3500 4301
437 1236
7467 1543
4060 2583
4076 1497
6432 6101
5832 533
509 7543
7462 5947
7698 350
4346 1960
3218 476
7790 522
2407 8218
893 4899
57 3334
7645 2723
2315 6852
7389 2781
1563 5401
3719 7930
3190 7466
2714 2036
3312 6809
6151 4119
1884 4603
4352 2111
1237 549
5049 5934
6425 1018
4836 4683
5104 1252
2534 4234
206 2289
4318 2831
3512 5912
8363 4415
1926 2689
6284 7470
4705 2013
4050 3307
3347 3767
5946 7946
3770 1977
4479 2580
6134 1932
6886 4464
8201 1798
7985 2574
3939 2154
4512 6865
4100 4613
4387 5265
7685 5695
4113 2313
3978 3054
1275 2112
6417 7643
138 1223
2295 2471
8105 1380
6343 7065
3793 3070
5810 6713
6546 5412
7465 7811
3946 6005
4599 4533
4121 5611
3678 7296
450 3449
1735 1581
4390 2360
3427 6604
4079 3337
974 5018
3898 8094
7260 5719
8198 4706
2511 8380
6237 1306
2100 2743
6204 3679
868 5500
6798 6580
7414 3285
4020 2490
4300 7255
1631 3461
52 6031
157 2738
7224 261
7689 8039
901 7549
7084 5850
3143 4487
3246 947
7241 560
1787 468
4036 6537
2821 1516
863 2054
7277 3939
7662 8334
7389 3495
7489 714
7368 8334
2050 3952
2570 3942
2719 1451
1409 2244
1639 248
8010 170
4624 5609
3249 3026
4694 1842
745 2491
6413 5710
7677 2225
3093 247
1394 6078
3365 1920
2610 7269
2864 4759
6758 7423
1790 1512
3909 1971
7535 7948
4184 3566
4997 5770
2500 2956
8381 4747
5552 6569
1479 1554
4080 5630
6461 7653
1784 4149
249 5455
2156 3543
5617 265
6155 4087
6258 904
3822 2951
5066 7222
837 4847
7145 2010
6991 4485
7648 1540
4481 2818
7937 7281
5007 7446
4552 3959
5361 2704
2650 4792
5216 5979
7783 7845
4363 6808
1319 280
3677 8233
3541 4679
6379 6400
765 7897
7299 6539
874 4079
6304 3416
7922 7107
2409 134
7203 1343
3703 1768
1300 301
6680 6105
8364 2577
3046 8395
7523 8126
3171 8147
307 1187
5169 1209
3914 6672
2812 7612
4552 3028
1599 3153
4772 3546
3205 6320
2711 3864
5740 7023
267 1033
1893 7804
6939 2943
8006 3365
663 3461
386 6921
2294 7957
6397 4140
163 5530
1560 1445
6306 4920
7961 2428
4249 5413
2839 6725
7656 2039
4469 1635
329 6674
2768 3233
1240 4830
1529 1228
3617 6354
5632 2416
3513 6828
3089 6107
3067 3491
3145 640
5484 2030
7493 3216
7646 7122
6597 5241
3185 5903
2491 5118
1889 5489
5168 2564
5498 49
8177 7639
2852 2764
2786 5602
3977 7249
3790 7476
4715 5544
6333 2809
4117 5878
6867 7852
6872 1986
7043 1390
3391 707
7556 4917
310 3353
6374 1991
1490 747
4443 752
8235 4156
5948 6398
787 5881
6802 7632
4602 2805
3762 2801
2568 836
6940 2474
4597 491
6650 2598
5460 48
7494 6704
4894 6853
7680 4336
5590 7746
185 2775
4753 3931
5321 1975
8376 1123
7504 5806
7250 4062
6293 1229
5861 5166
4032 1286
8048 3551
3941 4629
7367 7528
3476 2112
915 4757
6243 5182
867 5059
6348 2656
6769 1238
1146 312
536 3566
2796 1422
1133 1540
4120 7493
7031 8373
7698 5466
3109 5660
3607 3793
28 5689
2606 7015
8040 692
210 6412
3913 5425
522 7201
2764 7680
94 6163
5119 5318
4172 3793
3053 2687
6549 3723
3538 2735
1879 7471
1677 6310
7928 7363
7176 1272
3681 4758
7654 700
3472 2478
6138 2991
4012 1839
6551 3063
3877 4067
5882 7250
6183 5301
6045 633
4442 7457
6514 2228
6048 2358
418 7529
7501 1885
4890 7576
739 6247
6370 6946
3090 3772
1520 5935
2006 3367
7005 1013
6784 364
6227 4473
7452 5205
2108 4035
4879 3649
2720 6764
4988 7968
2580 4122
5717 41
1551 2814
215 3104
1499 6372
2658 1009
1243 5013
4153 7430
3383 815
7505 252
7098 1792
3941 7522
8006 700
1625 4889
5215 8336
2301 4095
2982 2568
889 4736
5058 1761
254 2212
2 7040
6281 1534
1921 4621
7531 5205
7229 2546
2197 793
5516 5400
432 8182
4517 2270
6839 5209
2683 5194
6980 3846
4730 3276
956 96
7570 1815
133 6018
8295 1134
334 3441
2741 3425
7418 2755
5022 6168
2461 7682
7360 5192
2078 6620
18 1135
5551 6077
8098 5010
1845 6464
3524 4217
4488 7242
5677 2929
3687 4170
1823 7343
5427 2303
252 3115
2662 3757
5736 3189
8027 1927
2305 8204
6405 1664
2709 2719
8017 3258
6442 7376
4251 1424
5626 6962
355 1381
3437 4535
1891 608
2035 1857
2595 733
1210 1179
6334 181
3159 5715
4519 5877
6751 3051
6943 5392
3214 7286
2958 5705
5493 3638
7959 4614
7547 7764
5346 7241
6416 6364
1172 2229
7134 4434
2265 7580
4306 2468
3169 6094
6224 3175
227 6562
4195 8221
1328 2743
6079 8238
7300 4127
5582 7448
3450 2679
7675 2565
7763 7219
6303 6961
3668 8306
4531 4865
1011 3951
3822 1888
99 2180
4696 4732
6755 4888
5731 3518
2753 392
7670 7244
6517 6392
3019 5974
183 1214
5860 1493
3729 7797
1439 194
2629 8314
315 4615
5009 5137
504 3622
8145 3939
4976 7383
7188 6277
3670 3456
2135 777
2716 2674
4355 6836
4551 7253
2498 6227
6286 2600
4278 80
3011 62
4655 5618
4522 4367
8251 2318
1143 3895
4116 3572
695 5565
1282 6705
5474 4261
5560 4710
1880 2721
3893 4006
7943 6960
7319 3193
5698 7273
3733 968
5109 8225
3029 8067
1998 5968
1936 4702
6389 6771
4579 7064
3287 1670
4510 7017
3903 3805
6323 3868
671 3862
752 6108
1178 3083
2773 4481
661 3867
3365 7092
2977 7871
8200 4823
5397 4449
7331 4873
1980 73
3489 7501
3210 5575
2898 4518
4638 5256
4042 3774
5322 5216
7243 2981
5758 3295
1179 1010
7523 5283
2102 616
4914 4650
1942 6649
1096 4811
3439 273
2515 8400
7904 5852
3153 4515
5912 5545
585 5264
1157 6600
4016 1093
1850 1349
435 2237
27 1158
6009 4854
4412 6083
242 3711
6087 77
1786 8010
3910 6221
3236 4365
2763 1545
5133 2732
547 1997
850 4081
7705 6638
7681 7533
2551 593
7752 2415
6335 1818
4831 4238
5141 6820
1967 445
792 379
4727 4646
2533 7679
1977 486
2289 5576
7598 549
4037 531
2704 7801
3923 5586
1025 3671
1209 6689
3214 4713
5270 6575
4000 936
2890 6611
7597 7783
3331 7976
7956 4446
6716 8010
420 8134
4669 5879
694 976
1463 7294
3833 5108
4464 3460
6063 4425
6751 5853
2783 3873
5965 3268
4120 2991
1698 6912
6220 4305
6321 3289
585 4435
3623 2416
5144 2795
3541 6212
593 124
2900 7791
4694 4717
3687 5405
4189 3330
4084 1423
4125 4947
2375 7182
270 251
1621 1476
7545 1542
782 4691
6045 1535
3095 3480
741 59
4518 8003
6454 1117
6902 1734
6077 3434
8336 1054
794 5629
584 515
7456 174
6788 2763
1187 5132
3096 7379
6060 5756
7056 5277
1246 5365
2936 5340
7652 1479
3994 4429
5711 5028
2389 4291
80 3290
7725 7723
2644 809
1651 337
810 274
4552 1696
7694 3535
7868 5168
1813 2835
2049 5429
1551 4600
6762 3715
6599 3517
5359 4228
6454 5722
8240 2088
5616 2535
5101 5027
8007 8212
5112 3450
1160 1454
766 7708
8141 2298
4356 4752
8404 1692
5882 5530
5829 294
186 2753
8056 1096
4441 1769
7481 8114
3685 3717
7378 2468
47 6537
7740 4962
7365 1293
7274 3351
6275 16
5837 4147
7330 1144
5338 3346
7850 3445
4841 550
1131 5710
664 3489
6765 2380
2038 7439
54 8365
6094 3234
2463 7792
269 2945
1493 8323
3794 4736
8071 444
5333 3249
407 5341
2185 7659
2726 4522
710 1686
3094 3032
5013 5757
8118 2986
6720 899
4793 2222
4014 5203
229 3534
1237 1981
8021 5992
5336 1690
1293 6790
1355 3206
5743 4079
3575 2094
7138 6276
7760 2970
4239 7138
3940 7181
5573 4293
1172 5587
1409 600
4787 5195
2924 7152
6397 7561
5629 4064
1194 5892
7865 7155
7525 5497
7823 7446
363 6895
3138 2316
2561 569
2246 1772
7962 1294
2803 4374
3920 7039
1794 7886
3060 5152
3770 4396
782 6851
7116 1567
2297 6687
3423 1377
5982 6234
3440 5308
6763 7485
7568 2601
1792 1486
5945 7309
6044 44
4965 591
3566 1529
5887 1258
6210 1706
3085 2682
8262 8130
3003 3234
4487 7930
7404 3734
5000 703
4536 2420
1183 1935
5534 7906
8039 4172
1017 1341
7764 8151
1334 87
4774 2299
7036 7773
3467 4087
5913 4237
6857 4122
4042 4601
6642 4666
17 4262
6671 6625
382 1198
2008 2009
3622 40
7608 7703
6847 1323
7129 5193
5426 5113
5230 4021
3510 2255
4320 5568
2748 7529
4147 4588
418 7341
3225 505
1977 4166
4508 6549
1412 4379
4124 4564
2601 7773
347 5448
4667 2490
4399 6201
4511 5208
4225 68
2627 4683
7689 6469
7910 1278
6724 5749
2987 2473
4002 1510
3083 6046
3135 2286
8211 6491
852 3829
4455 1828
3217 6429
2185 2944
927 2582
2809 3986
4388 6949
1863 3724
880 1089
2352 2947
7258 174
1447 8251
5865 8284
2427 4188
7514 1807
2134 1919
3693 5641
6111 4960
1049 2147
146 6398
4966 2446
6612 2953
6752 231
5753 8385
7179 7813
7645 8172
2358 6009
1843 1970
339 6409
1667 5161
5685 1269
6882 6145
3262 4504
198 4690
3818 3756
6558 4646
1912 6320
7674 5131
644 2906
5077 6504
7574 7208
5235 5212
3948 1831
4908 6994
7154 4957
4800 3054
4569 5756
3244 277
1706 5043
6880 4880
1944 534
7974 2213
8152 6897
7104 732
3495 1924
8024 4983
89 8276
6513 5605
7399 1884
2443 5655
842 2244
5518 4095
1637 7834
7258 3086
4633 1156
7965 34
5447 1548
6709 472
7138 2836
1552 3010
4343 70
5136 1073
1216 6026
6291 6582
7212 5683
2245 7905
3713 8102
7915 4678
7390 6286
1227 2297
7307 4823
7279 6531
6481 3332
8225 1298
4230 3624
6207 6263
5893 3207
4549 5159
2335 4196
8288 5759
3293 4840
4553 4218
2104 2176
257 6470
7702 5782
3754 2960
7080 791
5064 7258
6825 6549
3229 4547
8201 4891
2509 2600
1939 7094
5840 8245
4739 6499
5471 2698
3139 1683
256 819
5330 8026
7237 1598
2349 4115
3079 8274
990 6525
3193 3151
5165 6706
7854 8256
5200 3043
556 5140
737 1024
92 4784
4245 4567
4045 5176
398 8314
7202 7432
2482 519
5413 4137
1007 2023
7225 5963
8020 7169
3267 4779
5167 413
5941 1173
561 5580
823 727
7428 7865
6379 4933
5438 6834
6447 7572
6650 844
7618 3459
6449 7596
8108 6109
375 7192
7832 5764
5867 4303
2876 6330
425 8267
2680 4120
6899 2188
6383 7518
6064 6400
4101 8049
1991 8191
6308 5067
1310 8136
998 58
6107 4143
4302 7937
7534 6575
6141 7617
4498 5745
4659 2831
8152 5468
8191 231
2101 7099
3964 7847
7896 7240
4204 3524
3976 6491
6895 4312
5589 2909
4575 2321
7461 2390
1257 7884
4644 430
2390 7602
7349 6718
6865 3001
898 5520
7641 1724
8102 3021
7889 1005
5817 2320
5464 4649
2149 5731
4704 3186
6657 5406
7098 6363
5606 6650
3651 3380
4397 1345
1711 6416
5419 256
2132 2505
2493 3684
6425 1020
1765 8002
6441 826
864 3174
1009 5502
5466 7920
3472 3854
4165 1237
4029 2844
8306 943
8205 6490
309 7832
561 1120
5306 5893
6236 8316
8293 4767
1287 3840
1274 6564
4806 281
5415 4993
2114 4370
4797 131
1721 4603
5956 4324
5446 6015
4407 3851
7729 810
2823 7707
1473 1644
6156 7777
5476 102
1050 7567
2534 4225
3437 4422
717 2447
212 3385
7008 6220
5796 2943
120 2866
2908 6952
7633 1487
7423 7386
2253 6797
4358 461
5394 2998
1974 2083
4729 1450
2052 803
8244 1268
11 4023
3314 6324
2429 1270
1616 3792
3660 3333
5247 2078
2579 1937
3824 3314
6204 4324
5196 5385
5872 8420
1527 5212
2497 290
5107 6929
3387 6912
2930 5637
56 648
1320 2862
7375 1121
5605 2070
4519 1413
237 2668
5751 564
3774 3250
4594 2012
4587 626
3556 3512
1667 2266
2072 4576
1371 434
8402 538
3839 4401
149 4259
7094 1452
5111 7726
770 5119
4929 4964
3531 5592
5808 2553
78 639
6066 7951
2680 8143
28 4022
733 6756
6518 3270
7964 4138
1247 983
5688 6461
3613 3617
8391 558
6200 3027
3598 6331
7877 6388
8348 7214
632 4708
4007 2662
7201 7232
1559 6813
5978 5634
7272 8396
16 3165
7358 4279
1270 451
5487 1471
6837 4593
5172 6785
2277 1269
3682 801
6480 2446
331 5889
3831 7863
3869 4060
7611 530
6264 2073
3441 3506
2894 2426
250 6492
6912 7521
2674 2600
2010 2157
7648 5053
4440 4492
347 4210
7499 2221
932 4840
5236 2499
1192 8263
7625 6916
1146 1609
5378 7939
3678 2408
7730 6275
488 328
4911 1538
3803 5999
2368 2054
4735 4216
4372 3216
7043 4158
1312 2518
7635 6306
1569 4123
7186 7147
4329 3163
3707 2172
1225 5923
1040 5007
3973 736
2270 8331
1085 5236
6159 1251
7032 2896
4487 7979
5651 2844
5777 4947
216 3998
4864 7241
6844 3162
5350 1369
4132 2617
2366 4707
5101 6513
3830 2048
7077 3102
2091 500
3864 4438
4754 2655
1036 7944
5208 8275
495 4823
543 6521
5031 3808
6920 7658
5155 346
1536 4841
2240 4025
5627 7155
3810 6385
2076 7124
578 8271
2555 7652
6666 2168
4470 6388
3040 3908
5089 1551
5423 3774
4086 5937
118 2590
3109 8418
4640 4982
1363 3249
2051 7468
3196 2387
3777 88
1414 6873
7188 4247
7098 8064
6716 1209
7864 3231
2875 3447
5285 1599
5825 76
849 6085
3537 5444
5152 5444
3762 3401
8203 5776
6071 4925
692 2184
2810 2814
2736 5808
5082 6499
771 671
4382 2759
7321 5462
2599 3225
8173 3533
1984 5223
2061 824
3485 715
2650 4638
2222 7587
3494 1512
3108 5583
6010 5785
6530 3251
3644 3126
4733 1344
8353 6596
1125 5899
7765 7198
3417 2520
1862 4541
1472 1614
8219 4284
4340 1309
311 6834
3837 7939
135 3881
7400 3939
2887 4365
2261 4905
7423 860
5707 5054
5624 6028
4580 816
7633 4695
7203 90
1449 1564
7324 2579
6999 1570
895 8347
1130 898
4348 1185
6762 1370
7609 6589
4016 7715
2191 1414
3631 2010
711 4631
3213 5759
7893 1713
6151 3666
1032 7063
7477 4555
5562 565
6763 2769
295 5813
2465 6401
135 5315
4275 3318
4019 1701
370 1180
2569 6307
5347 422
6098 6175
5928 7307
5678 548
8279 2679
5423 261
2085 2843
2439 4442
1580 7388
1960 954
6843 4077
152 6390
26 8234
8337 2526
3632 4263
6266 7889
2443 7563
2236 8065
8035 7944
2159 5659
4637 8046
6715 6593
7457 1833
5312 2219
6545 7133
3156 1567
8139 228
5225 6356
6661 4185
2758 4222
4731 5363
7526 2452
6729 7005
8379 8093
2364 198
7737 4680
1823 4850
7851 5912
3981 1620
7696 6729
1097 3172
4949 4995
2567 2249
5846 4168
5970 1086
559 8132
6717 3912
7880 2125
1744 2597
4485 7812
1907 4903
1652 2162
6717 5428
7070 7334
1523 8034
2557 657
5052 6983
1321 7342
7818 2211
1459 2158
6859 529
5997 4306
8314 1772
7953 2177
3434 2542
3087 658
3104 2505
7975 5505
253 1347
7242 3393
5896 6324
7262 3644
3966 3431
6244 4436
4183 510
8303 7743
6130 7145
1944 5550
7865 640
1229 4272
5860 3845
2718 7582
7320 6501
3498 1362
7848 567
3620 6626
6396 4325
81 2746
1536 2371
5039 3069
1212 5709
907 7748
924 5305
3571 41
5416 2282
7778 3045
1150 3685
6253 6807
3543 6485
2209 6054
1602 1631
1260 6607
2042 8410
5525 1686
5179 4001
1171 487
1022 5778
7330 8187
4682 2229
8361 732
5996 4753
8238 8384
1976 4240
7037 1161
2706 1881
805 1495
3770 1529
1933 1618
2199 3781
3222 8328
3007 1935
6821 3548
3119 5581
4307 8077
832 7764
4019 3200
4847 7248
7548 5240
5072 964
6036 2191
2869 8422
4413 5814
1639 8408
7844 7708
900 827
2513 757
5509 7450
4146 4749
7880 7429
2138 7087
8380 6932
568 7291
8421 6937
4981 1030
3843 4180
201 7557
3517 6809
2030 7159
2303 5303
7694 3765
7103 3320
866 968
4512 2333
45 7356
5187 193
2863 8086
7791 5095
532 1898
827 498
4323 3076
6485 8163
5922 4193
853 3063
2388 7780
805 2131
1255 6760
4992 5247
6842 6242
996 1976
5623 2602
5810 993
6419 1304
1522 5828
5860 285
792 2740
319 7472
4204 1747
18 4866
4723 2519
7885 6870
1975 842
2371 6750
7072 6534
4377 494
1364 5592
3477 7694
3553 4206
2254 7268
3393 3654
1995 287
7083 4564
4088 6861
5605 4724
953 1056
5242 5912
630 8099
6596 2914
6842 269
4307 3425
5514 5312
826 2009
2922 2494
534 39
906 508
5065 3197
2665 4550
3600 4455
24 2609
1169 918
6780 972
6117 7525
8348 6027
1616 3555
1277 3217
1322 3199
5728 2216
3928 5435
5639 7051
3271 5842
2525 3586
1395 3253
5572 3491
8081 6513
599 7296
828 2760
7985 2323
5478 2778
465 5872
4205 8053
311 909
4017 1058
3060 1378
1902 262
5798 2601
1776 282
1785 2414
8387 4560
4688 4460
8354 7061
6976 349
2396 8237
5494 1108
3374 8421
3537 8415
6034 36
8154 6841
2575 4160
2444 7217
3267 4607
1309 140
8388 3698
445 1701
7043 4252
3402 2345
7443 7235
1492 2799
6424 7122
7494 3436
11 4249
4125 5238
1174 8269
6698 5840
7845 700
2159 4107
5461 4496
7664 5301
6303 5990
1365 6662
4280 7065
6896 4432
3448 7919
2700 7899
1750 2111
3543 7148
8119 4444
6930 3057
6990 8217
6642 1942
1307 3709
3458 6348
5313 936
7727 2124
3599 2574
2005 4719
4434 404
1238 1725
4418 4183
378 689
2255 1018
7762 2254
4470 6005
1520 1447
5829 3517
1636 1718
3738 6790
642 3152
7818 577
4008 1537
5406 5373
1672 270
5246 4409
7446 8343
607 2014
552 3379
5157 6969
3639 6280
1649 8310
553 1637
434 4348
1120 875
3776 4626
7163 2352
3373 2063
7170 8043
4929 6081
6576 7153
320 7995
7146 7875
1033 2280
5123 5665
3057 7496
5838 5239
674 2179
6501 521
2484 1658
7299 5919
2671 5650
2084 3664
4833 7922
885 3999
4226 5995
1982 1786
7105 7898
4863 6084
658 122
2231 2873
3797 4207
7891 2355
1853 3847
1233 1337
7006 4391
5080 6484
5042 299
6551 52
5307 620
2413 675
2449 4704
7946 2433
6339 6835
751 4091
3302 6603
1327 6470
1380 2164
2487 7776
4117 1993
7026 6883
5378 5078
8008 2480
3657 2472
3616 7796
3116 2860
6328 2865
3464 6908
5312 3030
1108 2092
7351 1272
3567 4764
1250 6225
5792 7808
137 2047
7559 2448
2003 7160
2401 7049
3075 3294
1278 6719
7939 5992
5263 5775
3472 2479
3756 5588
5964 7327
8175 5476
4261 8255
7979 4739
8255 6043
2978 8202
3427 3692
2789 3609
979 7274
2521 1873
1811 1368
5665 310
3037 6350
7711 7127
4548 1400
3934 7119
2023 5291
8049 7741
413 1078
1069 6691
6348 1066
4019 5102
6893 1619
2090 991
3911 6524
1056 7216
3625 2612
5554 7372
2002 6430
7118 5104
6674 2737
318 6281
8023 1403
843 4042
6170 7183
5061 6204
561 7370
2822 1613
3907 5614
1159 6271
5737 3085
1051 7242
7521 3214
409 6739
2565 2308
1664 7145
4984 6600
4595 2274
16 383
7433 3636
970 4343
2141 4229
5759 259
7550 2725
5797 6512
894 6968
5698 6737
1726 6272
3210 7128
2089 6736
3207 2553
5540 4785
8152 4140
5023 3913
6806 6453
2961 4470
5978 6279
5844 3699
5947 6467
1340 7452
776 1306
865 1050
4813 3154
7974 5203
7791 164
4605 3
2632 2026
5200 6119
1809 4428
893 6415
1193 4895
3107 4568
2730 5631
3928 5007
3860 7002
2882 3480
5266 2771
3397 6198
6463 1026
7769 7751
1613 6832
7011 1943
1445 2952
2495 1795
2573 6270
5108 12
3373 1620
2395 8359
7244 3213
5686 2451
7363 4807
323 6747
8006 3549
4398 4969
8111 6007
5412 4808
2057 3727
5967 6092
4850 6142
4364 3216
4521 8186
7386 7678
2482 7680
941 1133
8063 243
4340 1834
633 855
4025 4220
6446 2314
7499 7026
49 1647
7402 2655
3303 1069
4161 1495
4371 5630
4493 4053
3655 1161
7871 1277
3282 4390
5137 5532
4539 2646
1049 3949
7034 5063
2017 8182
5999 5331
4416 3858
3884 7500
6121 4134
5496 6315
4977 2403
3044 6318
4550 1794
7223 6080
1670 7269
7609 5041
5475 4069
7093 6941
3976 987
4812 276
7414 417
6182 3559
5957 3898
835 7629
1266 3001
4429 2547
5609 847
4534 1915
4397 8265
203 2012
6013 4304
4739 132
3770 7627
8170 2667
956 7786
5961 5573
6328 2257
6542 6234
2591 4462
134 3871
2092 4621
1016 1417
549 3613
2415 5146
5122 5410
6469 3277
5125 7668
3778 5471
6934 7312
5369 2950
5582 7066
6386 2023
1404 4697
6502 3788
2677 782
625 2526
2877 150
8181 209
1617 3943
4326 7350
518 3326
2640 4053
2192 448
3856 7161
5162 3034
1721 3648
3729 8016
3135 5402
7117 1868
8092 1596
2287 2285
5596 7614
7191 3918
3985 2686
6574 1029
3023 8090
7091 6419
1254 2251
7283 1894
1352 1103
6001 1077
3728 3274
4622 4997
2508 8097
8324 7639
5436 7295
5853 5229
5473 401
1426 5304
6261 1535
3583 647
1351 1622
3113 961
734 460
4092 960
5289 5727
5630 113
2117 2348
7655 6352
5247 5532
4720 2966
5954 720
5417 916
5809 2265
3391 4912
3040 3746
1063 1113
3950 958
7787 5303
3643 6451
3725 7655
1918 4425
3766 4467
3733 4736
4978 1883
4429 4008
4783 1812
5704 8070
1986 8357
1326 566
7239 1048
7346 6164
2501 1301
3590 785
5508 6157
366 4839
3205 2476
4384 5667
8368 3825
5521 2834
3667 901
5796 7836
5134 4671
3208 6020
8316 7207
3495 6188
1425 6471
55 5252
3865 4151
7661 4062
220 4928
2669 5238
6209 5232
4992 3628
6070 2864
5677 2883
6836 3348
7598 4493
5187 4254
7004 4111
2959 2316
645 1223
1482 2630
5972 5890
7493 4004
7560 3450
5759 1765
5506 1772
7657 6000
7812 5611
5230 8140
4509 3642
4129 2725
2555 5387
4034 3293
359 1823
6800 7447
2074 202
7483 5142
8170 3120
2456 7261
808 5396
5878 6096
2058 4681
7331 5673
6926 1854
5755 2114
7748 4580
5960 1291
854 7867
7219 3819
294 2522
1039 7657
805 4271
661 6920
2128 4782
7635 6018
606 3683
4368 1960
6013 7129
2421 6184
2136 5737
6498 4560
6614 2984
1476 8176
7147 3520
2957 1416
6805 3008
5840 5372
1560 6807
1637 1033
5376 2577
3414 6405
7244 4356
908 6927
208 5628
8381 2104
4005 6805
3305 2224
3146 3857
7981 3029
916 5470
4144 4794
2841 2690
2081 7470
2457 2669
2142 8345
2864 6349
2356 3404
1841 512
4520 144
1811 5189
4722 6903
6073 2732
31 5980
4244 1042
4400 192
6101 4506
2126 3212
4453 1944
1137 2311
6656 4142
2152 735
3896 6392
1230 6637
167 4371
4173 620
6498 2394
4344 6973
3528 5051
359 5193
2896 5787
8255 271
1513 5102
784 1789
4825 1676
2688 6002
600 3977
772 2774
5621 2299
7057 6694
6624 1788
8321 3173
4507 5617
3506 1422
1565 7970
5173 6030
3005 2676
497 1558
3384 1936
3252 2845
7741 3740
6907 792
982 7482
4083 4284
895 1543
4091 5663
7280 8266
6479 4663
998 1441
6681 4171
3449 1507
2774 766
7517 345
878 4381
7724 1258
7358 3732
5049 4933
8148 6334
7717 7192
1081 6303
4472 8050
2483 3513
7470 2797
1440 2818
6880 2980
3218 3117
857 372
4956 5403
4333 1174
6284 2044
6820 60
2948 2854
5648 6851
1730 2220
7837 7085
919 4505
5688 1587
6213 1973
3132 2250
47 1480
1927 4917
7174 666
6751 6600
4616 545
6609 5388
61 4989
4472 1389
1685 7825
2606 7977
1327 4787
318 8014
806 2532
4679 7047
4940 4963
7159 7112
3454 4577
3840 4643
7945 3858
2798 1
7804 8047
4022 2410
7735 4159
1260 7775
7392 6983
7665 6952
8088 1519
7867 1601
4241 4317
1879 5643
4484 7512
919 5370
621 6701
3610 4932
2938 4249
3927 597
3718 1775
838 7922
7519 5737
8004 3635
5103 563
6829 5185
1828 5871
3327 1662
811 6871
6848 3557
4604 4367
1240 7018
3437 6038
3014 2189
3057 7656
408 2295
3462 53
4865 3452
1656 7323
6391 7839
3099 3428
3008 3325
4584 3813
1024 4616
5877 7798
4063 137
3186 6820
3796 4756
3127 1755
4031 217
8314 6777
2708 454
497 4603
6529 3758
6340 7969
6721 5661
4326 3984
2146 6250
1549 5044
3046 196
5742 374
2573 2245
2137 1356
5771 7100
691 7709
4347 3229
4546 6651
3683 5669
3283 3435
1881 5174
7974 106
3794 6415
6838 3412
3727 1247
3109 5176
6761 6267
4134 7356
3789 1979
4202 2356
7009 3992
315 6036
1319 6796
1582 7603
5894 482
1064 6984
6466 7655
2130 2324
862 930
2859 2688
6383 1715
3486 2139
3859 657
2952 3069
5956 6573
3959 4410
4268 631
4448 7246
5089 3309
8267 5185
5011 7686
73 4364
3202 1649
1740 1806
3459 532
7209 5001
366 7301
7490 2654
2299 6152
639 2388
6669 3687
2860 925
5716 1091
883 5809
121 3794
3351 6008
2425 6957
4144 229
1225 3721
1085 7868
5816 6042
8221 5426
3849 8120
313 7106
4882 6339
5382 1864
311 2329
7239 1300
3467 3383
4677 7536
1207 7192
4030 6150
5424 3696
557 5745
4851 90
6291 7525
1230 1158
5344 2014
7750 7739
2437 4928
3745 4834
7080 6189
5421 6029
45 2191
4921 7616
2785 1739
1604 2214
4594 7701
303 459
7682 6368
1249 2596
7299 6954
3815 6261
6343 4755
356 1765
267 131
4592 1928
8106 5053
2850 5714
4358 6110
6271 1786
8222 7044
4129 6678
4175 6894
5038 2134
8044 3424
3833 2040
4665 1249
135 974
3085 2441
4861 3741
1682 4131
2422 7594
1247 6
7656 916
2820 4140
8356 2459
8025 3288
575 8038
8161 8424
1464 7405
2141 1710
3031 2187
4440 5559
4524 8067
5913 2294
5174 6526
4474 1197
300 4865
4015 6116
616 2576
7271 2600
1392 2574
3900 4703
6120 8236
4293 3487
5116 7763
3445 778
6316 2205
4537 4816
872 4389
5750 2906
6195 8390
4216 1161
1018 2368
8307 8113
3407 3023
4559 7334
8420 7633
4108 1814
3620 8140
5032 629
1638 3043
8108 5548
1623 5059
6283 2925
7157 4642
8241 6378
2420 5902
7431 7436
3930 2557
5051 1458
493 3435
1534 3853
7862 761
4608 6938
7494 2201
5979 6515
1784 3704
6771 4403
5513 2151
228 2779
4604 7126
71 5256
6992 2268
2800 388
3166 4026
5690 3531
7540 1032
5443 6716
2202 1306
5243 4679
5430 6708
119 8285
5679 6386
8083 3013
8215 4090
8179 5124
535 3222
5296 458
6390 620
4047 810
2446 1253
459 8309
2054 4231
5447 5602
7574 2227
3444 3154
7450 6466
292 7565
229 6475
1645 3606
2847 7164
6419 5733
5058 595
3175 7152
2496 7101
7593 6635
3291 1683
4877 7876
6377 719
2302 7312
6533 5917
822 6236
1375 7057
3100 8283
6856 908
4297 2922
2318 7687
7296 858
7363 4514
7215 8261
388 3407
2392 4889
4829 5998
2620 3921
329 5911
5676 7046
1419 3263
7546 1559
8373 7480
8246 8076
6512 5987
3509 1669
4198 6000
3116 3801
3274 5499
7260 27
330 6688
8360 4446
3963 4307
5374 5281
5527 5860
1411 1444
2539 7952
3578 6764
8389 2871
4394 5357
305 7890
1107 7705
5937 6738
2825 1874
5631 1906
1716 3579
5797 5692
5181 2174
856 452
7657 3744
5359 5145
2890 2947
3629 2749
3038 5433
5067 3342
3250 4459
7058 6860
4998 5244
6228 730
1190 5706
7890 2108
983 8311
4465 80
258 2245
7881 2087
262 6191
3434 6936
6435 93
1974 7496
1558 4308
2527 2497
4021 2536
8021 6316
7306 6985
1604 1613
57 3760
3827 4239
4735 509
2730 5380
2932 7981
3138 8410
3486 1845
6073 4051
1754 4238
5395 1940
6796 1653
1434 7393
7533 7077
3228 5546
1576 4020
2882 6148
854 130
1787 3917
7028 4878
464 2824
1173 524
4814 3651
8238 3411
106 8180
3817 6950
306 65
2686 6448
2632 1268
1796 3328
6069 1686
7429 7231
8009 2395
2681 1140
5954 7969
994 1199
3592 6720
8065 3975
179 7884
7417 1839
1850 582
4462 1149
360 4709
7159 1703
3875 5017
1289 342
660 1399
4308 2571
3078 1648
3083 6591
6776 4751
6234 7906
5034 7239
1443 2912
7437 1464
7900 5671
632 8381
4448 7089
2028 5817
6450 483
3848 4589
1787 7186
5798 2458
59 3506
2015 8061
3161 716
1056 2021
7977 2991
5118 8339
2935 5785
1518 4408
6488 4963
8189 941
3822 1552
5280 1617
7675 6603
1141 121
6785 3074
86 5785
3656 7086
3443 8341
3591 1336
1803 7224
1225 4198
2504 6326
7601 794
2127 4433
5780 2030
2235 7584
6523 1623
3618 1719
4320 1033
578 1806
2264 6255
7483 3063
4617 5009
5382 7803
3031 6597
2440 1104
1893 1948
3521 4537
1607 1642
2846 4389
8327 5488
1906 4406
5636 842
5260 4824
7895 3602
2471 6141
27 332
7983 4613
2665 2684
3716 509
1181 7933
5441 5915
8259 2053
1167 7378
4266 5248
7536 4692
3601 1395
2727 6827
5762 507
138 2654
332 2331
5638 6087
4569 3447
5604 6203
6726 2690
905 1345
3564 409
7515 7535
6070 7022
5159 7586
2853 107
3082 2530
4161 8354
1703 4657
5744 3751
395 170
5823 3043
1742 938
3132 4283
4359 4665
3872 7753
5011 6059
7445 2983
4521 2841
5612 7430
1231 2248
5593 5297
594 3209
938 2678
750 3084
7707 1514
1686 271
8362 1451
4148 2198
6270 337
5407 4942
4658 3247
7909 4762
6183 1652
6967 4375
4937 5300
2638 1746
5957 2933
6475 7530
6981 3609
341 5862
1815 6744
2307 6247
4309 2186
7604 3852
4040 6337
1068 273
7768 615
8413 2163
2299 7881
6950 577
19 2656
2076 6760
3895 7441
7403 4520
4493 3329
2744 5135
2455 7285
2486 6373
20 1660
4490 575
1136 942
3216 2617
5243 7683
5667 7925
2356 5695
1268 7104
6652 8001
1504 7697
1041 2830
2113 6344
1673 449
6357 7509
6291 4038
7618 5308
2311 6966
3886 1210
671 4942
576 5829
8292 6025
1678 6794
5608 4885
7879 6430
5259 3573
4910 5506
3043 8143
7292 5242
5310 5961
4395 7951
5162 2713
7609 7499
6773 4385
1024 4033
7946 6430
7737 7708
878 4780
121 3589
7050 2357
2911 7222
1530 5703
3566 4735
5192 1706
4410 4233
5031 2357
2684 1296
437 3731
3405 4635
1008 1493
3557 5333
8109 5339
1394 6545
1800 2745
8064 1645
2750 282
2071 8336
6791 4627
5977 863
5450 263
2684 398
5599 740
2274 8046
4825 7484
2041 124
2230 1363
616 1281
7014 1633
1157 6080
4412 2731
1826 2666
510 2163
5303 7679
8072 3339
6895 6765
4372 6113
5430 2334
2116 4821
5962 3080
6247 523
7950 5478
1904 7126
2087 6398
4398 1330
2476 6021
2947 458
4072 6846
3064 5391
214 7214
2122 3906
3301 1733
6080 964
1956 3573
8415 4343
4611 1287
6553 6527
424 2897
769 3879
142 4128
6202 3300
2827 8201
3138 4723
5617 7087
6679 4334
8042 890
6443 7377
5194 3437
6996 527
1699 2732
5907 5821
4268 6562
6492 3375
3899 6047
2504 2154
2963 6162
5579 2115
5499 4252
2986 5410
990 3248
2073 7853
436 8152
922 5137
5753 5443
6761 2904
5472 6427
5262 2291
6839 7478
3924 2178
7399 4561
5871 2110
2992 858
4837 7490
239 4831
7449 4398
3326 7908
326 846
3292 3025
3286 6308
2740 5659
260 1896
1397 7747
3174 7855
1460 525
4303 4216
3405 736
5699 1987
6830 4980
6404 6197
7713 6305
1775 6629
1508 258
2534 7824
4682 4328
7571 8150
4880 6774
6875 8403
1151 7445
742 6290
7023 1949
7526 4772
552 95
137 2554
2780 758
1728 3986
4990 7542
6149 5620
4793 4908
5141 3712
4115 2563
7894 7814
6042 4922
581 8409
3625 1263
4840 6626
3496 5094
2799 6700
8217 8371
4024 685
5791 475
4100 8092
777 1219
6313 3296
188 2463
1601 3121
4565 3896
1319 5794
2289 6772
3556 1524
5614 6016
3618 1917
4695 1194
180 4742
5455 5942
2297 5155
132 7538
2134 1732
8047 7275
2434 3049
4572 2111
539 927
6260 2167
6624 5051
7135 6925
2265 1415
4339 3505
3061 1792
4514 1810
8056 8263
7102 6147
6782 2241
994 7096
8311 4723
3347 6522
6229 6593
2792 7073
4282 8339
6804 6176
1005 400
5378 6300
4953 4640
1609 2115
8401 150
647 3961
5421 5377
5206 4213
4555 7431
2786 4458
1316 1967
7714 6230
7531 7673
7193 2409
3287 3940
763 8064
5366 2873
5870 2150
6641 665
696 3630
4252 7190
71 1655
6708 66
4955 1312
319 269
399 1732
2498 1171
1973 913
2244 8312
3784 7473
3802 2978
582 7600
2502 5804
2294 4966
4612 8175
1938 4053
2938 2881
3514 2643
1567 605
4368 4208
6643 2915
2997 7228
4137 5764
6595 2827
5391 8050
7144 2768
7641 299
4979 1872
4160 2022
1599 8178
1476 1313
8116 5436
7076 6817
414 8309
7329 4112
184 5952
4848 6415
3069 6509
1717 8290
4574 5639
2240 7603
6436 5330
3760 997
5856 4122
8183 1539
7840 4125
6309 5635
7539 1715
4643 4350
441 1565
5043 7526
7902 3212
6192 4932
6347 1331
1556 109
5561 6879
4470 8378
1046 517
2834 4041
5391 3938
2597 2417
6257 1573
6721 1882
489 3198
1189 1565
360 6951
6260 1237
6552 7217
5279 5081
7606 7788
8307 5056
183 3879
3030 2749
4559 3284
2545 5780
3625 8369
173 3446
304 3164
3343 3054
4979 954
4885 3105
4753 7079
1469 296
4795 3401
2920 6266
4693 5093
2688 5691
7858 6959
2974 1159
4018 2392
8400 1664
773 7399
3078 3126
6989 6025
7713 5799
2220 7784
7665 430
2304 6659
1090 5024
4901 2338
7048 624
4211 2068
6133 1438
3635 6713
4966 6548
6703 1802
6763 2507
1094 6222
5404 3146
2972 705
4976 4461
7521 6635
2424 5681
2464 5697
1782 4946
3140 8013
940 4913
6797 8403
1632 7099
902 6339
8343 7774
2859 2757
1065 6608
8140 2377
5847 1317
6988 3431
2191 5668
6829 3520
6217 7591
7972 3466
5588 6421
6094 8181
4085 8260
7120 4932
3764 7075
6482 3380
3524 4722
1263 4096
1227 5848
5884 258
5493 1831
7200 378
3812 3052
6745 5554
4431 7264
2675 6965
7035 3937
2836 6631
1948 5147
7903 4209
3921 4959
801 6771
3772 4560
5680 5292
410 2839
2836 1778
1070 7663
2794 7391
129 1203
7876 3851
459 6250
7144 2422
1556 2786
2298 1169
8039 97
8027 6905
3977 3321
8204 5080
7586 5415
5784 2825
4193 7535
3588 6744
951 4636
7777 3486
5463 3000
6973 6104
4558 1511
6850 162
6493 1345
5202 897
3581 5431
5044 7813
1738 8116
4808 2693
4636 5599
3572 4497
1062 2785
7272 5880
783 7435
5852 8302
7996 4484
3775 6640
3257 2117
7648 2247
7056 6915
5257 8059
5102 2200
6482 5532
4515 7568
1571 5359
8264 1312
5944 3988
1923 3361
4566 3037
1861 4824
7169 5065
256 8203
7732 7453
6547 2542
1627 5021
7649 1876
5250 7496
7054 3073
1903 2981
4701 2849
2129 4909
1024 2826
2658 756
3415 6629
3454 2845
2266 6897
7113 366
1283 2841
1276 1683
4144 5700
6105 1890
6984 2554
469 5377
341 1229
219 3181
586 2714
3736 6143
5930 2195
8153 2178
6344 1235
5571 2614
4311 4420
5586 7254
2662 2215
213 349
2296 7630
5077 3190
274 530
3583 5148
1751 5274
8087 4766
3693 6435
8375 6419
3430 3333
249 3700
105 6816
1450 2279
3561 727
491 1877
2916 4362
7975 6393
1466 6827
3902 3468
2748 6351
3030 1665
977 4773
7205 7137
154 2087
6924 1481
2614 350
4672 4225
3125 1640
2327 1034
3072 6469
7061 4491
7048 5999
4068 5466
2900 7367
1243 6698
3304 2133
79 2043
7718 6479
762 4994
5976 4955
6448 6954
2837 6903
6501 2937
8183 319
1430 7306
7082 3390
4918 3981
2999 6757
8021 7520
4559 4818
7671 7801
1482 1248
2339 2617
3387 4765
7250 2915
6153 4747
6250 6233
1270 6445
7475 7061
3944 3387
6893 713
7457 603
477 1518
693 6108
3769 1641
8389 737
7272 2589
4832 2002
8015 4224
4337 4644
4725 7649
2347 5496
2340 6785
4605 4135
6587 5287
5720 1909
6231 5848
7127 1894
6791 6218
1797 5139
3872 1895
2093 2038
5419 3547
2679 890
4983 1159
6211 4613
6654 8149
7098 2764
1126 4030
7236 4363
2086 136
4195 5859
3323 7187
7489 6268
4812 1932
8096 4459
7285 6690
6514 6980
8091 1472
1475 467
8147 748
2900 1963
3100 2633
2378 7794
5351 552
1264 2548
7536 5032
3937 3683
2510 619
6883 4154
3194 1612
7247 2358
609 7949
5341 7781
1164 5379
6433 7329
982 2793
8111 3095
7776 6714
4396 7215
8022 5379
468 6579
649 4326
8195 1967
10 4127
3427 5089
5460 3356
404 478
470 5027
7669 4179
7270 3012
2204 6973
3445 3307
5396 7374
2365 8284
6833 3376
1315 5460
7938 3486
7861 1900
770 4447
3005 6315
5112 1848
5653 7049
972 7231
4015 8230
1464 5084
5267 433
5234 8164
2459 1745
315 462
1820 4413
4231 6710
933 4203
8157 6203
419 2628
5740 8013
3664 7102
6811 6713
4262 6361
3451 42
4478 139
5610 843
2064 7712
4859 4259
6673 3027
1761 7238
4442 4897
7754 421
1826 1532
1310 6010
7473 1670
5779 5120
1090 2859
970 2106
1065 3232
6845 2509
4875 7588
6076 3364
5222 6593
2337 5812
7664 1562
3074 4848
4828 7238
659 6191
6263 2985
2392 2806
1589 698
7810 1459
5070 4005
7853 89
7532 3341
5214 1474
7551 6179
3810 7072
4887 5405
7029 720
2987 4171
3338 8369
7585 1403
404 5574
1526 1580
826 4659
2245 2361
5747 5515
7791 1646
4373 8327
973 1888
7777 7351
8293 8141
2218 6585
5861 4847
7783 4212
6479 4155
8037 6400
1703 6877
7083 5900
2386 7414
4694 5331
6824 4715
5153 977
685 6202
7516 7045
3919 1886
4280 8248
1122 5796
1849 1907
7156 681
3225 7116
989 1257
6383 5973
6152 4819
5722 3032
528 1273
5375 5420
3250 2196
4253 2267
4632 7806
2422 1604
351 6855
2292 2467
2109 5073
2133 3189
4875 1658
1034 5876
332 1079
2119 869
949 1295
566 3955
7590 645
1329 7691
8272 5294
3361 5991
3429 1242
3019 2452
6367 6081
3544 520
5120 3913
6169 630
4659 259
1782 2263
5278 1702
585 1759
7382 6286
7797 119
4990 1305
1339 4155
1246 4843
2809 4926
5976 392
4701 3584
6316 7578
6509 7738
6986 825
5500 1383
221 6572
1021 7405
6362 7643
5654 1336
7548 1654
7895 2435
7935 8336
1221 2712
3551 3903
751 718
6386 4351
4332 863
8140 74
4345 2647
3597 5955
1361 6213
6059 1756
7267 7889
4791 4974
2550 990
156 722
237 4066
1195 5353
1633 5156
1083 5111
7056 7614
4902 4540
4919 1332
2011 8103
2321 5813
309 2710
6624 8165
5545 6226
4454 2241
6205 6878
944 4546
2047 3604
3704 8171
1149 3050
6409 7577
6105 8258
4005 463
7607 8073
1099 6912
5481 4338
2669 2793
4665 4026
850 5937
4193 3629
4114 139
3852 1819
471 1920
6911 502
7233 1991
768 4678
6826 2931
7157 3781
4053 1540
419 4070
7982 3239
4599 7883
49 5795
3902 705
8252 873
6386 2969
3772 6640
3701 3419
1137 2815
6087 7592
2560 1853
3452 1428
7417 5793
1112 6343
7831 5775
4764 1611
3964 1314
1407 5366
5269 566
1256 1579
8358 7564
6059 418
2099 6648
5209 6304
2751 1750
781 5735
4961 2471
2625 5268
2483 748
5722 4889
5586 6531
4936 6466
3035 4537
7601 7898
979 3230
7265 1910
5031 4317
4659 1409
1725 4506
4382 8054
7843 2061
2185 8049
7289 448
2005 1951
1509 6473
1589 4294
1043 6180
7416 7082
4004 7916
3456 2068
4134 2327
5158 790
2198 5035
6655 254
6884 8301
208 293
1260 6000
6622 3872
1701 2861
3017 4218
838 441
7723 7693
3945 3582
83 5238
1675 2580
2878 791
4700 2438
8245 5916
2173 88
6720 6857
5437 5082
1006 2609
2233 5580
1063 3580
4574 5584
5564 5099
5760 958
2503 7979
6671 3549
4664 6690
7461 4764
6964 126
7412 4894
1696 2559
7946 6862
4803 6521
5936 1320
7204 2795
30 117
4643 7612
3926 7079
3198 7557
6916 2461
1968 3811
1641 3868
2391 8051
6457 6581
2063 3780
4091 1733
2206 4194
6183 969
3455 7143
3837 950
4771 4915
4317 7734
5395 888
3279 3277
7075 3374
602 1264
3664 7171
2426 5323
1323 6694
2967 2428
212 7314
6988 5275
4094 5691
5644 5932
1755 4135
738 2130
7015 5110
631 124
8160 5911
449 2255
2724 6180
5269 1124
7537 6740
7728 2510
1477 3861
3167 6727
1000 4080
6799 727
1489 1470
2824 4845
7340 4812
5523 1969
6327 6018
7785 3062
3824 389
4120 5619
1835 6686
4913 8340
4743 1374
8390 331
7166 1793
1455 4338
6766 3451
1631 475
6357 5360
7784 6118
7166 2082
6096 3539
1352 7835
370 3936
1409 8375
2840 662
4335 917
670 7989
5026 3531
2807 1200
6972 6022
7566 7060
1941 3471
4296 8304
6005 4993
454 2204
94 3227
7018 3483
5593 4327
2517 4565
1351 2704
2941 7445
6411 5723
7983 7184
6169 7730
1082 5431
7038 2086
3828 493
1177 5516
3808 7483
3503 5254
2400 2900
687 6417
5132 7924
4538 5304
4900 7291
2382 5198
8342 461
3659 500
503 5434
5758 6177
2095 496
4391 1795
5162 6387
6623 89
3837 1715
6483 8383
3880 5517
516 4199
6621 674
8018 7207
4041 3110
6229 5503
3472 6493
5540 5197
5035 5741
1648 5130
7575 5787
2929 2804
8016 8236
4254 3810
8350 3142
1830 2378
628 8292
5656 1480
991 513
1606 3550
7235 5754
1737 8304
1459 2238
5708 1220
2170 6620
6314 4411
2461 2665
7256 2356
8065 8060
5638 2273
4622 4962
890 7131
8257 5083
4934 4517
7438 5173
7336 2694
5584 702
5251 4394
7093 3457
8010 2915
2529 5983
1591 7826
7925 6616
8402 3738
4930 2110
4100 63
3674 6999
6187 7923
7622 7347
1328 6222
6040 1937
3764 8179
7749 729
2353 3012
2096 5953
7907 2986
2398 3015
4870 184
3409 1023
6299 295
6467 7524
5802 3126
2228 8061
4913 6806
1547 3496
7785 6150
79 5457
6654 2593
6583 2967
1607 165
2184 1866
4082 2663
3768 7990
1416 2863
7552 4871
967 4881
1781 4811
192 4098
5103 5691
1259 6881
1825 442
4768 4964
7937 2229
2834 3689
5570 2942
4793 6430
7822 341
3935 1782
812 7556
5485 2956
4863 6709
6789 3795
5030 444
1182 7392
7315 956
7211 5952
2471 215
3979 2095
6910 1112
4417 1824
8162 1755
6506 7340
1402 4956
2513 1778
2234 1688
3745 4938
8199 5822
4195 6383
320 3866
214 1521
4044 1726
502 4484
2890 141
3670 8079
4969 8077
883 1790
7021 908
7706 3054
5317 6906
2659 4003
5788 3097
7719 8209
5767 7032
6424 1901
1431 5059
5172 6431
1597 153
7223 8133
8197 5067
6445 8418
7337 270
6370 3307
2381 5823
7642 7823
7676 3777
6059 6091
7634 8415
7093 7865
1993 3796
2384 6873
1893 6422
2135 4955
6475 7720
7322 1698
5188 1178
1410 1500
1472 1010
7545 8164
1334 6014
2919 3245
6088 1695
1835 5475
6562 8273
2991 4562
2759 7871
7551 200
2405 5625
1860 1395
7110 7078
5688 3185
3623 1165
2472 4401
7067 2541
720 4722
2619 7901
4675 1453
8353 3667
1857 1570
1629 1158
720 7165
2462 6025
7183 8056
3114 4929
5909 7915
7505 6375
2724 4181
4623 10
6498 2128
3564 7725
4984 4141
1546 4122
262 3072
4620 3351
6456 3151
4709 2571
3412 526
1379 4540
2769 4242
2216 3297
204 3408
3816 5666
4167 7619
2509 6409
379 2310
713 4069
1089 8304
7177 2460
430 257
6802 2290
7497 219
6412 2065
5741 7770
2073 1488
6168 1751
8036 833
98 3101
5145 4673
4003 5214
6767 5655
2758 5330
6289 3593
7141 2641
7872 6403
928 2745
200 6858
7408 6859
8065 2013
215 6796
2427 2196
1372 792
5050 6164
7637 5063
3018 1103
4700 4979
5353 1119
7564 5138
583 7983
5316 6444
44 6005
7181 7812
3258 673
3318 6074
3556 4028
7970 6294
5149 866
4066 92
3942 3084
4108 5595
7419 8315
1375 7671
7191 3388
4767 4177
366 1463
7848 5285
7081 6212
4111 8004
5377 252
1822 908
3031 5845
2782 5906
4282 868
3551 3285
7231 2862
6067 1737
4461 2528
7085 2985
3764 6491
4902 3860
3802 4860
1675 7552
3773 617
1348 5803
4862 3442
3880 2404
3133 2024
7328 168
6415 5754
52 6465
5335 5489
7396 6326
665 2064
3456 6388
122 4428
4106 884
5977 5211
6379 7689
1781 7100
1183 7002
6258 3041
5859 2252
3529 6865
1798 5633
3377 5831
4329 2827
3618 779
3215 2325
6268 5461
3933 1240
925 2736
7761 8194
1793 2886
8370 4142
4367 5623
5449 6235
5827 5071
4473 7772
4446 724
3278 6803
8278 4699
6356 1546
1756 4859
4893 3294
7184 3208
4151 2055
6679 2892
3493 1419
6136 6166
148 6620
2556 2969
1608 5710
7055 2548
5320 2598
4307 5372
6264 2661
7190 3179
3676 91
4935 6840
2345 5209
851 5056
5926 5878
7737 7538
4664 4441
1869 7473
299 4431
6480 1852
2041 2642
4966 6099
3641 4723
3397 5680
5915 7308
5339 3660
1263 1159
1503 5419
1384 2347
4501 3904
2831 3533
6143 4963
4729 4619
108 4109
3930 7777
6643 5638
6995 4987
4802 4686
7188 2848
2611 1382
3926 1224
69 655
4990 5278
4591 3134
1155 4365
4568 6955
7599 8164
3040 5571
1485 5279
3071 6711
2681 953
4912 3273
5268 8187
4089 4735
5025 6103
1199 4346
4278 5129
900 2078
4380 5748
8193 2866
4583 4858
1637 253
4191 4201
6225 704
275 4418
118 5009
2750 4802
8290 8222
111 2063
7839 7848
2148 5351
3154 2240
7995 5199
2989 6459
6756 7959
5760 1225
254 4593
3399 6763
5513 7768
4746 3666
3359 4661
7937 919
449 2018
7500 5594
6221 6442
2002 4928
7476 7281
4321 3037
1555 654
6186 2494
6412 6522
753 6508
6889 4636
7994 2394
4478 7381
4051 1380
6883 7547
4709 2107
6060 2268
2325 132
6526 2351
3357 7418
7733 7881
1456 5650
344 695
3478 6404
4438 3750
2599 2342
7202 867
2782 5994
4827 1860
3098 2505
6983 3733
1875 253
85 962
2744 8028
5265 5294
7037 2389
8016 33
2603 2067
2119 7773
295 3137
190 4909
5712 3462
3736 6395
5317 7290
2392 2939
7233 4573
5694 5566
1543 4515
4687 2413
3017 259
7027 4079
2117 6730
856 5105
2275 5920
1536 880
7830 3890
3523 7131
7016 5088
4655 6482
6051 4167
5715 5337
8232 5199
5824 6203
2388 161
4483 1453
7688 67
3812 5569
579 8003
4299 8089
1715 2633
3298 8023
648 6795
5552 8030
4208 5763
1143 2262
2821 6847
83 2519
2895 6588
6398 5495
652 8078
1868 6427
841 893
2085 759
951 2819
2183 754
4596 4246
1954 3742
3267 7200
3079 2938
3047 2929
1720 3027
2255 6665
5399 1277
4786 4749
70 1821
4896 8238
198 8072
713 6659
7605 5502
4874 2194
7565 880
6719 7815
4163 2742
1192 1297
1874 4087
5213 4905
4078 1353
3888 5369
2269 4455
3838 1141
391 232
464 5541
5580 1387
2041 497
4267 3247
5527 7947
716 1794
8068 3501
1162 1688
1058 8266
5061 3315
4427 3419
7671 4506
5874 3790
8247 898
7025 4148
580 3585
6182 5703
2266 4339
5777 7326
7419 7605
3530 6530
4520 7792
4538 7863
19 7561
6986 2453
6886 2977
2112 7050
2049 6266
4942 840
5385 7255
3352 883
8083 8363
169 7906
3665 377
229 6076
2218 4721
7789 5117
7327 4342
922 3462
6618 6674
555 2244
3048 7414
4198 2761
5201 4780
1983 8376
4542 7270
3175 3015
4168 5607
2864 8123
8062 4975
7790 8253
5231 3573
6974 2710
7825 7573
4413 3665
8333 2216
1085 3555
72 7456
6636 2276
1148 3092
634 4513
6380 4654
6802 2728
7419 7421
8379 4614
3582 528
6037 4045
8386 4000
2631 2046
5548 3502
4057 6458
1502 4099
5380 426
945 8207
565 5146
2046 178
2970 8045
115 5284
8060 184
500 4198
7066 6903
7286 4562
4410 3703
7722 7437
3068 3696
4239 335
4605 6782
2224 7901
3540 1707
5535 1863
2939 3541
3402 4104
8073 3833
3061 3721
1457 5611
1069 2919
8281 2986
2949 4083
1263 394
5263 5736
6010 8134
635 4013
8038 6868
1372 4284
7435 4581
5532 5631
1861 590
2703 5
4923 6706
1879 4764
5486 2238
2982 4061
3928 6317
3077 7473
5163 5135
8328 4531
8221 5237
4241 6586
581 6841
8290 598
2241 3548
2373 7257
6344 955
3261 4894
4262 4068
2045 4648
5119 5495
3662 5662
5065 934
2489 7916
1992 1010
7918 2192
6857 2280
7423 7679
7594 2383
2666 8207
5298 5557
7415 3885
1178 8284
4383 6262
8077 2714
4141 1574
7973 2546
5915 204
8246 2990
1573 5845
457 4747
6215 4365
712 8316
5878 6908
6130 7539
6539 3697
5598 6702
8361 650
5526 895
3800 5569
5459 4397
3870 35
4857 7317
786 5866
3706 6566
8015 1073
5346 5371
6454 6274
153 6695
1003 7250
7818 8317
446 1659
1764 7941
2308 5752
9 7862
3435 3469
5740 3349
1215 6475
6369 1309
200 7967
1325 3135
1963 5866
540 7185
5589 5466
2372 481
1083 1877
6440 1727
302 2022
3484 2409
2651 4706
6550 7123
6945 1628
3160 3661
2300 3716
2879 5588
4838 7553
8374 8260
5980 4019
7336 828
2352 4294
2637 4718
3025 5626
422 2874
5683 7338
7797 731
728 5481
8200 5006
5543 3718
7498 6267
6022 7828
8084 6211
931 2241
7374 744
7755 618
5529 4146
8226 1376
4739 63
907 3737
2894 3644
5207 3223
479 7912
5063 5340
903 7997
7504 7342
6897 5304
2691 6082
7699 6304
7155 5164
138 1558
546 6961
4408 6227
6638 3957
2045 5213
2098 753
2592 1466
5888 4917
102 3202
4902 4266
1293 1561
3011 1152
2161 1396
2220 469
2984 8257
6993 5379
147 5741
1145 4366
314 3920
2557 2260
3232 296
7429 6486
864 5117
4231 803
4424 7627
3806 6175
1729 6866
3947 4796
7078 3116
5252 4805
7355 4382
7425 5188
7595 6164
4848 3785
243 1130
1427 835
1586 5603
236 1410
4159 5897
2160 2547
4175 8066
7395 3641
1690 3317
339 2779
6046 4954
5740 1429
6818 4075
5479 7186
594 5940
8330 308
6630 3639
6409 3684
4268 7753
6168 2910
6499 1026
1120 1016
5310 4414
1575 2185
4288 1119
8044 8359
8097 4250
316 7014
4543 3090
6697 7794
5754 5271
1734 5459
8108 2512
744 4634
6551 392
8389 4683
1829 2997
5038 1887
4613 1996
3698 5542
524 2174
4887 4421
1359 3060
6193 6905
681 494
831 2581
1011 2616
4948 4192
2393 6868
2770 2374
3896 6435
1660 574
8242 3748
5355 5089
6075 7867
266 6851
365 8274
1292 884
2759 4807
1245 855
3101 4262
7817 6196
6892 529
6865 2723
3103 5917
7051 241
7159 7576
6785 4698
2129 5554
5869 219
1215 321
3942 5390
1122 5070
6373 6757
2739 3527
6363 7956
5324 6292
3366 8222
2706 5004
3967 5411
2859 7158
6144 3132
7960 3820
5808 7991
6208 5596
5472 5488
7573 456
6775 3407
2239 2994
4731 336
2254 6890
2704 7214
2508 7731
5471 7285
3310 1408
6410 3986
7377 1211
7293 4748
1959 315
1323 1966
7206 5574
2223 7561
5864 7271
208 3378
7746 3144
3102 2680
7989 5228
5410 6664
8031 4956
3868 7650
283 7199
1721 669
3544 680
632 2608
7287 638
7940 8282
993 3901
3223 6112
1799 2553
3950 7586
5216 666
5476 5625
3919 3329
2941 7929
2090 7647
225 4224
7351 1256
5213 7824
3170 7625
7692 7034
8350 5528
6406 3761
528 7430
5371 1471
1863 3533
5451 6677
6684 7785
2133 5647
7984 1840
4945 30
3314 2524
361 7657
7200 7227
2729 4975
1779 859
3561 7666
221 6296
3768 2391
6026 5646
155 456
2288 1839
5679 6248
7897 2103
3307 719
684 4286
3930 4018
23 643
1457 7479
6891 6331
8001 5838
5439 3163
2272 645
7144 1498
340 4733
5618 6252
2794 7785
8192 4987
160 1294
1340 5134
6582 3368
8057 8287
7809 6916
8215 8083
3843 7508
194 5558
4976 975
936 3992
4521 6683
2151 4385
7216 4094
5189 706
1931 68
108 7310
3221 5150
21 611
5691 4137
3456 1290
8088 7220
6715 2343
6358 4916
6365 1870
3186 794
7936 1417
4867 3374
536 155
3635 935
6501 2121
7320 6880
4758 1849
1620 6921
6348 5190
6129 4942
2007 7610
6288 4482
8088 963
8078 7061
6143 8424
7016 415
4059 3552
3842 220
7094 7980
6266 4627
2004 5615
5875 8182
241 7412
7338 1913
1490 6381
5068 7873
5721 5631
5599 5062
600 2881
5115 2296
6205 7952
4471 1591
6985 7504
8263 7286
1447 2584
6791 7120
7046 6869
7941 3575
7333 8029
4883 1421
3152 8058
6311 2275
143 2578
7373 5515
7266 4543
8060 7734
6329 6712
4740 2335
5167 1044
2483 2021
3776 1625
6193 8217
1461 4717
6831 7081
2917 7698
715 2045
7690 3480
8103 5619
4321 3287
7568 7273
6438 3135
5660 1480
8334 8111
939 4151
3674 958
8329 3977
4846 7109
1399 2993
7621 7711
6111 3378
902 4806
2599 6759
1240 466
8260 2428
3953 3882
7349 1239
2994 4004
5519 730
2145 8390
8046 1287
4249 4946
215 5413
2625 5218
7474 1228
4580 4563
3093 3855
5136 4996
2663 6141
4133 5886
5457 8268
7102 3024
596 4260
8044 7816
4220 1213
7573 7328
7623 4217
7844 4974
2363 4150
1009 5002
3258 5513
2111 1749
2768 6114
606 1572
101 4968
5709 1714
6538 6900
1121 8117
3470 6642
120 2928
557 3564
1118 5540
8403 4799
8114 2434
4525 128
3439 3762
6699 5589
2747 6073
2577 2804
4359 6298
2396 4282
3779 4977
2837 5115
5371 2460
2295 1983
6506 5189
5546 8318
644 4915
7189 8389
7185 4224
4507 5352
83 3214
6324 6407
1694 2236
2140 1626
5103 6060
2027 1664
7702 416
3663 7927
976 8338
2427 6555
5006 6748
5981 2172
1879 8289
5124 4155
2667 2615
3731 4281
7370 525
2046 521
8208 399
2934 6173
1848 3112
107 4077
1553 1725
7114 1866
4238 3874
731 5660
1847 4531
4182 1315
1298 1914
2820 2411
1822 6627
489 2664
1308 8417
5652 2698
826 7524
23 4011
1489 4016
5986 4232
342 3951
3569 72
4677 6420
2184 3130
2982 906
6308 6793
6892 1315
24 1580
6957 2962
2995 2037
7267 7846
3686 1779
1026 1592
1563 5929
3295 5768
2586 5068
6980 5144
1348 207
4325 280
2404 2071
7751 363
1884 3182
8169 4131
2529 4968
5423 7827
5868 722
5622 7461
3210 6133
3717 5101
1999 1221
6015 3032
6822 8249
1294 8006
152 2096
6952 4252
216 3830
2695 4676
6520 3957
6337 2311
5951 1404
7440 4320
4419 1098
5717 4733
1505 5498
2470 8340
3149 7591
1992 2206
5200 7042
8275 503
7396 4751
6227 922
524 5335
7974 6779
6559 7216
8199 8186
1082 6967
7409 531
1650 1250
911 2920
5077 4949
1793 4579
800 7018
5300 5724
5856 3092
6359 1966
6462 6299
2053 4126
5986 7797
4798 2231
7863 2367
7478 3160
7369 6741
5252 4302
699 2194
8134 6919
7605 7469
4471 1114
4041 5701
3811 2315
4032 3269
7676 1405
2169 4234
3929 5913
1672 132
7708 8224
6584 4889
3997 2626
2447 2123
8050 6189
6610 7839
7079 4246
6275 417
2942 1818
5510 5775
2624 364
4133 686
3898 2830
380 7852
1584 2835
8011 3257
3506 5516
2752 2649
1753 7152
2386 679
443 2328
4076 3195
2033 2496
5018 5451
32 3895
7042 6287
5743 1632
7220 4981
1488 4706
5132 7989
4199 7389
5258 1114
5939 6088
3938 2880
1691 7717
8363 3396
3083 7490
955 3225
4826 2622
7522 6554
749 2789
8102 1994
7796 8392
2468 6041
6813 6999
2202 2915
354 864
4760 3553
1760 6220
8270 3383
1639 3463
2047 453
1014 4373
6561 414
4164 2338
2833 2457
3971 3009
6023 5457
5273 5885
845 6276
6423 3528
733 4234
6050 1889
5104 2598
3612 3090
5245 1522
3313 4933
4919 7593
726 6295
1407 7504
3142 3376
2259 5825
1059 2847
2506 1832
3414 4097
5160 436
7303 5263
5592 1449
1367 2274
7605 5246
7757 5980
4638 2645
7108 868
3303 6948
3430 7279
868 6617
242 3475
4004 1690
2089 4956
5923 5967
5254 6860
5164 7601
1338 7304
2495 6552
696 3498
7555 2531
5811 8103
362 5970
2647 1408
3785 5725
7979 3057
7057 6130
2784 5627
4393 410
7135 813
4292 4510
52 6553
3536 6199
878 2301
3095 7825
7761 6721
6355 7268
4129 4848
5309 1975
7454 3534
1012 7465
5644 6758
306 2648
872 122
4639 3380
5522 7766
2765 3783
7053 5161
646 4705
613 5007
4565 5801
1467 1157
3386 1973
1750 3430
259 5702
6459 7905
1406 4888
1234 7120
7998 1232
1478 5702
7838 6819
13 7160
3756 4630
3345 402
2688 5481
3207 4662
2657 7309
6138 4308
6941 5087
3520 6147
7311 1595
4076 7293
1700 2566
1692 2077
3266 321
3001 2839
2055 6679
7444 599
4123 5854
4159 7579
8007 2220
950 2928
3965 4877
3860 7373
4939 325
1366 5507
4721 7266
3414 5472
7164 6768
4795 7639
2808 3615
3426 2767
8305 3817
2332 3721
5818 7039
1028 4319
4075 5926
3522 3544
6276 1557
4009 489
6010 238
6929 1102
5913 3226
3205 1002
1104 1458
7417 887
7986 5261
1615 2727
5317 6401
7885 6913
4953 4673
5883 6035
8308 6483
2404 2460
6357 4084
490 3498
5645 5829
1022 5459
5079 77
214 551
782 24
7967 3344
6792 7782
4599 2030
7065 7759
8344 7460
6647 5399
1855 4258
8257 2501
5585 3134
2699 3636
7439 3880
5537 4965
5363 8184
7997 5432
8306 336
685 1027
2850 1300
2293 7612
7606 678
1429 8254
7511 406
2369 1656
5276 6557
738 7064
5632 6675
5126 1368
4632 8179
7921 4139
353 6544
4769 4091
3784 4146
3809 4404
6003 7482
8349 6337
6194 7547
5793 6532
5646 2019
7111 1541
7627 4669
2319 1501
809 5178
5577 6260
3892 2503
2218 7010
1111 6518
6808 4186
1746 3256
4672 4207
3781 4608
5021 6743
6881 3109
7819 4614
4724 1453
2250 2868
2190 5929
848 5285
2756 1471
3371 4639
2644 4485
3254 1037
6794 4989
8168 4750
2037 6309
3392 6310
6115 4371
1373 6493
1060 4644
995 7032
7590 4711
7220 5239
2964 4974
39 6543
369 3763
4 7908
5136 4547
6599 318
7461 5712
4760 5223
1878 2107
8294 6080
145 6026
6670 7529
7935 1843
4835 1351
3409 4100
3452 3705
5137 7594
7452 2996
7536 1447
3224 3740
5196 1057
4892 7923
2802 1296
614 5687
41 5369
6826 1763
4043 1993
3155 8151
4696 293
6879 4526
6609 795
2445 3685
4251 1361
3085 2587
2474 8019
3692 7182
2516 4977
4787 2623
1844 3550
5224 8224
2054 954
1617 4286
4662 6328
7170 6100
6575 7284
1612 4855
573 4906
2447 3634
3111 5285
656 5312
6840 7012
6260 1425
6358 3983
594 7843
4184 6246
1426 5364
4526 2790
1403 737
109 343
1570 291
6301 4923
6821 2207
511 3167
5332 2363
7982 1433
3509 1681
3172 5717
7521 2749
7565 1515
2106 7866
2899 5273
7986 7266
5657 2031
2912 1397
2738 5368
2412 6048
3239 2794
2502 1709
116 2955
4418 7750
4523 3766
1052 3798
1386 7668
4924 4151
7185 4105
6496 6606
7219 4476
2925 676
7352 1369
7539 905
5687 2097
7889 686
7147 8257
6701 2969
7391 7314
3311 5809
5467 1299
802 3956
6756 2885
5797 7614
2103 7983
7279 5350
1996 2841
7963 3092
5391 289
2851 703
117 544
2533 4484
5247 5290
5077 3787
4280 4718
8248 245
2502 8200
3741 1930
7384 8416
6418 5535
8243 4448
5851 6961
1804 7688
3328 512
6823 4268
6095 7934
3009 3610
3755 6036
6360 6810
3579 7216
2510 7567
434 5360
2948 1358
4274 1234
7941 297
6806 3044
609 7844
5612 946
936 506
942 5416
413 6866
6668 6180
755 8077
5013 6086
1060 5501
8104 3082
7689 1504
7361 4409
5908 3904
4027 7476
2303 8158
7914 4793
2806 957
2562 5839
1441 2376
2927 5924
3236 3863
3066 1137
6261 6874
